0 0.879850238257 0.0460526315789 0.0238257317903 0.0394736842105
0 0.75459496256 0.113360323887 0.0265486725664 0.0485829959514
0 0.583049693669 0.200910931174 0.0183798502383 0.0516194331984
0 0.554118447924 0.230769230769 0.0176991150442 0.0465587044534
0 0.545268890402 0.262651821862 0.0163376446562 0.0374493927126
0 0.691286589517 0.362348178138 0.0224642614023 0.0425101214575
0 0.663036078965 0.457489878543 0.0176991150442 0.0506072874494
0 0.743022464261 0.509615384615 0.0251872021784 0.0576923076923
0 0.819945541184 0.531882591093 0.0251872021784 0.0556680161943
0 0.844452008169 0.503542510121 0.0265486725664 0.0495951417004
0 0.930905377808 0.563765182186 0.0265486725664 0.0728744939271
