0 0.753069862147 0.88204592635 0.0410396716826 0.0920634920635
0 0.86729694833 0.738130582434 0.0341997264022 0.0687830687831
0 0.849171093337 0.875167619472 0.0266757865937 0.0592592592593
0 0.728446059137 0.60532634963 0.0341997264022 0.0804232804233
0 0.560183405238 0.800564444868 0.0259917920657 0.0582010582011
0 0.834807208248 0.413262857567 0.0362517099863 0.0708994708995
0 0.554027454486 0.392627936932 0.0246238030096 0.0529100529101
0 0.495887919602 0.608500952805 0.0246238030096 0.0634920634921
0 0.509567810163 0.336543280847 0.0218878248974 0.0359788359788
0 0.56462936967 0.28786603217 0.0225718194254 0.0486772486772
0 0.383028822475 0.397389841694 0.0218878248974 0.0582010582011
0 0.204164253391 0.32331576762 0.0225718194254 0.047619047619
0 0.142946743131 0.288395132699 0.0177838577291 0.037037037037
0 0.207242228768 0.513791958096 0.0205198358413 0.047619047619
0 0.423726496893 0.736543280847 0.0225718194254 0.0550264550265
0 0.467160149424 0.719612063916 0.0218878248974 0.042328042328
0 0.302317468166 0.704268148572 0.0191518467852 0.0455026455026
0 0.28145563506 0.319612063916 0.0184678522572 0.0359788359788
0 0.521879711668 0.589453333757 0.0205198358413 0.0402116402116
0 0.619690929178 0.585749630054 0.0191518467852 0.0391534391534
0 0.732550026305 0.377813122117 0.0287277701778 0.0592592592593
0 0.950402283487 0.512733757038 0.0294117647059 0.0751322751323
