0 0.510828426065 0.82379871436 0.0219092331768 0.0648648648649
0 0.0777298345159 0.552852768414 0.0164319248826 0.0364864864865
0 0.0863370332639 0.525825741387 0.0164319248826 0.0445945945946
0 0.105116375987 0.52379871436 0.0179968701095 0.0540540540541
0 0.302690710885 0.512312227874 0.018779342723 0.0554054054054
0 0.344552995705 0.479204119765 0.0164319248826 0.027027027027
0 0.228355812607 0.810960876522 0.0172143974961 0.0418918918919
0 0.182189928413 0.790014930576 0.018779342723 0.0459459459459
0 0.323034998835 0.740690606252 0.0156494522692 0.0472972972973
0 0.364897283655 0.800825741387 0.0148669796557 0.0378378378378
0 0.423191493358 0.723123038684 0.0156494522692 0.0256756756757
0 0.445491962841 0.743393308955 0.0179968701095 0.0472972972973
0 0.612158629508 0.77379871436 0.0242566510172 0.0648648648649
0 0.526869114641 0.741366281928 0.0226917057903 0.0594594594595
0 0.736180538741 0.72852844409 0.0266040688576 0.0391891891892
0 0.50182999101 0.557582498144 0.0195618153365 0.0459459459459
0 0.458011524657 0.421096011657 0.0179968701095 0.0540540540541
0 0.540953621683 0.316366281928 0.0226917057903 0.0662162162162
0 0.596117940932 0.327852768414 0.0203442879499 0.0432432432432
0 0.609028739054 0.350825741387 0.0226917057903 0.0675675675676
0 0.711923887724 0.292717633279 0.0234741784038 0.0648648648649
0 0.819905108381 0.385285200846 0.0344287949922 0.0824324324324
0 0.926712620118 0.246771687333 0.0258215962441 0.0945945945946
0 0.902455969101 0.605555471117 0.0320813771518 0.0743243243243
0 0.850030303999 0.654879795441 0.028951486698 0.0675675675676
0 0.763175843906 0.265690606252 0.0305164319249 0.0594594594595
0 0.827729834516 0.100150065711 0.0250391236307 0.05
0 0.850421540306 0.119744660306 0.0266040688576 0.0432432432432
0 0.246352682716 0.517717633279 0.0140845070423 0.022972972973
0 0.213097596644 0.583258173819 0.0164319248826 0.0432432432432
0 0.234224357208 0.625150065711 0.0148669796557 0.0432432432432
0 0.295648457364 0.791366281928 0.0156494522692 0.0297297297297
