0 0.652604166667 0.262037037037 0.0260416666667 0.0759259259259
0 0.56328125 0.130092592593 0.0223958333333 0.0657407407407
0 0.613020833333 0.139351851852 0.0208333333333 0.0583333333333
0 0.611458333333 0.263425925926 0.0197916666667 0.0564814814815
0 0.745052083333 0.318055555556 0.0296875 0.0824074074074
0 0.781510416667 0.581018518519 0.0234375 0.0601851851852
0 0.71875 0.549537037037 0.0239583333333 0.062037037037
0 0.664322916667 0.632407407407 0.0223958333333 0.0462962962963
0 0.604947916667 0.588425925926 0.0223958333333 0.0601851851852
0 0.58828125 0.61712962963 0.0171875 0.0527777777778
0 0.844270833333 0.663425925926 0.0322916666667 0.0472222222222
0 0.877864583333 0.143518518519 0.0307291666667 0.0722222222222
