0 0.782419733407 0.464610016809 0.0410790925812 0.0763016157989
0 0.702100910599 0.63830840101 0.0312691600245 0.064631956912
0 0.862738556215 0.579960106576 0.0361741263029 0.0520646319569
0 0.743486563572 0.202940357922 0.0343347639485 0.0592459605027
0 0.820739782456 0.10554358952 0.0306560392397 0.0421903052065
0 0.52705492654 0.651773392034 0.0257510729614 0.0574506283662
0 0.548207593615 0.456082189161 0.0263641937462 0.0520646319569
0 0.458385398643 0.39369439742 0.0171673819742 0.0421903052065
0 0.463903485706 0.661647718784 0.0183936235438 0.048473967684
0 0.43631305039 0.649529226863 0.0171673819742 0.04039497307
0 0.411788218998 0.409852386648 0.0183936235438 0.0457809694794
0 0.342199009924 0.647285061692 0.0165542611895 0.0305206463196
0 0.317980738925 0.680947539251 0.0122624156959 0.0278276481149
0 0.271690119673 0.670175546432 0.0128755364807 0.0206463195691
0 0.327177550697 0.654915223272 0.0147148988351 0.0278276481149
0 0.300506796558 0.507697988084 0.0128755364807 0.0368043087971
0 0.380519058974 0.5171234818 0.0122624156959 0.0305206463196
0 0.253909616914 0.491539998856 0.0128755364807 0.0314183123878
0 0.276595085951 0.433191704421 0.0128755364807 0.0296229802513
0 0.308170806368 0.400875725965 0.0159411404047 0.0368043087971
0 0.501610413971 0.313802117348 0.0202329858982 0.0529622980251
0 0.671444871359 0.423766210705 0.0214592274678 0.032315978456
0 0.680028562346 0.343425097599 0.0190067443286 0.0296229802513
0 0.756362100053 0.430049873183 0.0245248313918 0.0466786355476
