0 0.434162527592 0.301001305264 0.0240963855422 0.0357941834452
0 0.62508004381 0.543730611752 0.0407784986098 0.0626398210291
0 0.534718598027 0.189703766114 0.0361445783133 0.0458612975391
0 0.636664844552 0.208160141953 0.0361445783133 0.0604026845638
0 0.77382888533 0.203685869022 0.0361445783133 0.0447427293065
0 0.628787180048 0.15223173032 0.0370713623726 0.0313199105145
0 0.518963269019 0.323931954034 0.0250231696015 0.0302013422819
0 0.569009608222 0.337914056942 0.0342910101946 0.0469798657718
0 0.808119895525 0.682433072602 0.0342910101946 0.0492170022371
0 0.780316373745 0.519122110633 0.0379981464319 0.0604026845638
