0 0.0558901946064 0.872431568002 0.0473372781065 0.102362204724
0 0.209078886257 0.601902884087 0.0460223537147 0.103487064117
0 0.322162383955 0.822375325032 0.0381328073636 0.0854893138358
0 0.21663970151 0.237448440893 0.0401051939513 0.0944881889764
0 0.119992758709 0.148022119183 0.0387902695595 0.0776152980877
0 0.204147919787 0.0726565398802 0.034845496384 0.0753655793026
0 0.475351075606 0.493353952704 0.0315581854043 0.0911136107987
0 0.533207748847 0.78019309781 0.0328731097962 0.0933633295838
0 0.623937531884 0.767257214796 0.0262984878369 0.0719910011249
0 0.659111759366 0.738010870589 0.0203813280736 0.0652418447694
0 0.581531220247 0.36062054438 0.0230111768573 0.0708661417323
0 0.648592364232 0.357245966202 0.0230111768573 0.0753655793026
0 0.791590391845 0.697515932456 0.0236686390533 0.0517435320585
0 0.837941476658 0.743072737855 0.0190664036818 0.0483689538808
0 0.829065737013 0.452296584875 0.0197238658777 0.0584926884139
0 0.795863896119 0.288067113558 0.0230111768573 0.0517435320585
0 0.851419451674 0.31506373898 0.0197238658777 0.0494938132733
0 0.897113074291 0.399428193423 0.0190664036818 0.0562429696288
0 0.904673889544 0.702577799723 0.0184089414859 0.0393700787402
0 0.715653508216 0.500665538755 0.0190664036818 0.0382452193476
0 0.144318859958 0.795941129306 0.0374753451677 0.0776152980877
0 0.512168958577 0.262757777225 0.0315581854043 0.0753655793026
