0 0.739880557399 0.289162561576 0.0212342402123 0.0443349753695
0 0.666556071666 0.376354679803 0.021897810219 0.0571428571429
0 0.598208360982 0.402463054187 0.0205706702057 0.0522167487685
0 0.595885865959 0.245812807882 0.0225613802256 0.0443349753695
0 0.502322495023 0.269950738916 0.0225613802256 0.0492610837438
0 0.465162574652 0.216256157635 0.0212342402123 0.0443349753695
0 0.438619774386 0.239408866995 0.0252156602522 0.0669950738916
0 0.410418049104 0.147783251232 0.0285335102853 0.0709359605911
0 0.330457863305 0.357142857143 0.0265428002654 0.0699507389163
0 0.577637690776 0.550738916256 0.021897810219 0.0492610837438
0 0.606171201062 0.61921182266 0.0179163901792 0.04039408867
0 0.666224286662 0.604926108374 0.0199071001991 0.0354679802956
0 0.667551426676 0.633497536946 0.0199071001991 0.0275862068966
0 0.523556735236 0.601477832512 0.0225613802256 0.0443349753695
0 0.484737889847 0.551724137931 0.0205706702057 0.0610837438424
0 0.368613138686 0.608866995074 0.0258792302588 0.0610837438424
0 0.27903118779 0.653201970443 0.0311877903119 0.0709359605911
0 0.21798274718 0.124630541872 0.0325149303251 0.0699507389163
0 0.157597876576 0.51921182266 0.0391506303915 0.0748768472906
0 0.127405441274 0.479802955665 0.0345056403451 0.0453201970443
