0 0.163498098859 0.270914396887 0.0253485424588 0.0476653696498
0 0.343472750317 0.255836575875 0.0190114068441 0.056420233463
0 0.391318124208 0.293287937743 0.0158428390368 0.0379377431907
0 0.376742712294 0.269941634241 0.0196451204056 0.045719844358
0 0.0345373891001 0.276750972763 0.0272496831432 0.0418287937743
0 0.128643852978 0.441147859922 0.0304182509506 0.0690661478599
0 0.177439797212 0.372568093385 0.0316856780735 0.0544747081712
0 0.333650190114 0.540369649805 0.0145754119138 0.0496108949416
0 0.274081115336 0.632782101167 0.0247148288973 0.0573929961089
0 0.284220532319 0.462548638132 0.0234474017744 0.0476653696498
0 0.179340937896 0.68920233463 0.0240811153359 0.0476653696498
0 0.210392902408 0.700389105058 0.0278833967047 0.056420233463
0 0.114068441065 0.790856031128 0.0304182509506 0.0758754863813
0 0.346324461343 0.530642023346 0.0145754119138 0.0379377431907
