0 0.179874213836 0.544046466602 0.0616352201258 0.141335914811
0 0.115094339623 0.481122942885 0.051572327044 0.100677637948
0 0.175786163522 0.765730880929 0.0446540880503 0.0774443368829
0 0.245283018868 0.791384317522 0.0389937106918 0.0997095837367
0 0.353773584906 0.274443368829 0.0295597484277 0.0629235237173
0 0.483333333333 0.251694094869 0.0207547169811 0.0425943852856
0 0.466981132075 0.226524685382 0.0182389937107 0.0367860600194
0 0.535849056604 0.305905130687 0.0213836477987 0.0503388189739
0 0.56572327044 0.306873184898 0.0157232704403 0.0329138431752
0 0.519496855346 0.503872216844 0.0213836477987 0.0474346563408
0 0.456289308176 0.731364956438 0.0295597484277 0.0667957405615
