0 0.823232323232 0.196215139442 0.0387205387205 0.101593625498
0 0.97601010101 0.338645418327 0.0378787878788 0.107569721116
0 0.72095959596 0.157370517928 0.0277777777778 0.0996015936255
0 0.934764309764 0.625498007968 0.0345117845118 0.123505976096
0 0.864057239057 0.696215139442 0.0361952861953 0.117529880478
0 0.893939393939 0.756972111554 0.0286195286195 0.107569721116
0 0.583333333333 0.849601593625 0.026936026936 0.0856573705179
0 0.52904040404 0.778884462151 0.0260942760943 0.103585657371
0 0.507996632997 0.236055776892 0.0227272727273 0.093625498008
0 0.536195286195 0.137450199203 0.026936026936 0.0956175298805
0 0.433922558923 0.675298804781 0.0193602693603 0.0876494023904
0 0.345117845118 0.410358565737 0.020202020202 0.0756972111554
0 0.282407407407 0.333665338645 0.0260942760943 0.101593625498
0 0.225589225589 0.201195219124 0.016835016835 0.0717131474104
0 0.257154882155 0.676294820717 0.0159932659933 0.0537848605578
0 0.249158249158 0.71015936255 0.016835016835 0.0458167330677
0 0.307239057239 0.728087649402 0.016835016835 0.0498007968127
0 0.342592592593 0.632470119522 0.0218855218855 0.0657370517928
0 0.390151515152 0.740039840637 0.0193602693603 0.0737051792829
0 0.446127946128 0.240039840637 0.0151515151515 0.0657370517928
0 0.691498316498 0.717131474104 0.0159932659933 0.0597609561753
0 0.710437710438 0.707171314741 0.023569023569 0.0836653386454
