0 0.17267292818 0.365703947144 0.0413990007138 0.0711398544867
0 0.353615112334 0.54961663914 0.0292648108494 0.050929668553
0 0.395727888922 0.643796105591 0.0335474660956 0.0614389652385
0 0.419639380714 0.73878397948 0.03426124197 0.0687146321746
0 0.760110472791 0.677345014241 0.0371163454675 0.0654810024252
0 0.746905619115 0.844685353773 0.0406852248394 0.055780113177
0 0.688019109479 0.776779129035 0.02284082798 0.0282942603072
0 0.68409334217 0.728678886513 0.0249821556031 0.0436540016168
0 0.776884205839 0.632882605187 0.0378301213419 0.0299110751819
0 0.72727678257 0.50717524868 0.02284082798 0.0291026677445
0 0.811502335746 0.427547116101 0.0371163454675 0.0525464834276
0 0.746548731178 0.344281150054 0.0328336902213 0.0396119644301
0 0.567034098773 0.433610171881 0.0292648108494 0.0598221503638
0 0.546334598416 0.320433130652 0.0349750178444 0.069523039612
0 0.360395983141 0.339026501711 0.0328336902213 0.0598221503638
0 0.227633670507 0.0601259358259 0.0485367594575 0.053354890865
