0 0.290852391221 0.169708636117 0.0265548567435 0.088520055325
0 0.365275871305 0.143429244692 0.0300489168414 0.107883817427
0 0.336275172493 0.414521914125 0.0279524807827 0.0968188105118
0 0.237043865715 0.341907806241 0.0181691125087 0.0816044260028
0 0.462410742025 0.405531596006 0.025856044724 0.0926694329184
0 0.512375801424 0.507882909976 0.0265548567435 0.0816044260028
0 0.444591035526 0.802488719104 0.0223619846261 0.0705394190871
0 0.383794389824 0.831534362258 0.0265548567435 0.0788381742739
0 0.338721014562 0.892391900294 0.025856044724 0.0899031811895
0 0.303431007574 0.920054417583 0.0279524807827 0.0954356846473
0 0.621739882486 0.879252204581 0.0216631726066 0.0746887966805
0 0.593088589684 0.858505316615 0.025856044724 0.0525587828492
0 0.513424019453 0.767219009561 0.0244584206848 0.088520055325
0 0.638161964946 0.367495634734 0.0251572327044 0.0525587828492
0 0.667512069768 0.328768110529 0.0251572327044 0.060857538036
0 0.729706339509 0.601935468758 0.0265548567435 0.0484094052559
0 0.697910392619 0.820469355342 0.0244584206848 0.0622406639004
0 0.741935549852 0.913138788261 0.0286512928022 0.0705394190871
0 0.832082300376 0.846748746767 0.0202655485674 0.0594744121715
0 0.851299630914 0.451174749533 0.020964360587 0.0373443983402
0 0.910698652577 0.487136022009 0.020964360587 0.0594744121715
0 0.791201797231 0.768602135425 0.0181691125087 0.030428769018
0 0.650740581298 0.448408497804 0.020964360587 0.0539419087137
