0 0.830705295146 0.295060909578 0.015625 0.0425925925926
0 0.834351128479 0.205246094763 0.01875 0.0333333333333
0 0.713257378479 0.329320168837 0.0192708333333 0.0425925925926
0 0.667944878479 0.305709057726 0.0151041666667 0.0398148148148
0 0.796330295146 0.383486835504 0.0197916666667 0.037962962963
0 0.773413628479 0.50015350217 0.01875 0.0472222222222
0 0.735392795146 0.531634983652 0.01875 0.0453703703704
0 0.753101128479 0.553394242911 0.015625 0.0407407407407
0 0.861174045146 0.577005354022 0.0192708333333 0.0361111111111
0 0.738517795146 0.588579428096 0.0145833333333 0.0259259259259
0 0.590861545146 0.596449798467 0.0161458333333 0.0342592592593
0 0.564299045146 0.567746094763 0.0130208333333 0.0342592592593
0 0.566121961813 0.299690539207 0.0145833333333 0.0407407407407
0 0.461434461813 0.409875724393 0.0114583333333 0.0314814814815
0 0.511694878479 0.520986835504 0.0140625 0.0388888888889
0 0.460913628479 0.502468316985 0.0145833333333 0.0314814814815
0 0.411955295146 0.522838687356 0.009375 0.0240740740741
0 0.407528211813 0.53765350217 0.00989583333333 0.0185185185185
0 0.440601128479 0.544597946615 0.009375 0.0175925925926
0 0.428101128479 0.383949798467 0.0114583333333 0.0314814814815
0 0.394246961813 0.320523872541 0.0104166666667 0.0305555555556
0 0.486434461813 0.5422831318 0.0114583333333 0.0185185185185
0 0.551538628479 0.336264613281 0.0135416666667 0.0398148148148
0 0.654663628479 0.536264613281 0.0197916666667 0.0361111111111
0 0.696330295146 0.316820168837 0.0104166666667 0.0194444444444
