0 0.0274509803922 0.354613733906 0.0300653594771 0.0740343347639
0 0.11568627451 0.410944206009 0.0274509803922 0.0557939914163
0 0.228758169935 0.299892703863 0.0209150326797 0.0461373390558
0 0.270261437908 0.277360515021 0.0202614379085 0.0354077253219
0 0.292156862745 0.297210300429 0.0209150326797 0.0622317596567
0 0.321241830065 0.234978540773 0.0254901960784 0.0600858369099
0 0.459477124183 0.275214592275 0.0196078431373 0.0547210300429
0 0.369607843137 0.43025751073 0.0228758169935 0.049356223176
0 0.118300653595 0.577253218884 0.0261437908497 0.0536480686695
0 0.0745098039216 0.656115879828 0.0235294117647 0.0418454935622
0 0.225163398693 0.588519313305 0.0228758169935 0.0697424892704
0 0.18431372549 0.638412017167 0.0248366013072 0.0321888412017
0 0.328758169935 0.645922746781 0.0209150326797 0.0557939914163
0 0.389215686275 0.68025751073 0.0228758169935 0.0557939914163
0 0.470261437908 0.576716738197 0.018954248366 0.043991416309
0 0.48660130719 0.557403433476 0.016339869281 0.0311158798283
0 0.599019607843 0.55847639485 0.0228758169935 0.0783261802575
0 0.806535947712 0.56169527897 0.0209150326797 0.0354077253219
0 0.832679738562 0.582618025751 0.0222222222222 0.0515021459227
0 0.7 0.578326180258 0.0196078431373 0.0386266094421
0 0.569607843137 0.277896995708 0.0241830065359 0.0600858369099
0 0.533986928105 0.269313304721 0.0183006535948 0.0321888412017
0 0.64477124183 0.177575107296 0.016339869281 0.0354077253219
0 0.807843137255 0.19152360515 0.0196078431373 0.0375536480687
0 0.896405228758 0.537017167382 0.0267973856209 0.06330472103
0 0.916666666667 0.363733905579 0.0267973856209 0.049356223176
0 0.970588235294 0.449034334764 0.0156862745098 0.0568669527897
