0 0.645250976224 0.327940112179 0.0153524075366 0.0348583877996
0 0.633736670571 0.302885645948 0.0160502442428 0.0392156862745
0 0.601985100438 0.30125165902 0.0167480809491 0.0490196078431
0 0.598495916907 0.545260373617 0.0153524075366 0.0337690631808
0 0.540575470292 0.616066473835 0.0195394277739 0.0468409586057
0 0.468698289552 0.331752748345 0.0167480809491 0.0272331154684
0 0.499403104625 0.659094796275 0.0181437543615 0.0479302832244
0 0.478119085086 0.648746212397 0.0174459176553 0.0337690631808
0 0.270512664988 0.62042377231 0.0279134682484 0.0642701525054
0 0.221664095554 0.675434665556 0.0321004884857 0.0566448801743
0 0.276444276991 0.47390961109 0.0272156315422 0.0501089324619
0 0.29877505159 0.279465166646 0.0202372644801 0.0403050108932
0 0.371350069036 0.682515275578 0.023028611305 0.0403050108932
0 0.170024179294 0.367700460763 0.026517794836 0.062091503268
0 0.387400313279 0.356807214576 0.0174459176553 0.0315904139434
0 0.433457535889 0.714650351831 0.0188415910677 0.0610021786492
0 0.23806325815 0.709748391047 0.023028611305 0.0511982570806
