0 0.420141788979 0.211687771151 0.0192708333333 0.0703703703704
0 0.436808455646 0.324650734114 0.0161458333333 0.0481481481481
0 0.500610538979 0.339002585966 0.0197916666667 0.0583333333333
0 0.471443872313 0.352428511892 0.0177083333333 0.0444444444444
0 0.444881372313 0.219095178558 0.0166666666667 0.0462962962963
0 0.640975122313 0.281595178558 0.0203125 0.0490740740741
0 0.568579288979 0.391780363743 0.0192708333333 0.0490740740741
0 0.453995955646 0.605669252632 0.0192708333333 0.0490740740741
0 0.434985538979 0.635761845225 0.0197916666667 0.0462962962963
0 0.537068872313 0.566780363743 0.0177083333333 0.0509259259259
0 0.495662622313 0.640391474855 0.0171875 0.0407407407407
0 0.572745955646 0.595021104484 0.0171875 0.05
0 0.640193872313 0.640854437818 0.0197916666667 0.0287037037037
0 0.463110538979 0.206132215595 0.015625 0.0351851851852
0 0.730558455646 0.253354437818 0.0171875 0.0351851851852
0 0.724829288979 0.286224808188 0.0182291666667 0.0509259259259
0 0.788370955646 0.208909993373 0.0244791666667 0.0648148148148
0 0.853995955646 0.428354437818 0.0265625 0.0425925925926
0 0.755818872313 0.674187771151 0.0229166666667 0.0601851851852
0 0.844360538979 0.63344703041 0.0229166666667 0.0657407407407
0 0.869360538979 0.726039623003 0.028125 0.0657407407407
0 0.913631372313 0.252891474855 0.025 0.0657407407407
0 0.963110538979 0.626502585966 0.025 0.0555555555556
0 0.557381372313 0.198261845225 0.0125 0.0361111111111
