0 0.165525114155 0.0918972332016 0.031202435312 0.0553359683794
0 0.218417047184 0.229249011858 0.0304414003044 0.0592885375494
0 0.28500761035 0.304347826087 0.031202435312 0.0573122529644
0 0.345129375951 0.157114624506 0.0266362252664 0.0415019762846
0 0.437214611872 0.250494071146 0.0235920852359 0.0444664031621
0 0.492389649924 0.229249011858 0.0243531202435 0.0434782608696
0 0.513698630137 0.267292490119 0.0304414003044 0.0642292490119
0 0.575722983257 0.201086956522 0.0327245053272 0.0760869565217
0 0.766742770167 0.320158102767 0.0281582952816 0.0671936758893
0 0.581430745814 0.446146245059 0.0319634703196 0.0602766798419
0 0.134703196347 0.449604743083 0.0228310502283 0.0395256916996
0 0.12100456621 0.477766798419 0.0243531202435 0.0345849802372
0 0.197108066971 0.508399209486 0.0213089802131 0.0365612648221
0 0.253805175038 0.4604743083 0.0251141552511 0.0494071146245
0 0.357305936073 0.524209486166 0.0251141552511 0.0583003952569
0 0.291095890411 0.551877470356 0.0266362252664 0.0286561264822
0 0.456621004566 0.65266798419 0.0304414003044 0.0642292490119
0 0.528919330289 0.751482213439 0.0304414003044 0.0662055335968
0 0.693683409437 0.703557312253 0.0342465753425 0.0652173913043
0 0.732496194825 0.686758893281 0.031202435312 0.0316205533597
0 0.958904109589 0.333003952569 0.0365296803653 0.0474308300395
