0 0.0649789029536 0.177314211213 0.0253164556962 0.0599739243807
0 0.0590717299578 0.0508474576271 0.0303797468354 0.0469361147327
0 0.255274261603 0.22555410691 0.031223628692 0.0599739243807
0 0.328691983122 0.192307692308 0.0244725738397 0.0560625814863
0 0.120675105485 0.301825293351 0.0320675105485 0.0534550195567
0 0.157805907173 0.466101694915 0.0303797468354 0.0664928292047
0 0.2194092827 0.510430247718 0.0303797468354 0.0638852672751
0 0.190717299578 0.541069100391 0.0253164556962 0.0573663624511
0 0.015611814346 0.574315514993 0.031223628692 0.0508474576271
0 0.214345991561 0.590612777053 0.0236286919831 0.0365058670143
0 0.45358649789 0.601694915254 0.0261603375527 0.0482398956975
0 0.496624472574 0.561277705346 0.0210970464135 0.0482398956975
0 0.493670886076 0.183833116037 0.0236286919831 0.0573663624511
0 0.663291139241 0.338983050847 0.0185654008439 0.0443285528031
0 0.581856540084 0.495436766623 0.0227848101266 0.0547588005215
0 0.664135021097 0.469361147327 0.0236286919831 0.0443285528031
0 0.743459915612 0.498044328553 0.0151898734177 0.0338983050847
0 0.750632911392 0.51890482399 0.0160337552743 0.026075619296
0 0.697046413502 0.528683181226 0.0151898734177 0.0247718383312
0 0.717299578059 0.302477183833 0.0185654008439 0.0443285528031
0 0.772151898734 0.213168187744 0.0168776371308 0.0430247718383
0 0.622784810127 0.525423728814 0.0185654008439 0.026075619296
0 0.517299578059 0.235332464146 0.02194092827 0.0560625814863
0 0.350210970464 0.516949152542 0.0320675105485 0.0508474576271
0 0.282700421941 0.207953063885 0.0168776371308 0.0273794002608
