0 0.881697677458 0.130892330583 0.0374531835206 0.0579399141631
0 0.867839999556 0.444197051613 0.0397003745318 0.0836909871245
0 0.658476703676 0.118553274789 0.034456928839 0.0461373390558
0 0.707165842252 0.369626236163 0.0224719101124 0.0568669527897
0 0.623270711166 0.332609068781 0.0224719101124 0.049356223176
0 0.721772583825 0.480677738309 0.0337078651685 0.0622317596567
0 0.654356853488 0.608360141742 0.0262172284644 0.0536480686695
0 0.731510411541 0.64108546363 0.0247191011236 0.0547210300429
0 0.589188314162 0.687759283373 0.0247191011236 0.0515021459227
0 0.497802546372 0.594948124575 0.0187265917603 0.0375536480687
0 0.467839999556 0.63786657951 0.0187265917603 0.0418454935622
0 0.436379325398 0.697415935734 0.0172284644195 0.0364806866953
0 0.412409287945 0.479604776935 0.0172284644195 0.0364806866953
0 0.397428014537 0.459218510841 0.012734082397 0.0321888412017
0 0.370461722402 0.570806493673 0.012734082397 0.0278969957082
0 0.346866216784 0.557394476506 0.0119850187266 0.0268240343348
0 0.368963595061 0.664690613845 0.0112359550562 0.0225321888412
0 0.388064718657 0.491943832729 0.0104868913858 0.0203862660944
0 0.392933632515 0.679175592386 0.00973782771536 0.0236051502146
0 0.429637752365 0.636793618137 0.0112359550562 0.0289699570815
0 0.511660224275 0.647523231871 0.0119850187266 0.0225321888412
0 0.507914905923 0.663617652472 0.0149812734082 0.0160944206009
0 0.618776329144 0.232287180369 0.0149812734082 0.0289699570815
