0 0.511197916667 0.289351851852 0.0171875 0.0361111111111
0 0.562760416667 0.197222222222 0.0182291666667 0.0518518518519
0 0.607291666667 0.308333333333 0.0197916666667 0.0481481481481
0 0.70234375 0.278240740741 0.0161458333333 0.037962962963
0 0.634114583333 0.224537037037 0.0161458333333 0.0398148148148
0 0.661197916667 0.491666666667 0.0161458333333 0.037037037037
0 0.628125 0.50462962963 0.01875 0.0555555555556
0 0.734114583333 0.570833333333 0.0192708333333 0.0546296296296
0 0.67890625 0.225462962963 0.0161458333333 0.0305555555556
0 0.780989583333 0.317592592593 0.0203125 0.05
0 0.777604166667 0.620833333333 0.0197916666667 0.0472222222222
0 0.808072916667 0.65787037037 0.0213541666667 0.0509259259259
0 0.847916666667 0.634722222222 0.01875 0.0490740740741
0 0.902083333333 0.594444444444 0.0166666666667 0.0425925925926
0 0.819270833333 0.390740740741 0.0177083333333 0.05
0 0.899739583333 0.225 0.0213541666667 0.0444444444444
0 0.955729166667 0.155555555556 0.015625 0.0314814814815
0 0.96015625 0.263888888889 0.0234375 0.0555555555556
0 0.980208333333 0.487962962963 0.025 0.062962962963
