0 0.0419270833333 0.286111111111 0.0421875 0.087037037037
0 0.172395833333 0.104166666667 0.0302083333333 0.0601851851852
0 0.0208333333333 0.540277777778 0.034375 0.112037037037
0 0.157291666667 0.666203703704 0.0322916666667 0.0564814814815
0 0.301822916667 0.633333333333 0.0203125 0.0537037037037
0 0.329427083333 0.657407407407 0.0244791666667 0.062962962963
0 0.392447916667 0.601851851852 0.0223958333333 0.0703703703704
0 0.4546875 0.508333333333 0.0239583333333 0.0592592592593
0 0.3203125 0.1625 0.0229166666667 0.0490740740741
0 0.4875 0.168055555556 0.0208333333333 0.0638888888889
0 0.519791666667 0.187962962963 0.01875 0.0574074074074
0 0.53359375 0.222685185185 0.0171875 0.0527777777778
0 0.324739583333 0.27962962963 0.0255208333333 0.0722222222222
0 0.413541666667 0.408796296296 0.0197916666667 0.0546296296296
0 0.217708333333 0.15462962963 0.021875 0.0518518518519
0 0.245572916667 0.730092592593 0.0223958333333 0.0731481481481
