0 0.136668473276 0.36942401216 0.0281517747858 0.0408759124088
0 0.20398793472 0.251175836978 0.030599755202 0.0583941605839
0 0.295787200326 0.355555399021 0.0330477356181 0.0540145985401
0 0.444502010607 0.28840211435 0.0269277845777 0.0423357664234
0 0.324550970216 0.254825472014 0.0269277845777 0.0452554744526
0 0.413902255405 0.535847369824 0.0269277845777 0.0408759124088
0 0.362494666666 0.56139481508 0.03182374541 0.0627737226277
0 0.545481202774 0.595701384423 0.0330477356181 0.0613138686131
0 0.397378387596 0.239497004861 0.0281517747858 0.0350364963504
0 0.577916943288 0.303730581503 0.0342717258262 0.0554744525547
0 0.624428571195 0.633657588802 0.0342717258262 0.0525547445255
0 0.680120125662 0.663584596102 0.0354957160343 0.0569343065693
0 0.740707640962 0.6234386107 0.03182374541 0.0554744525547
0 0.8221029898 0.559934961065 0.0281517747858 0.0481751824818
0 0.652580345981 0.36942401216 0.0293757649939 0.0554744525547
0 0.754783528355 0.159205034058 0.0354957160343 0.0496350364964
0 0.833730896776 0.064314523109 0.0269277845777 0.0350364963504
0 0.859434691146 0.18037291727 0.0391676866585 0.0627737226277
0 0.930426123214 0.416139340627 0.0416156670747 0.0700729927007
