0 0.551847903419 0.463584518367 0.0146853146853 0.0232126276695
0 0.566882868454 0.448264184105 0.0153846153846 0.0315691736305
0 0.59135839293 0.444085911125 0.0167832167832 0.0306406685237
0 0.710239511811 0.554113766278 0.0237762237762 0.0408542246982
0 0.730519232091 0.609824072685 0.0237762237762 0.0482822655525
0 0.800449302021 0.504902995619 0.0251748251748 0.0222841225627
0 0.599050700622 0.717066412517 0.0223776223776 0.0454967502321
0 0.58121853279 0.653463812703 0.0146853146853 0.033426183844
0 0.648701050272 0.783918780205 0.0237762237762 0.0380687093779
0 0.677022728594 0.781597517439 0.0202797202797 0.0315691736305
0 0.563036714608 0.635822215674 0.0118881118881 0.0241411327762
