0 0.694138237536 0.522704611814 0.0158127767236 0.0290350128096
0 0.680222994019 0.537222118219 0.0158127767236 0.0239111870196
0 0.736200223621 0.569673014888 0.0177103099304 0.0290350128096
0 0.787433620205 0.538503074666 0.0215053763441 0.0401366353544
0 0.856061071185 0.630304953403 0.0246679316888 0.0256191289496
0 0.827598073083 0.424924936323 0.0234029095509 0.0435525192143
0 0.764030710654 0.371124765529 0.0202403542062 0.0452604611443
0 0.744739123051 0.351483433334 0.0170777988615 0.0298889837746
0 0.71564361388 0.275907002933 0.0170777988615 0.0324508966695
0 0.861437415271 0.293840393198 0.0189753320683 0.0273270708796
