0 0.331255256827 0.176125903967 0.0247734138973 0.0329094988781
0 0.348475800634 0.221376464924 0.026586102719 0.0516080777861
0 0.40315858009 0.184727250264 0.0271903323263 0.0545998504114
0 0.173853444138 0.404248566644 0.029003021148 0.0508601346298
0 0.0826147734432 0.416589628724 0.0277945619335 0.0456245325355
0 0.137901782507 0.384054101424 0.0223564954683 0.0299177262528
0 0.253913867099 0.52915507375 0.0235649546828 0.0508601346298
0 0.299231087643 0.60843704832 0.0259818731118 0.0463724756918
0 0.432765830845 0.586746696787 0.0223564954683 0.0359012715034
0 0.457841359546 0.583006981005 0.0205438066465 0.0254300673149
0 0.377478821782 0.377696584595 0.0253776435045 0.0381451009723
0 0.53488063447 0.336185739419 0.0211480362538 0.0463724756918
0 0.435786978881 0.292057093196 0.0223564954683 0.0344053851907
0 0.199533202446 0.0523413115958 0.0247734138973 0.0336574420344
0 0.633067945649 0.375826726704 0.0205438066465 0.0299177262528
0 0.678083051389 0.408736225582 0.0283987915408 0.0613313388182
0 0.775968247763 0.397891049816 0.0187311178248 0.0336574420344
0 0.854215981902 0.508212665373 0.0229607250755 0.0239341810022
0 0.689261299123 0.538130391626 0.0253776435045 0.0359012715034
0 0.595303595195 0.669768387138 0.0271903323263 0.0448765893792
0 0.805877613322 0.845535028873 0.02416918429 0.0403889304413
0 0.825515075558 0.88068835722 0.0211480362538 0.0523560209424
0 0.685031691872 0.775602343757 0.026586102719 0.0381451009723
0 0.921889697915 0.623769883024 0.029003021148 0.0411368735976
