0 0.80859375 0.677777777778 0.0505208333333 0.142592592593
0 0.685416666667 0.14537037037 0.0270833333333 0.0740740740741
0 0.671875 0.639351851852 0.0291666666667 0.0694444444444
0 0.730208333333 0.0476851851852 0.0395833333333 0.0787037037037
0 0.54375 0.22962962963 0.01875 0.062962962963
0 0.492708333333 0.594907407407 0.0208333333333 0.0490740740741
0 0.490104166667 0.423611111111 0.0177083333333 0.0564814814815
0 0.600260416667 0.205555555556 0.0182291666667 0.0444444444444
0 0.615625 0.247685185185 0.0177083333333 0.0638888888889
0 0.43203125 0.390740740741 0.00989583333333 0.0222222222222
0 0.520572916667 0.248611111111 0.0151041666667 0.0324074074074
0 0.582552083333 0.473148148148 0.0171875 0.05
