0 0.357291666667 0.759722222222 0.034375 0.0935185185185
0 0.516145833333 0.621759259259 0.0302083333333 0.0694444444444
0 0.61484375 0.471759259259 0.0473958333333 0.0731481481481
0 0.68828125 0.368055555556 0.0328125 0.0972222222222
0 0.2921875 0.640277777778 0.021875 0.0546296296296
0 0.282291666667 0.486574074074 0.0229166666667 0.0712962962963
0 0.294270833333 0.450925925926 0.0197916666667 0.0444444444444
0 0.4453125 0.19212962963 0.0322916666667 0.0712962962963
0 0.460677083333 0.0342592592593 0.0359375 0.0592592592593
0 0.411979166667 0.205555555556 0.0208333333333 0.0333333333333
0 0.474479166667 0.406944444444 0.0291666666667 0.0712962962963
0 0.541666666667 0.306481481481 0.0333333333333 0.0611111111111
0 0.325260416667 0.230092592593 0.0161458333333 0.0564814814815
0 0.254166666667 0.260648148148 0.0166666666667 0.0509259259259
0 0.224739583333 0.417592592593 0.0119791666667 0.0518518518519
0 0.217447916667 0.413425925926 0.00885416666667 0.0490740740741
0 0.24765625 0.580092592593 0.0130208333333 0.0305555555556
0 0.203645833333 0.602314814815 0.0166666666667 0.0509259259259
0 0.3640625 0.154166666667 0.01875 0.0416666666667
