0 0.0361155698234 0.162295081967 0.0497592295345 0.0732240437158
0 0.0304975922953 0.330054644809 0.0545746388443 0.0918032786885
0 0.209069020867 0.737704918033 0.0473515248796 0.0546448087432
0 0.274077046549 0.693989071038 0.0361155698234 0.0612021857923
0 0.331059390048 0.737704918033 0.0329052969502 0.0699453551913
0 0.439807383628 0.667213114754 0.0304975922953 0.0601092896175
0 0.486356340289 0.748633879781 0.0288924558587 0.0546448087432
0 0.286918138042 0.260109289617 0.0329052969502 0.0830601092896
0 0.329052969502 0.24043715847 0.0337078651685 0.0502732240437
0 0.389646869984 0.218032786885 0.0329052969502 0.0732240437158
0 0.47191011236 0.474316939891 0.0272873194222 0.0459016393443
0 0.0104333868379 0.681420765027 0.0208667736758 0.0841530054645
0 0.0963081861958 0.597267759563 0.0369181380417 0.0382513661202
0 0.618780096308 0.67868852459 0.0192616372392 0.0371584699454
0 0.626404494382 0.372131147541 0.0184590690209 0.0251366120219
0 0.682182985554 0.402732240437 0.0192616372392 0.0448087431694
0 0.561797752809 0.621857923497 0.0192616372392 0.024043715847
0 0.533306581059 0.639344262295 0.0248796147673 0.0306010928962
0 0.77849117175 0.62349726776 0.016051364366 0.0360655737705
0 0.731942215088 0.656830601093 0.016051364366 0.0349726775956
0 0.670144462279 0.614207650273 0.0192616372392 0.0349726775956
0 0.843499197432 0.4 0.0128410914928 0.0262295081967
0 0.819823434992 0.377049180328 0.0152487961477 0.0349726775956
0 0.389245585875 0.330601092896 0.0304975922953 0.0491803278689
0 0.700642054575 0.392349726776 0.0144462279294 0.0196721311475
0 0.516051364366 0.326229508197 0.0128410914928 0.031693989071
0 0.83507223114 0.379234972678 0.0136436597111 0.0284153005464
