0 0.893081761006 0.719407265774 0.0452830188679 0.0869980879541
0 0.746540880503 0.48948374761 0.0440251572327 0.0879541108987
0 0.638364779874 0.676864244742 0.0364779874214 0.0726577437859
0 0.739308176101 0.179732313576 0.0383647798742 0.0803059273423
0 0.831761006289 0.103728489484 0.037106918239 0.065965583174
0 0.751257861635 0.0396749521989 0.0333333333333 0.0640535372849
0 0.491823899371 0.397227533461 0.0301886792453 0.0774378585086
0 0.436477987421 0.641013384321 0.0314465408805 0.0793499043977
0 0.349685534591 0.630019120459 0.0251572327044 0.0611854684512
0 0.316037735849 0.605162523901 0.0194968553459 0.0554493307839
0 0.390251572327 0.284416826004 0.0220125786164 0.0602294455067
0 0.326100628931 0.28154875717 0.0220125786164 0.0640535372849
0 0.189308176101 0.570745697897 0.022641509434 0.0439770554493
0 0.144968553459 0.609464627151 0.0182389937107 0.0411089866157
0 0.153459119497 0.362332695985 0.0188679245283 0.0497131931166
0 0.185220125786 0.22275334608 0.0220125786164 0.0439770554493
0 0.132075471698 0.24569789675 0.0188679245283 0.0420650095602
0 0.0883647798742 0.317399617591 0.0182389937107 0.0478011472275
0 0.0811320754717 0.575047801147 0.0176100628931 0.0334608030593
0 0.261949685535 0.4034416826 0.0182389937107 0.0325047801147
0 0.808490566038 0.654397705545 0.0358490566038 0.065965583174
0 0.456603773585 0.201242829828 0.0301886792453 0.0640535372849
