0 0.402794653706 0.411971830986 0.0121506682868 0.0258215962441
0 0.409477521264 0.448356807512 0.0133657351154 0.0281690140845
0 0.425577156744 0.381064162754 0.0139732685298 0.0203442879499
0 0.344775212637 0.423317683881 0.0127582017011 0.0250391236307
0 0.379708383961 0.378716744914 0.0121506682868 0.0234741784038
0 0.438335358445 0.598982785603 0.0115431348724 0.0211267605634
0 0.49787363305 0.532863849765 0.0103280680437 0.0203442879499
0 0.505164034022 0.525430359937 0.0103280680437 0.0164319248826
0 0.510631834751 0.408059467919 0.00789793438639 0.0164319248826
0 0.561360874848 0.5 0.00850546780073 0.0140845070423
0 0.54617253949 0.451095461659 0.00850546780073 0.0148669796557
0 0.489975698663 0.413536776213 0.00789793438639 0.0117370892019
0 0.463244228433 0.408059467919 0.00911300121507 0.0148669796557
0 0.490583232078 0.428794992175 0.00789793438639 0.0125195618153
0 0.558323207776 0.465962441315 0.00729040097205 0.0133020344288
0 0.579890643985 0.496870109546 0.00668286755772 0.00782472613459
0 0.565309842041 0.419405320814 0.00546780072904 0.0109546165884
0 0.469319562576 0.420970266041 0.00789793438639 0.0140845070423
