0 0.757575757576 0.148112294288 0.027079303675 0.0561471442401
0 0.7027724049 0.273959341723 0.027079303675 0.0600193610842
0 0.640876853643 0.33688286544 0.027079303675 0.0580832526621
0 0.601869761444 0.185382381413 0.0225660863959 0.0416263310745
0 0.517408123791 0.26137463698 0.0199871050935 0.0445304937076
0 0.472275950999 0.231848983543 0.0212765957447 0.0435624394966
0 0.45164410058 0.266214908035 0.0264345583495 0.0638915779284
0 0.404900064475 0.192642787996 0.0283687943262 0.0755082284608
0 0.235332043843 0.279767666989 0.0245003223727 0.0677637947725
0 0.38136686009 0.4298160697 0.0277240490006 0.0600193610842
0 0.756286266925 0.500484027106 0.0193423597679 0.0387221684414
0 0.765312701483 0.530009680542 0.0219213410703 0.0338818973863
0 0.698581560284 0.548402710552 0.0186976144423 0.0358180058083
0 0.655061250806 0.492255566312 0.0219213410703 0.0493707647628
0 0.563185041908 0.539206195547 0.0212765957447 0.0580832526621
0 0.616698903933 0.575992255566 0.0225660863959 0.0290416263311
0 0.470341715023 0.6490803485 0.0264345583495 0.0648596321394
0 0.401676337847 0.734269119071 0.0257898130239 0.0667957405615
0 0.266924564797 0.662633107454 0.0296582849774 0.0667957405615
0 0.235654416505 0.6403678606 0.0277240490006 0.0319457889642
0 0.0731785944552 0.262826718296 0.0315925209542 0.0474346563408
