0 0.641666666667 0.759722222222 0.034375 0.0935185185185
0 0.4828125 0.621759259259 0.0302083333333 0.0694444444444
0 0.384114583333 0.471759259259 0.0473958333333 0.0731481481481
0 0.310677083333 0.368055555556 0.0328125 0.0972222222222
0 0.706770833333 0.640277777778 0.021875 0.0546296296296
0 0.716666666667 0.486574074074 0.0229166666667 0.0712962962963
0 0.7046875 0.450925925926 0.0197916666667 0.0444444444444
0 0.553645833333 0.19212962963 0.0322916666667 0.0712962962963
0 0.53828125 0.0342592592593 0.0359375 0.0592592592593
0 0.586979166667 0.205555555556 0.0208333333333 0.0333333333333
0 0.524479166667 0.406944444444 0.0291666666667 0.0712962962963
0 0.457291666667 0.306481481481 0.0333333333333 0.0611111111111
0 0.673697916667 0.230092592593 0.0161458333333 0.0564814814815
0 0.744791666667 0.260648148148 0.0166666666667 0.0509259259259
0 0.77421875 0.417592592593 0.0119791666667 0.0518518518519
0 0.781510416667 0.413425925926 0.00885416666667 0.0490740740741
0 0.751302083333 0.580092592593 0.0130208333333 0.0305555555556
0 0.7953125 0.602314814815 0.0166666666667 0.0509259259259
0 0.634895833333 0.154166666667 0.01875 0.0416666666667
