0 0.912179822269 0.321068548387 0.0292733925771 0.0675403225806
0 0.786199686357 0.199596774194 0.0209095661265 0.0564516129032
0 0.718766335599 0.206653225806 0.0230005227392 0.0766129032258
0 0.741244119185 0.177419354839 0.0209095661265 0.0423387096774
0 0.685833768949 0.134072580645 0.0230005227392 0.0786290322581
0 0.54208050183 0.205141129032 0.0198640878202 0.0695564516129
0 0.642707788813 0.383064516129 0.0245687401986 0.0766129032258
0 0.913748039728 0.522177419355 0.0250914793518 0.070564516129
0 0.965237846315 0.612399193548 0.0277051751176 0.0493951612903
0 0.848667015159 0.626512096774 0.022477783586 0.0655241935484
0 0.801359121798 0.550403225806 0.0230005227392 0.0766129032258
0 0.695504443283 0.639616935484 0.0214323052797 0.0695564516129
0 0.63382122321 0.688508064516 0.0214323052797 0.0685483870968
0 0.546262415055 0.572580645161 0.0167276529012 0.0524193548387
0 0.52979613173 0.550907258065 0.0182958703607 0.0372983870968
0 0.465237846315 0.206653225806 0.0177731312075 0.0403225806452
0 0.428384736017 0.223286290323 0.0235232618923 0.0735887096774
0 0.344746471511 0.113407258065 0.0182958703607 0.0372983870968
0 0.410088865656 0.568044354839 0.0235232618923 0.0917338709677
0 0.305541035024 0.606350806452 0.019341348667 0.0493951612903
0 0.196811291166 0.603830645161 0.0203868269733 0.0524193548387
0 0.170674333508 0.632056451613 0.0235232618923 0.0584677419355
0 0.104547830633 0.582661290323 0.0282279142708 0.0685483870968
0 0.0175117616309 0.487399193548 0.0277051751176 0.0655241935484
0 0.179038159958 0.151209677419 0.019341348667 0.0423387096774
0 0.075535807632 0.377016129032 0.025614218505 0.0483870967742
0 0.986408782018 0.256048387097 0.0219550444328 0.0745967741935
