0 0.732568027211 0.415533980583 0.0212585034014 0.0427184466019
0 0.710034013605 0.333495145631 0.0204081632653 0.0398058252427
0 0.642857142857 0.419417475728 0.0204081632653 0.0485436893204
0 0.610969387755 0.256310679612 0.0263605442177 0.0388349514563
0 0.491071428571 0.578640776699 0.0297619047619 0.052427184466
0 0.440901360544 0.55145631068 0.0297619047619 0.0446601941748
0 0.593537414966 0.65145631068 0.0187074829932 0.0330097087379
0 0.385629251701 0.507281553398 0.0246598639456 0.0300970873786
0 0.41156462585 0.299029126214 0.0238095238095 0.0427184466019
0 0.478741496599 0.241747572816 0.0255102040816 0.0504854368932
0 0.345663265306 0.194660194175 0.031462585034 0.0631067961165
0 0.188350340136 0.526699029126 0.0246598639456 0.0339805825243
0 0.28231292517 0.123300970874 0.0340136054422 0.0601941747573
0 0.0922619047619 0.430097087379 0.0246598639456 0.0504854368932
0 0.0714285714286 0.483980582524 0.0187074829932 0.0456310679612
0 0.198129251701 0.121844660194 0.030612244898 0.0572815533981
0 0.50212585034 0.409223300971 0.031462585034 0.026213592233
0 0.555697278912 0.389805825243 0.0195578231293 0.0223300970874
0 0.646683673469 0.645631067961 0.0178571428571 0.0330097087379
