0 0.53643517979 0.417522884395 0.0171319796954 0.036379769299
0 0.526600154409 0.398889344023 0.0139593908629 0.0257320319432
0 0.579265129029 0.462332112434 0.0177664974619 0.0372670807453
0 0.678567159485 0.413529982887 0.0196700507614 0.0319432120674
0 0.499633149333 0.330122706933 0.0158629441624 0.0266193433895
0 0.479963098572 0.555499814298 0.0145939086294 0.0248447204969
0 0.469810814308 0.569696797439 0.0145939086294 0.0248447204969
0 0.552298123952 0.563929273038 0.0158629441624 0.0346051464064
0 0.51295802243 0.594985173659 0.0133248730964 0.0204081632653
0 0.590051931059 0.636245155913 0.0164974619289 0.039041703638
0 0.623998631567 0.612287746862 0.0209390862944 0.0443655723159
0 0.708389494511 0.712997596019 0.0222081218274 0.0505767524401
0 0.742018936135 0.427726966028 0.0196700507614 0.0461401952085
0 0.789290509739 0.387797950944 0.0241116751269 0.0496894409938
0 0.772158530044 0.784426167448 0.0291878172589 0.0514640638864
0 0.802615382836 0.563485617315 0.0266497461929 0.0354924578527
0 0.614163606186 0.346981624413 0.0190355329949 0.0266193433895
