0 0.0656742556918 0.622119815668 0.131348511384 0.172043010753
0 0.655866900175 0.539170506912 0.0542907180385 0.0645161290323
0 0.142732049037 0.124423963134 0.131348511384 0.15668202765
0 0.487740805604 0.0591397849462 0.0683012259194 0.0906298003072
0 0.207530647986 0.516129032258 0.0647985989492 0.0706605222734
0 0.18476357268 0.602150537634 0.0788091068301 0.0983102918587
0 0.237302977233 0.571428571429 0.0437828371278 0.073732718894
0 0.468476357268 0.510752688172 0.0402802101576 0.0660522273425
0 0.782837127846 0.10752688172 0.0420315236427 0.0430107526882
0 0.817863397548 0.1044546851 0.031523642732 0.0399385560676
