0 0.811680050747 0.51084432936 0.0310734463277 0.0522928399035
0 0.65419417504 0.433611827349 0.0324858757062 0.0587288817377
0 0.711044457526 0.452115447622 0.0261299435028 0.0362027353178
0 0.504123553572 0.67898592228 0.0331920903955 0.0667739340306
0 0.687033158091 0.817763074332 0.0261299435028 0.0466613032985
0 0.66937779086 0.776331055024 0.0331920903955 0.0265486725664
0 0.572979485775 0.33143966323 0.0197740112994 0.0313757039421
0 0.534843892555 0.490329446013 0.0254237288136 0.0386162510056
0 0.284137677865 0.553483106512 0.0183615819209 0.0297666934835
0 0.255889090295 0.553483106512 0.021186440678 0.0362027353178
0 0.21210377956 0.490329446013 0.024011299435 0.0386162510056
0 0.378417338882 0.627899840221 0.0190677966102 0.0273531777957
0 0.187033158091 0.406660902168 0.0190677966102 0.0353982300885
0 0.393954062046 0.289203138692 0.0162429378531 0.0289621882542
0 0.460338242837 0.341093725981 0.0204802259887 0.0233306516492
0 0.250239372781 0.368446903777 0.0183615819209 0.0297666934835
0 0.359702649617 0.351150041347 0.021186440678 0.0370072405471
0 0.248826943402 0.170136364758 0.0225988700565 0.0418342719228
0 0.212809994249 0.15645977586 0.0225988700565 0.0402252614642
0 0.189504909504 0.165309333383 0.021186440678 0.0321802091714
0 0.172908864306 0.386146018821 0.0162429378531 0.0313757039421
