0 0.271797153025 0.564958828911 0.0596085409253 0.0759377859103
0 0.474644128114 0.346752058554 0.0507117437722 0.0805123513266
0 0.506672597865 0.6010978957 0.0258007117438 0.0329368709973
0 0.656138790036 0.710887465691 0.0222419928826 0.0292772186642
0 0.615213523132 0.537968892955 0.0329181494662 0.0402561756633
0 0.72153024911 0.460201280878 0.0213523131673 0.0365965233303
0 0.705516014235 0.233760292772 0.0266903914591 0.028362305581
0 0.698398576512 0.321134492223 0.0195729537367 0.0219579139982
0 0.657028469751 0.32296431839 0.0275800711744 0.0365965233303
0 0.828736654804 0.543458371455 0.0169039145907 0.0256175663312
0 0.847864768683 0.553064958829 0.0160142348754 0.0173833485819
0 0.813167259786 0.500457456542 0.0195729537367 0.0256175663312
0 0.128113879004 0.423604757548 0.0320284697509 0.0585544373285
0 0.750889679715 0.631747483989 0.0160142348754 0.0210430009149
