0 0.724941724942 0.354771784232 0.020202020202 0.0373443983402
0 0.642968142968 0.355809128631 0.025641025641 0.0580912863071
0 0.597125097125 0.255705394191 0.024087024087 0.0404564315353
0 0.592463092463 0.293049792531 0.022533022533 0.0363070539419
0 0.538461538462 0.302385892116 0.026418026418 0.042531120332
0 0.538073038073 0.242738589212 0.027195027195 0.0539419087137
0 0.369075369075 0.327800829876 0.034188034188 0.0767634854772
0 0.599067599068 0.566908713693 0.027972027972 0.054979253112
0 0.470862470862 0.511410788382 0.027972027972 0.0601659751037
0 0.490287490287 0.460062240664 0.029526029526 0.0529045643154
0 0.40404040404 0.76244813278 0.03108003108 0.0560165975104
0 0.151903651904 0.147302904564 0.042735042735 0.0580912863071
0 0.0330225330225 0.178941908714 0.0536130536131 0.0840248962656
0 0.0493395493395 0.0269709543568 0.039627039627 0.0435684647303
0 0.0699300699301 0.538381742739 0.0574980574981 0.105809128631
0 0.0260295260295 0.487033195021 0.044289044289 0.0674273858921
0 0.109945609946 0.714730290456 0.044289044289 0.0643153526971
0 0.197746697747 0.759336099585 0.041181041181 0.0871369294606
