0 0.297135416667 0.334259259259 0.0130208333333 0.0388888888889
0 0.300520833333 0.381944444444 0.0125 0.0361111111111
0 0.3515625 0.317592592593 0.0104166666667 0.0277777777778
0 0.23515625 0.543055555556 0.0109375 0.0342592592593
0 0.222395833333 0.54537037037 0.0114583333333 0.0388888888889
0 0.315104166667 0.584259259259 0.0104166666667 0.0296296296296
0 0.170052083333 0.373148148148 0.00885416666667 0.0259259259259
0 0.0877604166667 0.419444444444 0.00572916666667 0.012962962963
0 0.0919270833333 0.426388888889 0.00572916666667 0.0138888888889
0 0.105208333333 0.560185185185 0.00833333333333 0.0185185185185
0 0.141145833333 0.547685185185 0.009375 0.0231481481481
0 0.139583333333 0.461574074074 0.0104166666667 0.025
0 0.197916666667 0.369907407407 0.009375 0.0212962962963
0 0.230989583333 0.352777777778 0.0109375 0.0277777777778
0 0.225 0.368981481481 0.00833333333333 0.0212962962963
0 0.20234375 0.393055555556 0.00885416666667 0.0231481481481
0 0.265625 0.301388888889 0.00833333333333 0.0175925925926
