0 0.840419501134 0.110432330827 0.0459183673469 0.115601503759
0 0.909297052154 0.0794172932331 0.046485260771 0.078007518797
0 0.799603174603 0.606672932331 0.0413832199546 0.0855263157895
0 0.684807256236 0.0488721804511 0.0283446712018 0.0545112781955
0 0.483843537415 0.174812030075 0.0198412698413 0.0545112781955
0 0.306405895692 0.154605263158 0.0232426303855 0.0686090225564
0 0.270408163265 0.170112781955 0.0204081632653 0.0545112781955
0 0.255385487528 0.203007518797 0.0209750566893 0.0432330827068
0 0.348072562358 0.509868421053 0.0181405895692 0.0573308270677
0 0.331065759637 0.503289473684 0.0170068027211 0.0347744360902
0 0.389739229025 0.407894736842 0.0209750566893 0.0507518796992
0 0.408446712018 0.603853383459 0.0232426303855 0.0686090225564
0 0.475340136054 0.656015037594 0.0209750566893 0.0601503759398
0 0.50141723356 0.629229323308 0.0209750566893 0.0441729323308
0 0.481009070295 0.291823308271 0.0243764172336 0.0592105263158
0 0.577664399093 0.179981203008 0.0215419501134 0.0422932330827
0 0.633786848073 0.659304511278 0.0181405895692 0.0498120300752
0 0.725056689342 0.318609022556 0.030612244898 0.0695488721805
0 0.736111111111 0.521616541353 0.0243764172336 0.0582706766917
0 0.831916099773 0.736842105263 0.0255102040816 0.0394736842105
0 0.787131519274 0.673872180451 0.0221088435374 0.0451127819549
