0 0.403726708075 0.158041958042 0.0472049689441 0.0755244755245
0 0.437888198758 0.0524475524476 0.0459627329193 0.0741258741259
0 0.267701863354 0.0783216783217 0.0509316770186 0.0643356643357
0 0.4 0.255944055944 0.0472049689441 0.0699300699301
0 0.449689440994 0.647552447552 0.0298136645963 0.0503496503497
0 0.160869565217 0.575524475524 0.0459627329193 0.0629370629371
0 0.11801242236 0.567132867133 0.032298136646 0.0601398601399
0 0.133540372671 0.196503496503 0.0434782608696 0.0685314685315
0 0.016149068323 0.267132867133 0.0273291925466 0.0503496503497
0 0.101863354037 0.22027972028 0.0298136645963 0.0405594405594
