0 0.633410009744 0.300065815851 0.0728155339806 0.0636515912898
0 0.856710980618 0.405593454042 0.0485436893204 0.036850921273
0 0.419817776734 0.332729132434 0.0728155339806 0.0686767169179
0 0.424672145666 0.27075258302 0.0728155339806 0.035175879397
0 0.24870127188 0.300903336789 0.0800970873786 0.0519262981575
0 0.144332339841 0.354504676822 0.0800970873786 0.0519262981575
0 0.694089621394 0.448307021881 0.0533980582524 0.035175879397
0 0.600643019453 0.475107691898 0.0655339805825 0.0485762144054
0 0.531468262171 0.716313722048 0.0825242718447 0.0753768844221
0 0.218361466054 0.732226619871 0.0728155339806 0.0636515912898
