0 0.823946644321 0.603719326534 0.0134138162307 0.0325991189427
0 0.838031151363 0.530151044596 0.0228034875922 0.0387665198238
0 0.734409420981 0.573763379398 0.0181086519115 0.0378854625551
0 0.773980178862 0.602838269265 0.0167672702884 0.0361233480176
0 0.806173337815 0.516494656931 0.0140845070423 0.0202643171806
0 0.677400702001 0.51341095649 0.0127431254192 0.0246696035242
0 0.592893659747 0.472441793494 0.0114017437961 0.0273127753304
0 0.588534169472 0.459225934464 0.0107310529846 0.0202643171806
0 0.566066027286 0.424864700983 0.0154258886653 0.0308370044053
0 0.673041211726 0.575525493935 0.0160965794769 0.0273127753304
0 0.724349058808 0.756142234023 0.0154258886653 0.0308370044053
0 0.670023103074 0.691384524772 0.0140845070423 0.0334801762115
0 0.645207543047 0.693587167944 0.0140845070423 0.025550660793
0 0.617709219774 0.678609194376 0.0127431254192 0.0308370044053
0 0.573778971618 0.676406551204 0.0147551978538 0.0193832599119
0 0.508386617494 0.645129018164 0.0127431254192 0.0290748898678
0 0.687461064174 0.758344877195 0.0140845070423 0.0229074889868
0 0.731726657735 0.808124612878 0.0167672702884 0.0273127753304
0 0.739104256662 0.785217123891 0.0167672702884 0.025550660793
0 0.501679709378 0.420899943274 0.0114017437961 0.0264317180617
0 0.4215321574 0.386538709794 0.0107310529846 0.0140969162996
0 0.38900365304 0.378168665741 0.0127431254192 0.025550660793
0 0.406776959546 0.328829458693 0.0107310529846 0.0132158590308
0 0.494972801263 0.50636249834 0.0140845070423 0.0193832599119
0 0.422538193617 0.557023291292 0.0127431254192 0.0237885462555
0 0.413819213067 0.536318445477 0.0114017437961 0.0123348017621
0 0.470492586642 0.594468225213 0.0120724346076 0.0229074889868
0 0.444000299586 0.622221529177 0.0127431254192 0.025550660793
0 0.359493257333 0.541164260455 0.0114017437961 0.0202643171806
0 0.347085477319 0.491825053406 0.0120724346076 0.0220264317181
0 0.312544900525 0.498873511556 0.0114017437961 0.0167400881057
0 0.255536181544 0.46891756442 0.0127431254192 0.0220264317181
0 0.230385276112 0.428388930058 0.0134138162307 0.025550660793
0 0.272303451833 0.467595978517 0.010060362173 0.0193832599119
0 0.304496610787 0.346891132702 0.0127431254192 0.0229074889868
0 0.21864818691 0.384336066622 0.0114017437961 0.0237885462555
0 0.241116329096 0.23764003138 0.0120724346076 0.0264317180617
0 0.222001640968 0.226626815521 0.0127431254192 0.0220264317181
0 0.208587824737 0.234996859574 0.0114017437961 0.0211453744493
0 0.206911097708 0.372882322129 0.0093896713615 0.0202643171806
0 0.492625383422 0.536758974111 0.0093896713615 0.0114537444934
0 0.650908414945 0.499754568825 0.0120724346076 0.025550660793
