0 0.162760416667 0.109722222222 0.0421875 0.113888888889
0 0.0994791666667 0.0791666666667 0.0427083333333 0.0768518518519
0 0.200260416667 0.598611111111 0.0380208333333 0.0842592592593
0 0.305729166667 0.0490740740741 0.0260416666667 0.0537037037037
0 0.490364583333 0.173148148148 0.0182291666667 0.0537037037037
0 0.653385416667 0.153240740741 0.0213541666667 0.0675925925926
0 0.686458333333 0.168518518519 0.01875 0.0537037037037
0 0.700260416667 0.200925925926 0.0192708333333 0.0425925925926
0 0.615104166667 0.503240740741 0.0166666666667 0.0564814814815
0 0.630729166667 0.496759259259 0.015625 0.0342592592593
0 0.576822916667 0.402777777778 0.0192708333333 0.05
0 0.559635416667 0.595833333333 0.0213541666667 0.0675925925926
0 0.498177083333 0.647222222222 0.0192708333333 0.0592592592593
0 0.47421875 0.620833333333 0.0192708333333 0.0435185185185
0 0.49296875 0.288425925926 0.0223958333333 0.0583333333333
0 0.404166666667 0.178240740741 0.0197916666667 0.0416666666667
0 0.352604166667 0.650462962963 0.0166666666667 0.0490740740741
0 0.26875 0.314814814815 0.028125 0.0685185185185
0 0.25859375 0.514814814815 0.0223958333333 0.0574074074074
0 0.170572916667 0.726851851852 0.0234375 0.0388888888889
0 0.21171875 0.664814814815 0.0203125 0.0444444444444
