0 0.648046495256 0.469747070685 0.0152905198777 0.0276073619632
0 0.640707045715 0.453642776206 0.0128440366972 0.0199386503067
0 0.682908880577 0.511924984795 0.0152905198777 0.0291411042945
0 0.776486862229 0.486234800746 0.0177370030581 0.0253067484663
0 0.621746801067 0.394210260869 0.0140672782875 0.0207055214724
0 0.58627279495 0.573274678047 0.0128440366972 0.0199386503067
0 0.575875241434 0.583627438783 0.0128440366972 0.0191717791411
0 0.650798788834 0.590529279274 0.0134556574924 0.0268404907975
0 0.61257248914 0.610084493998 0.011620795107 0.0153374233129
0 0.678933345409 0.65379615044 0.0146788990826 0.0306748466258
0 0.71134924755 0.639609033875 0.0183486238532 0.034509202454
0 0.779850776602 0.732400444918 0.0195718654434 0.0391104294479
0 0.832450164981 0.506556886636 0.017125382263 0.0368098159509
0 0.878321724614 0.480866702587 0.0207951070336 0.0391104294479
0 0.831532733788 0.799118236329 0.0250764525994 0.0406441717791
0 0.876486862229 0.624655046145 0.0232415902141 0.0276073619632
0 0.723581663452 0.423351365163 0.017125382263 0.0207055214724
