0 0.452864583333 0.20787037037 0.0203125 0.0675925925926
0 0.438541666667 0.212037037037 0.0145833333333 0.0574074074074
0 0.430989583333 0.12037037037 0.0192708333333 0.0592592592593
0 0.307552083333 0.124074074074 0.0223958333333 0.0555555555556
0 0.396875 0.285648148148 0.0208333333333 0.0453703703704
0 0.197135416667 0.214351851852 0.0255208333333 0.0638888888889
0 0.140104166667 0.252314814815 0.0229166666667 0.0583333333333
0 0.122395833333 0.233796296296 0.0197916666667 0.0472222222222
0 0.259895833333 0.585648148148 0.0260416666667 0.0675925925926
0 0.41875 0.603240740741 0.0197916666667 0.0453703703704
0 0.433854166667 0.640740740741 0.0166666666667 0.0481481481481
0 0.131770833333 0.598611111111 0.0229166666667 0.0416666666667
0 0.0130208333333 0.470833333333 0.021875 0.0472222222222
0 0.0307291666667 0.23287037037 0.0197916666667 0.0416666666667
0 0.0557291666667 0.275462962963 0.0229166666667 0.0527777777778
