0 0.306770833333 0.275 0.0145833333333 0.0314814814815
0 0.2953125 0.247685185185 0.015625 0.0435185185185
0 0.273177083333 0.229166666667 0.0171875 0.0416666666667
0 0.1328125 0.306944444444 0.025 0.0564814814815
0 0.10078125 0.367592592593 0.0244791666667 0.0666666666667
0 0.0572916666667 0.194444444444 0.0260416666667 0.0296296296296
0 0.202604166667 0.577777777778 0.0229166666667 0.062962962963
0 0.234635416667 0.505555555556 0.0151041666667 0.0462962962963
0 0.139583333333 0.636574074074 0.0239583333333 0.0527777777778
0 0.1125 0.618518518519 0.0208333333333 0.0444444444444
0 0.25625 0.491666666667 0.0114583333333 0.0333333333333
