0 0.574739583333 0.302314814815 0.0140625 0.0416666666667
0 0.579427083333 0.360648148148 0.0161458333333 0.0453703703704
0 0.541145833333 0.273148148148 0.0166666666667 0.0333333333333
0 0.640104166667 0.277314814815 0.0145833333333 0.0398148148148
0 0.589322916667 0.236574074074 0.0140625 0.037962962963
0 0.595833333333 0.602314814815 0.0135416666667 0.0342592592593
0 0.511979166667 0.547222222222 0.0114583333333 0.0333333333333
0 0.502083333333 0.54212962963 0.0114583333333 0.0268518518519
0 0.459635416667 0.373611111111 0.00885416666667 0.0268518518519
0 0.434375 0.544907407407 0.009375 0.0212962962963
0 0.43515625 0.462037037037 0.00989583333333 0.0240740740741
0 0.483072916667 0.366666666667 0.00885416666667 0.0185185185185
0 0.509895833333 0.339814814815 0.0104166666667 0.0240740740741
0 0.487239583333 0.389814814815 0.00885416666667 0.0203703703704
0 0.427083333333 0.493055555556 0.00833333333333 0.0212962962963
0 0.413541666667 0.553703703704 0.00729166666667 0.012962962963
0 0.404947916667 0.42962962963 0.00572916666667 0.0166666666667
0 0.50703125 0.362962962963 0.00885416666667 0.0222222222222
