0 0.249795249795 0.183514774495 0.03276003276 0.0777604976672
0 0.341523341523 0.341368584759 0.021294021294 0.045101088647
0 0.150696150696 0.199066874028 0.03276003276 0.0839813374806
0 0.158067158067 0.122083981337 0.03276003276 0.0419906687403
0 0.0761670761671 0.139191290824 0.036036036036 0.0637636080871
0 0.0241605241605 0.192846034215 0.035217035217 0.0653188180404
0 0.263718263718 0.375583203733 0.022932022932 0.0419906687403
0 0.219082719083 0.398133748056 0.028665028665 0.0590979782271
0 0.165847665848 0.688958009331 0.036855036855 0.0933125972006
0 0.022932022932 0.671850699844 0.03276003276 0.0777604976672
