0 0.654558872014 0.450626196562 0.011801242236 0.0207336523126
0 0.608906698101 0.429095096083 0.0149068322981 0.0318979266348
0 0.599589927914 0.363704346482 0.0136645962733 0.0223285486443
0 0.591204834747 0.382045654297 0.0130434782609 0.0207336523126
0 0.560148934126 0.372077552224 0.0155279503106 0.0231259968102
0 0.569465704312 0.340578349672 0.0155279503106 0.0287081339713
0 0.462633406175 0.339780901506 0.0192546583851 0.0414673046252
0 0.551453281952 0.528776116817 0.0155279503106 0.030303030303
0 0.489652039716 0.464581539465 0.016149068323 0.0326953748006
0 0.508596139095 0.442651714903 0.0167701863354 0.0287081339713
0 0.412943965181 0.57941407535 0.0180124223602 0.0311004784689
0 0.371950176362 0.185075957328 0.0242236024845 0.0318979266348
0 0.301142722945 0.169525718093 0.0304347826087 0.0454545454545
0 0.33437253661 0.0933694182526 0.0223602484472 0.0239234449761
0 0.264186201206 0.369685207726 0.032298136646 0.0566188197767
0 0.24834769189 0.330610247599 0.0254658385093 0.0358851674641
0 0.258596139095 0.474150917455 0.0248447204969 0.0342902711324
0 0.299900486921 0.521599083324 0.0229813664596 0.0462519936204
