0 0.9175856353 0.282721722929 0.0335795836132 0.0791878172589
0 0.788975830061 0.361909540188 0.0302216252518 0.0812182741117
0 0.559627273983 0.222823245772 0.0268636668905 0.058883248731
0 0.462246481505 0.244143042726 0.025520483546 0.0507614213198
0 0.428666897892 0.223330859985 0.0214909335124 0.0578680203046
0 0.627122237046 0.639066900594 0.0288784419073 0.0791878172589
0 0.566343190706 0.613686189934 0.0282068502351 0.0609137055838
0 0.661709208167 0.591858778767 0.0268636668905 0.0659898477157
0 0.790319013406 0.740082129021 0.0261920752183 0.0680203045685
0 0.794348563439 0.283736951356 0.0208193418402 0.0446700507614
0 0.621077911995 0.407087205163 0.0235057085292 0.0314720812183
0 0.39676629346 0.620285174706 0.0248488918737 0.0659898477157
0 0.521010752828 0.33043745897 0.0194761584956 0.0507614213198
0 0.363186709846 0.253787712777 0.0235057085292 0.0558375634518
0 0.336323042956 0.20353390567 0.0167897918066 0.0426395939086
0 0.299721296817 0.436021215315 0.025520483546 0.0548223350254
0 0.254053063104 0.174092281305 0.0282068502351 0.0527918781726
0 0.149956353903 0.542112585873 0.0295500335796 0.0517766497462
0 0.0801108199874 0.542112585873 0.0308932169241 0.0517766497462
0 0.0522397655885 0.499980606178 0.0221625251847 0.0446700507614
0 0.139546682983 0.333483144249 0.0315648085964 0.0690355329949
0 0.252038288087 0.280691266076 0.0134318334453 0.0243654822335
0 0.263791142351 0.519777560493 0.0235057085292 0.053807106599
