0 0.20859375 0.0699074074074 0.0255208333333 0.062037037037
0 0.21640625 0.202314814815 0.0286458333333 0.0657407407407
0 0.155729166667 0.146296296296 0.0270833333333 0.05
0 0.185416666667 0.485185185185 0.0322916666667 0.0833333333333
0 0.184895833333 0.628240740741 0.025 0.0564814814815
0 0.137239583333 0.68287037037 0.0286458333333 0.0694444444444
0 0.291927083333 0.668055555556 0.0286458333333 0.0694444444444
0 0.31875 0.40462962963 0.021875 0.0425925925926
0 0.402604166667 0.387037037037 0.0270833333333 0.0777777777778
0 0.451302083333 0.644907407407 0.0286458333333 0.0805555555556
0 0.46328125 0.176851851852 0.0255208333333 0.0777777777778
0 0.514583333333 0.658796296296 0.0177083333333 0.0453703703704
0 0.529947916667 0.591666666667 0.0223958333333 0.0592592592593
0 0.520572916667 0.472222222222 0.0213541666667 0.0611111111111
0 0.55078125 0.251851851852 0.0182291666667 0.0685185185185
0 0.21328125 0.44537037037 0.0203125 0.0481481481481
0 0.57265625 0.208796296296 0.0192708333333 0.0601851851852
0 0.63203125 0.24212962963 0.0234375 0.0675925925926
0 0.7296875 0.219444444444 0.021875 0.0685185185185
0 0.804427083333 0.130555555556 0.0192708333333 0.0388888888889
0 0.815885416667 0.143055555556 0.0140625 0.0509259259259
0 0.866145833333 0.313425925926 0.0208333333333 0.0657407407407
0 0.604427083333 0.640740740741 0.0213541666667 0.0685185185185
0 0.824479166667 0.578240740741 0.0239583333333 0.0435185185185
0 0.88515625 0.627314814815 0.0213541666667 0.0453703703704
0 0.784114583333 0.585648148148 0.0234375 0.0361111111111
0 0.585416666667 0.501851851852 0.0177083333333 0.0351851851852
0 0.897395833333 0.163425925926 0.0229166666667 0.0527777777778
0 0.954166666667 0.244444444444 0.025 0.0574074074074
0 0.956510416667 0.593518518519 0.0223958333333 0.0444444444444
