0 0.16796875 0.734722222222 0.0526041666667 0.115740740741
0 0.231770833333 0.337962962963 0.0447916666667 0.122222222222
0 0.3453125 0.624537037037 0.021875 0.0490740740741
0 0.4890625 0.659722222222 0.01875 0.0435185185185
0 0.398697916667 0.477314814815 0.0286458333333 0.0601851851852
0 0.444791666667 0.313888888889 0.01875 0.0555555555556
0 0.352864583333 0.0509259259259 0.0234375 0.0425925925926
0 0.378645833333 0.161111111111 0.0166666666667 0.0333333333333
0 0.35078125 0.190277777778 0.0244791666667 0.0546296296296
0 0.549739583333 0.343981481481 0.0140625 0.037962962963
0 0.56640625 0.343055555556 0.0130208333333 0.025
0 0.523177083333 0.302314814815 0.0161458333333 0.037962962963
0 0.0169270833333 0.65787037037 0.0276041666667 0.087962962963
0 0.527083333333 0.501851851852 0.0135416666667 0.0314814814815
