0 0.150382360226 0.674201608748 0.0741206030151 0.113117870722
0 0.415143666759 0.377148376809 0.0508793969849 0.133079847909
0 0.373058239623 0.297300468063 0.0458542713568 0.0817490494297
0 0.382166279824 0.580570430041 0.0376884422111 0.0703422053232
0 0.436186380327 0.633327084033 0.035175879397 0.0979087452471
0 0.630281857714 0.189410734223 0.0326633165829 0.0712927756654
0 0.774754219523 0.207471570725 0.0263819095477 0.0541825095057
0 0.824691405453 0.286844194299 0.0295226130653 0.0551330798479
0 0.860495425553 0.305855601143 0.0219849246231 0.0475285171103
0 0.762505475804 0.495969669584 0.0244974874372 0.0551330798479
