0 0.0621639784946 0.257597684515 0.0221774193548 0.0810419681621
0 0.115927419355 0.140376266281 0.0208333333333 0.0781476121563
0 0.146841397849 0.34008683068 0.0235215053763 0.0897250361795
0 0.206653225806 0.0940665701881 0.0288978494624 0.0810419681621
0 0.298051075269 0.178726483357 0.0262096774194 0.0853835021708
0 0.412634408602 0.206222865412 0.0295698924731 0.102749638205
0 0.447244623656 0.815484804631 0.0262096774194 0.102749638205
0 0.191196236559 0.717800289436 0.0248655913978 0.0810419681621
0 0.23689516129 0.734442836469 0.0248655913978 0.0767004341534
0 0.470766129032 0.60492040521 0.0262096774194 0.0636758321274
0 0.48622311828 0.143270622287 0.0275537634409 0.0926193921852
0 0.517809139785 0.210564399421 0.0262096774194 0.105643994211
0 0.559475806452 0.548480463097 0.0302419354839 0.095513748191
0 0.564180107527 0.851664254703 0.0248655913978 0.0795947901592
0 0.546370967742 0.747467438495 0.0295698924731 0.0998552821997
0 0.663306451613 0.837192474674 0.0416666666667 0.134587554269
0 0.737567204301 0.404486251809 0.0396505376344 0.123010130246
0 0.64247311828 0.0658465991317 0.0376344086022 0.123010130246
0 0.912634408602 0.901591895803 0.0456989247312 0.127351664255
0 0.864919354839 0.435600578871 0.0362903225806 0.0781476121563
0 0.913978494624 0.640376266281 0.0295698924731 0.0998552821997
0 0.059811827957 0.724312590449 0.0215053763441 0.0564399421129
0 0.130040322581 0.778581765557 0.0194892473118 0.0694645441389
