0 0.861940577972 0.576663535704 0.0166666666667 0.0416666666667
0 0.776523911305 0.616941313481 0.015625 0.0388888888889
0 0.740065577972 0.395182054222 0.0114583333333 0.025
0 0.660378077972 0.41508946163 0.0145833333333 0.0333333333333
0 0.646055161305 0.39333020237 0.0119791666667 0.0268518518519
0 0.700482244638 0.531756128296 0.0135416666667 0.0296296296296
0 0.676003077972 0.553052424593 0.0125 0.0277777777778
0 0.691888494638 0.567867239407 0.0119791666667 0.0351851851852
0 0.718971827972 0.453978350519 0.0119791666667 0.0314814814815
0 0.590586411305 0.598422794963 0.0104166666667 0.0259259259259
0 0.632253077972 0.558145017185 0.0114583333333 0.0324074074074
0 0.540586411305 0.550737609778 0.0125 0.0305555555556
0 0.576263494638 0.388237609778 0.00885416666667 0.0259259259259
0 0.568190577972 0.412774646815 0.0104166666667 0.0268518518519
0 0.501784327972 0.466941313481 0.00989583333333 0.0203703703704
0 0.478086411305 0.442867239407 0.0114583333333 0.0351851851852
0 0.452305161305 0.397033906074 0.0078125 0.025
0 0.464023911305 0.556756128296 0.0104166666667 0.0259259259259
0 0.487721827972 0.568793165333 0.0078125 0.0166666666667
0 0.502825994638 0.538237609778 0.00885416666667 0.0259259259259
0 0.848138494638 0.339163535704 0.0119791666667 0.0259259259259
0 0.920013494638 0.307219091259 0.0151041666667 0.0342592592593
0 0.842409327972 0.604441313481 0.0119791666667 0.0268518518519
0 0.830950994638 0.587774646815 0.0119791666667 0.025
