0 0.9651181856 0.297939012545 0.0197802197802 0.0539473684211
0 0.957792178274 0.257149538861 0.025641025641 0.0565789473684
0 0.892590713072 0.273596907282 0.025641025641 0.0684210526316
0 0.835814156296 0.306491644124 0.0205128205128 0.0473684210526
0 0.904312324794 0.657807433598 0.0227106227106 0.0657894736842
0 0.76108888157 0.74267585465 0.021978021978 0.0618421052632
0 0.7314185519 0.788728486229 0.0168498168498 0.0460526315789
0 0.717132837614 0.763070591492 0.0175824175824 0.0394736842105
0 0.640942361424 0.817017959913 0.0205128205128 0.0578947368421
0 0.599550420032 0.759781117808 0.0139194139194 0.0328947368421
0 0.822627343109 0.55517585465 0.0234432234432 0.05
0 0.732151152633 0.459781117808 0.0212454212454 0.0513157894737
0 0.932151152633 0.437412696755 0.0212454212454 0.0381578947368
0 0.829953350435 0.424912696755 0.0175824175824 0.0394736842105
0 0.739477159959 0.353860065176 0.018315018315 0.0421052631579
0 0.585264705746 0.429517959913 0.0190476190476 0.0407894736842
0 0.447902068384 0.451228486229 0.0241758241758 0.0631578947368
0 0.55119877168 0.53017585465 0.0197802197802 0.05
0 0.519330639812 0.670965328334 0.021978021978 0.0552631578947
0 0.476473496955 0.713070591492 0.0212454212454 0.0552631578947
0 0.491125511607 0.783465328334 0.018315018315 0.0328947368421
0 0.50467862516 0.735439012545 0.0190476190476 0.0578947368421
0 0.321894742376 0.811754802019 0.0212454212454 0.0526315789474
0 0.298451518933 0.77820217044 0.0197802197802 0.0513157894737
0 0.230685951167 0.70320217044 0.0190476190476 0.0460526315789
0 0.21456873505 0.713728486229 0.0175824175824 0.0460526315789
0 0.178671299153 0.745965328334 0.0190476190476 0.0315789473684
0 0.117865438347 0.752544275703 0.0205128205128 0.0315789473684
0 0.150832471314 0.682149538861 0.0205128205128 0.0486842105263
0 0.0603562808378 0.71767585465 0.0212454212454 0.0407894736842
0 0.054495474977 0.746623223071 0.0168498168498 0.025
0 0.401381921863 0.722939012545 0.0190476190476 0.0644736842105
0 0.142773863255 0.536754802019 0.0205128205128 0.05
0 0.0845321050136 0.489386380966 0.0212454212454 0.0526315789474
0 0.0237262442077 0.376228486229 0.0227106227106 0.0421052631579
0 0.285631006113 0.437412696755 0.0175824175824 0.0565789473684
0 0.296986317468 0.384781117808 0.0212454212454 0.0565789473684
0 0.430685951167 0.406491644124 0.0175824175824 0.0315789473684
