0 0.111979166667 0.318055555556 0.0239583333333 0.0472222222222
0 0.0174479166667 0.384259259259 0.0234375 0.05
0 0.175260416667 0.3 0.0171875 0.0462962962963
0 0.04296875 0.517592592593 0.0213541666667 0.0574074074074
0 0.08671875 0.550462962963 0.0223958333333 0.0546296296296
0 0.0682291666667 0.578703703704 0.0177083333333 0.05
0 0.260416666667 0.621759259259 0.0166666666667 0.0398148148148
0 0.294010416667 0.588888888889 0.0161458333333 0.0481481481481
0 0.30703125 0.336574074074 0.0140625 0.0435185185185
0 0.289583333333 0.290740740741 0.0166666666667 0.0444444444444
0 0.352864583333 0.540740740741 0.0119791666667 0.0407407407407
0 0.4078125 0.417592592593 0.0125 0.0351851851852
0 0.446614583333 0.381944444444 0.0161458333333 0.0472222222222
0 0.481770833333 0.32037037037 0.0104166666667 0.0333333333333
0 0.462239583333 0.541203703704 0.00989583333333 0.025
0 0.4671875 0.556944444444 0.0104166666667 0.0212962962963
0 0.43125 0.565277777778 0.0104166666667 0.0231481481481
0 0.409375 0.520833333333 0.0135416666667 0.0305555555556
0 0.379947916667 0.570833333333 0.0119791666667 0.0342592592593
0 0.3453125 0.338425925926 0.009375 0.0305555555556
0 0.193489583333 0.560185185185 0.00989583333333 0.0277777777778
0 0.181770833333 0.555555555556 0.0145833333333 0.0388888888889
