0 0.688322540326 0.172724248691 0.0288115246098 0.055857253685
0 0.552068038526 0.258837514789 0.031212484994 0.0636152055857
0 0.595885565536 0.221211448071 0.0252100840336 0.0380139643134
0 0.610291327841 0.548984915875 0.0300120048019 0.0713731574864
0 0.796965997709 0.481102836744 0.0240096038415 0.0504266873545
0 0.762752312235 0.469078011298 0.031212484994 0.0279286268425
0 0.445225301431 0.262328593144 0.0180072028812 0.033359193173
0 0.516653872859 0.399256444192 0.0240096038415 0.0418929402638
0 0.409210895668 0.657596242485 0.0168067226891 0.0325833979829
0 0.393304533123 0.682421688567 0.0198079231693 0.0387897595035
0 0.331179683183 0.678930610212 0.0228091236495 0.0411171450737
0 0.507650271419 0.624624946907 0.0180072028812 0.0302560124127
0 0.267554233003 0.645571417039 0.0180072028812 0.0380139643134
0 0.317374160975 0.389946901911 0.015606242497 0.0310318076028
0 0.386101651971 0.365897251019 0.0186074429772 0.0248254460822
0 0.281059635164 0.566052410057 0.0174069627851 0.0325833979829
0 0.334180883664 0.460156366612 0.0204081632653 0.0395655546936
0 0.164012816437 0.438046203695 0.0210084033613 0.044996121024
0 0.134901171779 0.459768469017 0.0216086434574 0.0434445306439
0 0.126497810434 0.485757607885 0.0204081632653 0.0349107835531
0 0.247146069738 0.644407724254 0.015606242497 0.0341349883631
