0 0.878558168177 0.510136679617 0.0421118793212 0.070826306914
0 0.731480858309 0.102042244542 0.0370835952231 0.0775716694772
0 0.604202417077 0.188045617223 0.0314267756128 0.070826306914
0 0.52437840702 0.195212564946 0.0263984915148 0.0531197301855
0 0.477552511357 0.272362649263 0.0169704588309 0.0387858347386
0 0.454925232916 0.350355903901 0.0169704588309 0.039629005059
0 0.519035855166 0.354150170343 0.0194846008799 0.0455311973019
0 0.61614459181 0.524048989904 0.0251414204903 0.0413153456998
0 0.558947860194 0.570001772366 0.0175989943432 0.0387858347386
0 0.497979915506 0.559462143361 0.0163419233187 0.0278246205734
0 0.582517941904 0.528686426666 0.021998742929 0.0387858347386
