0 0.713039019284 0.445728023807 0.0155968806239 0.0259467040673
0 0.719037819523 0.403301656345 0.0155968806239 0.0252454417952
0 0.768827861515 0.447831810623 0.0167966406719 0.0217391304348
0 0.698641898708 0.478687350595 0.0155968806239 0.023141654979
0 0.620357555576 0.59790193685 0.0101979604079 0.0175315568022
0 0.723536919703 0.634367574999 0.0149970005999 0.0217391304348
0 0.738833860315 0.640678935448 0.0107978404319 0.0203366058906
0 0.792823062475 0.515152988744 0.0143971205759 0.023141654979
0 0.818917843519 0.562838823246 0.00899820035993 0.0175315568022
0 0.799121802727 0.529528865321 0.0101979604079 0.0140252454418
