0 0.228759398173 0.142766670381 0.0252859723058 0.0387409200969
0 0.320270536042 0.106850609041 0.0216736905479 0.0508474576271
0 0.403955063435 0.191596371753 0.0204695966285 0.0492332526231
0 0.346459578787 0.229126638097 0.0246839253462 0.0484261501211
0 0.336224780473 0.413549559808 0.0222757375075 0.046004842615
0 0.455430078486 0.264639148186 0.0198675496689 0.0322841000807
0 0.524966502327 0.344138744635 0.0192655027092 0.0427764326069
0 0.631829837667 0.334049963359 0.0174593618302 0.0371267150928
0 0.667350608288 0.384090318485 0.0186634557495 0.0338983050847
0 0.544834051996 0.413146008557 0.0168573148706 0.0387409200969
0 0.428337965301 0.376422844715 0.0198675496689 0.0427764326069
0 0.441281974934 0.515244475062 0.0192655027092 0.046004842615
0 0.470180228998 0.560038663924 0.0192655027092 0.0419693301049
0 0.526471619726 0.596358276515 0.0174593618302 0.0403551251009
0 0.489144708227 0.593936969009 0.0222757375075 0.0258272800646
0 0.57403332954 0.580216226475 0.0186634557495 0.0322841000807
0 0.650192269937 0.52614035884 0.0216736905479 0.0564971751412
0 0.66223320913 0.638731157871 0.0180614087899 0.0330912025827
0 0.64507487078 0.616535839066 0.0174593618302 0.0242130750605
0 0.76999961491 0.403460778533 0.0156532209512 0.0322841000807
0 0.812744949046 0.433323571108 0.0168573148706 0.0355125100888
0 0.833214545675 0.479328413723 0.0168573148706 0.0258272800646
0 0.781739530623 0.535018486362 0.0222757375075 0.0355125100888
0 0.869638386734 0.49425981001 0.0174593618302 0.0330912025827
0 0.885893654645 0.576584265216 0.0150511739916 0.0282485875706
0 0.835321710033 0.683121795482 0.0186634557495 0.0347054075868
0 0.785351812381 0.673840116709 0.0198675496689 0.043583535109
0 0.80642345597 0.685139551737 0.0162552679109 0.0355125100888
0 0.937669693176 0.507980552544 0.0186634557495 0.0314769975787
