0 0.778466722716 0.390789027705 0.0434782608696 0.0418300653595
0 0.433985117365 0.674449158424 0.0735785953177 0.0732026143791
0 0.597028595626 0.260723668228 0.0652173913043 0.0535947712418
0 0.413082107332 0.282292295679 0.0652173913043 0.0705882352941
0 0.165590468536 0.277063537509 0.0652173913043 0.0522875816993
0 0.427296154154 0.216932818555 0.066889632107 0.0366013071895
0 0.625456689271 0.417586413326 0.0451505016722 0.0352941176471
0 0.535155685927 0.433926282607 0.061872909699 0.0549019607843
0 0.103717558837 0.836540661692 0.061872909699 0.0575163398693
0 0.153884782917 0.64569098849 0.0685618729097 0.0705882352941
