0 0.95625 0.310185185185 0.015625 0.0425925925926
0 0.959895833333 0.22037037037 0.01875 0.0333333333333
0 0.838802083333 0.344444444444 0.0192708333333 0.0425925925926
0 0.793489583333 0.320833333333 0.0151041666667 0.0398148148148
0 0.921875 0.398611111111 0.0197916666667 0.037962962963
0 0.898958333333 0.515277777778 0.01875 0.0472222222222
0 0.8609375 0.546759259259 0.01875 0.0453703703704
0 0.878645833333 0.568518518519 0.015625 0.0407407407407
0 0.98671875 0.59212962963 0.0192708333333 0.0361111111111
0 0.8640625 0.603703703704 0.0145833333333 0.0259259259259
0 0.71640625 0.611574074074 0.0161458333333 0.0342592592593
0 0.68984375 0.58287037037 0.0130208333333 0.0342592592593
0 0.691666666667 0.314814814815 0.0145833333333 0.0407407407407
0 0.586979166667 0.425 0.0114583333333 0.0314814814815
0 0.637239583333 0.536111111111 0.0140625 0.0388888888889
0 0.586458333333 0.517592592593 0.0145833333333 0.0314814814815
0 0.5375 0.537962962963 0.009375 0.0240740740741
0 0.533072916667 0.552777777778 0.00989583333333 0.0185185185185
0 0.566145833333 0.559722222222 0.009375 0.0175925925926
0 0.553645833333 0.399074074074 0.0114583333333 0.0314814814815
0 0.519791666667 0.335648148148 0.0104166666667 0.0305555555556
0 0.611979166667 0.557407407407 0.0114583333333 0.0185185185185
0 0.677083333333 0.351388888889 0.0135416666667 0.0398148148148
0 0.780208333333 0.551388888889 0.0197916666667 0.0361111111111
0 0.821875 0.331944444444 0.0104166666667 0.0194444444444
