0 0.560716898317 0.234031936128 0.0153621068032 0.0289421157685
0 0.550109729334 0.213572854291 0.0160936356986 0.0259481037924
0 0.512435991222 0.237025948104 0.0153621068032 0.0349301397206
0 0.569495245062 0.419660678643 0.0138990490124 0.0289421157685
0 0.490855888808 0.509481037924 0.0160936356986 0.0369261477046
0 0.418434528164 0.587824351297 0.0160936356986 0.0359281437126
0 0.465252377469 0.533433133733 0.0117044623263 0.0209580838323
0 0.480614484272 0.541417165669 0.0160936356986 0.0229540918164
0 0.426481346013 0.318363273453 0.0117044623263 0.0199600798403
0 0.482077542063 0.269461077844 0.013167520117 0.0239520958084
0 0.505486466715 0.390718562874 0.0146305779078 0.0209580838323
0 0.32699341624 0.402694610778 0.0146305779078 0.0249500998004
0 0.315654718361 0.468063872255 0.0153621068032 0.0299401197605
0 0.222750548647 0.462574850299 0.0197512801756 0.0349301397206
0 0.311265544989 0.553393213573 0.0153621068032 0.0269461077844
0 0.283467446964 0.594810379242 0.0153621068032 0.0299401197605
0 0.309436722751 0.597305389222 0.0146305779078 0.0329341317365
0 0.304681784931 0.625748502994 0.0124359912217 0.0139720558882
0 0.226773957571 0.630738522954 0.0160936356986 0.0319361277445
0 0.0874177029993 0.47754491018 0.016825164594 0.0369261477046
0 0.0874177029993 0.5124750499 0.0197512801756 0.0309381237525
0 0.173372348208 0.713073852295 0.0175566934894 0.0309381237525
0 0.150329188003 0.705089820359 0.016825164594 0.0289421157685
0 0.07937088515 0.690119760479 0.0124359912217 0.0289421157685
0 0.0932699341624 0.694111776447 0.0124359912217 0.0289421157685
0 0.0530358449159 0.518962075848 0.0212143379663 0.0219560878244
