0 0.12269772481 0.836614173228 0.0525460455038 0.153543307087
0 0.316630552546 0.440452755906 0.0612134344529 0.197834645669
0 0.355904658722 0.346948818898 0.0465872156013 0.113188976378
0 0.234561213434 0.73375984252 0.0487540628386 0.101377952756
0 0.484019501625 0.807578740157 0.0482123510293 0.132874015748
0 0.48022751896 0.286909448819 0.034127843987 0.0659448818898
0 0.726706392199 0.238188976378 0.057963163597 0.127952755906
0 0.823943661972 0.732283464567 0.0520043336945 0.155511811024
0 0.905200433369 0.636318897638 0.0433369447454 0.103346456693
0 0.886240520043 0.0861220472441 0.035752979415 0.107283464567
0 0.810400866739 0.0748031496063 0.0379198266522 0.0964566929134
0 0.978331527627 0.558562992126 0.0346695557963 0.0935039370079
