0 0.841927083333 0.471759259259 0.0661458333333 0.175
0 0.9046875 0.378240740741 0.0552083333333 0.125
0 0.8671875 0.741203703704 0.046875 0.0953703703704
0 0.79609375 0.790740740741 0.0411458333333 0.122222222222
0 0.632552083333 0.1875 0.0307291666667 0.0768518518519
0 0.493229166667 0.193055555556 0.021875 0.0527777777778
0 0.508333333333 0.158333333333 0.01875 0.0444444444444
0 0.44296875 0.273148148148 0.0223958333333 0.0611111111111
0 0.411458333333 0.281944444444 0.015625 0.0398148148148
0 0.47890625 0.510648148148 0.0223958333333 0.0583333333333
0 0.5671875 0.771759259259 0.03125 0.0824074074074
