0 0.472957422325 0.308988764045 0.0207134637514 0.0561797752809
0 0.482163406214 0.379213483146 0.0207134637514 0.0543071161049
0 0.383774453395 0.331460674157 0.0172612197929 0.0411985018727
0 0.630609896433 0.551498127341 0.0184119677791 0.0505617977528
0 0.651323360184 0.544007490637 0.0184119677791 0.0580524344569
0 0.519562715765 0.678838951311 0.0172612197929 0.0430711610487
0 0.681818181818 0.255617977528 0.0149597238205 0.0393258426966
0 0.822209436133 0.250936329588 0.0103567318757 0.0187265917603
0 0.817606444189 0.26404494382 0.0103567318757 0.0224719101124
0 0.836593785961 0.465355805243 0.0138089758343 0.0280898876404
0 0.777905638665 0.478464419476 0.0161104718067 0.0355805243446
0 0.754315304948 0.354868913858 0.0172612197929 0.0355805243446
0 0.63751438435 0.274344569288 0.0161104718067 0.0318352059925
0 0.581127733026 0.279026217228 0.0184119677791 0.0411985018727
0 0.594936708861 0.296816479401 0.0138089758343 0.0318352059925
0 0.636939010357 0.311797752809 0.0149597238205 0.0355805243446
0 0.512082853855 0.23595505618 0.0138089758343 0.0262172284644
