0 0.752653927813 0.462915601023 0.0297239915074 0.0562659846547
0 0.824840764331 0.404731457801 0.0212314225053 0.037084398977
0 0.678874734607 0.487851662404 0.0222929936306 0.039641943734
0 0.751061571125 0.653452685422 0.0180467091295 0.0306905370844
0 0.755838641189 0.675831202046 0.0191082802548 0.0345268542199
0 0.695329087049 0.67199488491 0.0212314225053 0.0268542199488
0 0.663481953291 0.608056265985 0.0212314225053 0.039641943734
0 0.562101910828 0.607416879795 0.02016985138 0.0537084398977
0 0.444798301486 0.645140664962 0.0254777070064 0.0498721227621
0 0.601380042463 0.647058823529 0.0222929936306 0.0230179028133
0 0.585456475584 0.370204603581 0.02016985138 0.037084398977
0 0.518577494692 0.349104859335 0.0265392781316 0.0485933503836
0 0.490976645435 0.287723785166 0.0286624203822 0.0562659846547
0 0.373142250531 0.670076726343 0.0329087048832 0.0537084398977
0 0.261677282378 0.565217391304 0.02016985138 0.0358056265985
0 0.239384288747 0.544757033248 0.0307855626327 0.0281329923274
0 0.283970276008 0.248081841432 0.0329087048832 0.0588235294118
0 0.419851380042 0.451406649616 0.0286624203822 0.0358056265985
0 0.139596602972 0.230179028133 0.0392781316348 0.0664961636829
0 0.0589171974522 0.505754475703 0.0244161358811 0.0524296675192
0 0.046178343949 0.597826086957 0.0286624203822 0.037084398977
