0 0.650067750678 0.282888229476 0.0142276422764 0.0237388724036
0 0.657859078591 0.259643916914 0.0149051490515 0.0326409495549
0 0.67581300813 0.240356083086 0.0155826558266 0.0316518298714
0 0.809620596206 0.261127596439 0.0230352303523 0.0435212660732
0 0.844512195122 0.297230464886 0.0223577235772 0.0504451038576
0 0.866192411924 0.158753709199 0.0237127371274 0.0227497527201
0 0.774390243902 0.479723046489 0.0216802168022 0.0474777448071
0 0.738143631436 0.434223541048 0.0142276422764 0.0356083086053
0 0.837059620596 0.506429277943 0.0223577235772 0.0395647873393
0 0.859417344173 0.48565776459 0.019647696477 0.0336300692384
0 0.717479674797 0.429772502473 0.0108401084011 0.024727992087
