0 0.644791666667 0.313888888889 0.0145833333333 0.0388888888889
0 0.706510416667 0.309259259259 0.0203125 0.05
0 0.740104166667 0.50787037037 0.0208333333333 0.0564814814815
0 0.7390625 0.2125 0.0177083333333 0.0361111111111
0 0.742708333333 0.24537037037 0.0166666666667 0.0333333333333
0 0.7859375 0.19212962963 0.0208333333333 0.0472222222222
0 0.788802083333 0.251851851852 0.0234375 0.0444444444444
0 0.845052083333 0.450462962963 0.0234375 0.0583333333333
0 0.933333333333 0.265277777778 0.03125 0.0787037037037
0 0.904166666667 0.706018518519 0.028125 0.0601851851852
