0 0.143689032113 0.722587928388 0.0401041666667 0.10462962963
0 0.05957444878 0.517958298759 0.0333333333333 0.0787037037037
0 0.05488694878 0.673513854314 0.0260416666667 0.0675925925926
0 0.210876532113 0.435550891351 0.0338541666667 0.0916666666667
0 0.337439032113 0.719347187648 0.0255208333333 0.0666666666667
0 0.14160569878 0.182310150611 0.0359375 0.0796296296296
0 0.40801194878 0.282773113574 0.0239583333333 0.0601851851852
0 0.428064032113 0.540643483944 0.0234375 0.0722222222222
0 0.458272365447 0.242032372833 0.0213541666667 0.0398148148148
0 0.414782782113 0.165643483944 0.021875 0.0537037037037
0 0.567126532113 0.362865706166 0.0213541666667 0.0666666666667
0 0.746553615447 0.361013854314 0.021875 0.0537037037037
0 0.80957444878 0.350828669129 0.0177083333333 0.0407407407407
0 0.713741115447 0.565180520981 0.0197916666667 0.0527777777778
0 0.47519944878 0.710087928388 0.021875 0.062962962963
0 0.437439032113 0.673050891351 0.0213541666667 0.0481481481481
0 0.59394944878 0.728606446907 0.01875 0.0518518518519
0 0.674678615447 0.323976817277 0.0177083333333 0.0407407407407
0 0.406970282113 0.5086990395 0.0197916666667 0.0453703703704
0 0.31582444878 0.46193978024 0.01875 0.0444444444444
0 0.24316819878 0.188791632092 0.0276041666667 0.0666666666667
0 0.0176473654467 0.238791632092 0.0286458333333 0.0851851851852
