0 0.1109375 0.485185185185 0.0447916666667 0.101851851852
0 0.221354166667 0.680555555556 0.034375 0.0851851851852
0 0.04140625 0.664814814815 0.0390625 0.0685185185185
0 0.115104166667 0.130555555556 0.0375 0.0777777777778
0 0.0184895833333 0.0333333333333 0.0328125 0.0555555555556
0 0.410416666667 0.63287037037 0.028125 0.0768518518519
0 0.36015625 0.387037037037 0.0286458333333 0.0685185185185
0 0.447135416667 0.272222222222 0.0182291666667 0.0555555555556
0 0.4796875 0.622685185185 0.0197916666667 0.0638888888889
0 0.50703125 0.596296296296 0.0182291666667 0.0537037037037
0 0.49921875 0.275925925926 0.0203125 0.0611111111111
0 0.6078125 0.558796296296 0.0177083333333 0.0398148148148
0 0.63828125 0.593055555556 0.0130208333333 0.0361111111111
0 0.686197916667 0.562037037037 0.0130208333333 0.0259259259259
0 0.624739583333 0.562962962963 0.0151041666667 0.037037037037
0 0.632291666667 0.362037037037 0.0135416666667 0.0481481481481
0 0.548177083333 0.403240740741 0.0130208333333 0.0398148148148
0 0.6796875 0.323611111111 0.0135416666667 0.0416666666667
0 0.647135416667 0.256481481481 0.0140625 0.0388888888889
0 0.60859375 0.225925925926 0.0171875 0.0481481481481
0 0.389322916667 0.184722222222 0.0213541666667 0.0694444444444
0 0.223697916667 0.390740740741 0.0234375 0.0425925925926
0 0.202864583333 0.289351851852 0.0203125 0.037962962963
0 0.13359375 0.430555555556 0.0265625 0.0611111111111
