0 0.862225586677 0.0468920392585 0.0378501135503 0.0588876772083
0 0.799394398183 0.109051254089 0.0499621498864 0.0959651035987
0 0.632096896291 0.131952017448 0.0272520817562 0.0458015267176
0 0.836866010598 0.534351145038 0.0461771385314 0.0676117775354
0 0.675624526874 0.640130861505 0.0280090840273 0.0436205016358
0 0.713853141559 0.32933478735 0.0363361090083 0.0676117775354
0 0.762679788039 0.503271537623 0.0295230885693 0.0796074154853
0 0.54882664648 0.67121046892 0.0227100681302 0.0490730643402
0 0.527630582892 0.697928026172 0.0242240726722 0.0545256270447
0 0.460257380772 0.681025081788 0.0227100681302 0.0556161395856
0 0.390234670704 0.630316248637 0.0189250567752 0.0501635768811
0 0.372823618471 0.629770992366 0.0158970476911 0.0316248636859
0 0.462528387585 0.311341330425 0.0196820590462 0.0381679389313
0 0.261544284633 0.425299890949 0.0189250567752 0.0392584514722
0 0.269871309614 0.392584514722 0.0204390613172 0.0479825517993
0 0.30052990159 0.3653217012 0.0196820590462 0.0501635768811
0 0.83421650265 0.601417666303 0.0287660862983 0.0468920392585
0 0.412187736563 0.533260632497 0.0189250567752 0.041439476554
0 0.476911430734 0.404580152672 0.0227100681302 0.0523446019629
