0 0.145957007852 0.432999944415 0.035737921906 0.0519713261649
0 0.275672428104 0.655222166637 0.0370615486433 0.073476702509
0 0.316373950274 0.260956933662 0.0324288550629 0.0412186379928
0 0.373289899977 0.482283098537 0.0218398411648 0.0501792114695
0 0.425242249414 0.393573421118 0.0211780277962 0.0448028673835
0 0.403733314934 0.575473062695 0.0311052283256 0.0555555555556
0 0.504328946965 0.621171987426 0.0244870946393 0.0465949820789
0 0.456678384424 0.701817148716 0.0231634679021 0.0483870967742
0 0.585731991307 0.632372704272 0.0231634679021 0.0456989247312
0 0.622462633266 0.497068044774 0.0172071475844 0.0331541218638
0 0.662502342068 0.50602861825 0.017868960953 0.0367383512545
0 0.709491091241 0.527982023268 0.0152217074785 0.0322580645161
0 0.646287914536 0.34832252506 0.0158835208471 0.0313620071685
0 0.650258794748 0.322784890652 0.0119126406353 0.0286738351254
0 0.713461971452 0.385508904989 0.0112508272667 0.0250896057348
0 0.726698238825 0.358627184559 0.0112508272667 0.0232974910394
0 0.750192613411 0.454505320759 0.0105890138981 0.0197132616487
0 0.669782289123 0.340258008931 0.00992720052945 0.0188172043011
0 0.736625439354 0.482283098537 0.00860357379219 0.0215053763441
0 0.691953036972 0.477802811799 0.0105890138981 0.0250896057348
0 0.631397113742 0.545903170222 0.0112508272667 0.0197132616487
0 0.640662500903 0.555759801046 0.0138980807412 0.0143369175627
0 0.390497047561 0.31561643187 0.0138980807412 0.0250896057348
