0 0.9140625 0.467592592593 0.0729166666667 0.196296296296
0 0.819791666667 0.798148148148 0.04375 0.124074074074
0 0.905729166667 0.749537037037 0.0479166666667 0.113888888889
0 0.647135416667 0.177314814815 0.0359375 0.0972222222222
0 0.58359375 0.786574074074 0.0296875 0.0916666666667
0 0.471354166667 0.511574074074 0.025 0.0694444444444
0 0.498697916667 0.156481481481 0.0234375 0.0796296296296
0 0.434114583333 0.259722222222 0.0223958333333 0.0675925925926
0 0.396614583333 0.267592592593 0.0182291666667 0.0425925925926
0 0.973177083333 0.385648148148 0.0442708333333 0.121296296296
