0 0.0177083333333 0.275925925926 0.0302083333333 0.0814814814815
0 0.106510416667 0.350462962963 0.0276041666667 0.062037037037
0 0.228385416667 0.240740740741 0.0213541666667 0.05
0 0.272395833333 0.221296296296 0.0208333333333 0.0388888888889
0 0.294270833333 0.246296296296 0.0208333333333 0.0685185185185
0 0.327083333333 0.180092592593 0.0260416666667 0.0675925925926
0 0.468229166667 0.243518518519 0.0197916666667 0.0611111111111
0 0.368489583333 0.405555555556 0.0234375 0.0537037037037
0 0.101822916667 0.537037037037 0.0265625 0.0592592592593
0 0.0526041666667 0.62037037037 0.0239583333333 0.0462962962963
0 0.211979166667 0.563888888889 0.0229166666667 0.0777777777778
0 0.167447916667 0.614814814815 0.0255208333333 0.0351851851852
0 0.316666666667 0.641666666667 0.0208333333333 0.0611111111111
0 0.377604166667 0.688425925926 0.0229166666667 0.062037037037
0 0.466145833333 0.58287037037 0.01875 0.0490740740741
0 0.483854166667 0.562962962963 0.0166666666667 0.0333333333333
0 0.600260416667 0.579166666667 0.0234375 0.087962962963
0 0.81484375 0.610185185185 0.0213541666667 0.0388888888889
0 0.840885416667 0.637037037037 0.0223958333333 0.0574074074074
0 0.70390625 0.614814814815 0.0192708333333 0.0425925925926
0 0.582552083333 0.260648148148 0.0244791666667 0.0657407407407
0 0.545833333333 0.246296296296 0.01875 0.0351851851852
0 0.664583333333 0.158333333333 0.0166666666667 0.0388888888889
0 0.8328125 0.19537037037 0.0197916666667 0.0407407407407
0 0.909114583333 0.594444444444 0.0276041666667 0.0703703703704
0 0.938020833333 0.402314814815 0.0270833333333 0.0546296296296
0 0.990104166667 0.505092592593 0.015625 0.0638888888889
