0 0.395604093627 0.26431197461 0.0140625 0.0416666666667
0 0.390916593627 0.322645307943 0.0161458333333 0.0453703703704
0 0.429197843627 0.235145307943 0.0166666666667 0.0333333333333
0 0.330239510294 0.23931197461 0.0145833333333 0.0398148148148
0 0.381020760294 0.198571233869 0.0140625 0.037962962963
0 0.374510343627 0.56431197461 0.0135416666667 0.0342592592593
0 0.458364510294 0.509219382017 0.0114583333333 0.0333333333333
0 0.468260343627 0.504126789425 0.0114583333333 0.0268518518519
0 0.510708260294 0.335608270906 0.00885416666667 0.0268518518519
0 0.53596867696 0.506904567203 0.009375 0.0212962962963
0 0.53518742696 0.424034196832 0.00989583333333 0.0240740740741
0 0.487270760294 0.328663826462 0.00885416666667 0.0185185185185
0 0.460447843627 0.30181197461 0.0104166666667 0.0240740740741
0 0.483104093627 0.35181197461 0.00885416666667 0.0203703703704
0 0.543260343627 0.455052715351 0.00833333333333 0.0212962962963
0 0.556802010294 0.515700863499 0.00729166666667 0.012962962963
0 0.565395760294 0.391626789425 0.00572916666667 0.0166666666667
0 0.46331242696 0.324960122758 0.00885416666667 0.0222222222222
