0 0.129696969697 0.532894736842 0.0230303030303 0.0429824561404
0 0.232121212121 0.251754385965 0.0254545454545 0.0543859649123
0 0.112727272727 0.141666666667 0.0193939393939 0.030701754386
0 0.361212121212 0.230701754386 0.0193939393939 0.0315789473684
0 0.398787878788 0.285526315789 0.0218181818182 0.0429824561404
0 0.412424242424 0.195614035088 0.02 0.040350877193
0 0.238484848485 0.159210526316 0.0175757575758 0.0219298245614
0 0.447575757576 0.454385964912 0.0175757575758 0.0280701754386
0 0.335454545455 0.461842105263 0.0224242424242 0.0552631578947
0 0.311212121212 0.554824561404 0.0187878787879 0.0377192982456
0 0.267272727273 0.568859649123 0.0193939393939 0.0464912280702
0 0.38696969697 0.623684210526 0.0224242424242 0.0438596491228
0 0.130606060606 0.334649122807 0.0248484848485 0.0394736842105
0 0.131515151515 0.294298245614 0.0206060606061 0.0324561403509
0 0.607575757576 0.349122807018 0.0236363636364 0.0526315789474
0 0.521818181818 0.475438596491 0.0218181818182 0.0578947368421
0 0.525757575758 0.678070175439 0.0236363636364 0.059649122807
0 0.571212121212 0.713157894737 0.0163636363636 0.0350877192982
0 0.610909090909 0.580701754386 0.0193939393939 0.0421052631579
0 0.595454545455 0.673684210526 0.0187878787879 0.0438596491228
0 0.674545454545 0.435087719298 0.0193939393939 0.0491228070175
0 0.7 0.409649122807 0.0193939393939 0.0473684210526
0 0.752121212121 0.454824561404 0.0218181818182 0.0517543859649
0 0.663939393939 0.630263157895 0.0175757575758 0.0271929824561
0 0.657575757576 0.742105263158 0.0218181818182 0.0526315789474
0 0.854848484848 0.480701754386 0.0212121212121 0.0578947368421
0 0.955757575758 0.454385964912 0.030303030303 0.0473684210526
0 0.850606060606 0.792105263158 0.0260606060606 0.0333333333333
0 0.890303030303 0.807456140351 0.0218181818182 0.030701754386
