0 0.0224790041464 0.286124011349 0.0243902439024 0.0620842572062
0 0.0816068681524 0.19632356789 0.0229120473023 0.059866962306
0 0.115605389956 0.349316916005 0.0258684405026 0.0687361419069
0 0.181385138662 0.160846849486 0.0317812269032 0.0620842572062
0 0.281902507472 0.225702725318 0.0288248337029 0.0654101995565
0 0.407918767635 0.24676702687 0.0325203252033 0.0787139689579
0 0.445982330089 0.713507603367 0.0288248337029 0.0787139689579
0 0.164385877761 0.638673900484 0.0273466371027 0.0620842572062
0 0.214644562166 0.65142334616 0.0273466371027 0.0587583148559
0 0.471850770591 0.552199399376 0.0288248337029 0.0487804878049
0 0.488850031493 0.19854086279 0.030303030303 0.0709534368071
0 0.523587651597 0.25009296922 0.0288248337029 0.0809312638581
0 0.569411746201 0.508962148821 0.0332594235033 0.0731707317073
0 0.574585434302 0.741223789619 0.0273466371027 0.0609756097561
0 0.55499932935 0.661401173211 0.0325203252033 0.0764966740576
0 0.683602433563 0.730137315118 0.0458240946046 0.10310421286
0 0.765272795721 0.398651727535 0.0436067997044 0.0942350332594
0 0.66069038626 0.139228224209 0.0413895048041 0.0942350332594
0 0.95780790289 0.779472126648 0.050258684405 0.0975609756098
0 0.905331923585 0.422487647713 0.039911308204 0.059866962306
0 0.95928609949 0.579361261903 0.0325203252033 0.0764966740576
0 0.0198921600962 0.64366281401 0.0236511456024 0.0432372505543
0 0.0971279324539 0.685237093389 0.0214338507021 0.0532150776053
