0 0.805555555556 0.237998372661 0.0245478036176 0.0366151342555
0 0.682493540052 0.227013832384 0.0174418604651 0.0309194467046
0 0.62984496124 0.259560618389 0.0193798449612 0.0406834825061
0 0.642441860465 0.23474369406 0.0174418604651 0.0235964198535
0 0.590439276486 0.235150528885 0.0193798449612 0.0423108218063
0 0.487080103359 0.33360455655 0.0167958656331 0.0374288039056
0 0.599160206718 0.384865744508 0.0200258397933 0.0406834825061
0 0.842054263566 0.342961757526 0.0213178294574 0.0382424735557
0 0.899224806202 0.36899918633 0.0232558139535 0.026851098454
0 0.807816537468 0.425549227014 0.0187338501292 0.0358014646054
0 0.75645994832 0.405614320586 0.0193798449612 0.0414971521562
0 0.68669250646 0.497152156225 0.0180878552972 0.0374288039056
0 0.645348837209 0.549633848657 0.0180878552972 0.0366151342555
0 0.554263565891 0.525223759154 0.0142118863049 0.0284784377543
0 0.537467700258 0.521155410903 0.015503875969 0.0203417412531
0 0.425387596899 0.36737184703 0.014857881137 0.0219690805533
0 0.39857881137 0.391781936534 0.0193798449612 0.039869812856
0 0.31169250646 0.36899918633 0.014857881137 0.0203417412531
0 0.443798449612 0.580960130187 0.0193798449612 0.0488201790073
0 0.366279069767 0.645646867372 0.0167958656331 0.026851098454
0 0.278100775194 0.690398698129 0.0174418604651 0.0284784377543
0 0.261950904393 0.716436126932 0.0200258397933 0.0317331163548
0 0.200258397933 0.718063466233 0.0232558139535 0.0366151342555
0 0.113372093023 0.705044751831 0.0226098191214 0.0349877949552
0 0.184754521964 0.459316517494 0.0167958656331 0.0235964198535
0 0.140503875969 0.622457282343 0.0213178294574 0.0260374288039
0 0.854005167959 0.172091131001 0.0180878552972 0.039869812856
