0 0.410951213323 0.616039240102 0.0365185636032 0.0775063184499
0 0.341261621114 0.193545558551 0.034692635423 0.0547598989048
0 0.357999296099 0.317808406066 0.0365185636032 0.0673967986521
0 0.349478297924 0.526738481888 0.0353012781497 0.089300758214
0 0.685753404437 0.844767125527 0.0383444917833 0.0682392586352
0 0.720750361223 0.786216156698 0.0292148508825 0.0522325189553
0 0.826349874309 0.733562407751 0.0298234936093 0.0598146588037
0 0.37534561381 0.633730899748 0.0273889227024 0.072451558551
0 0.603282314966 0.30559273631 0.0267802799757 0.06149957877
0 0.572545857267 0.683436038754 0.0359099208764 0.0741364785173
0 0.690926867614 0.318650866049 0.0255629945222 0.050547598989
0 0.810525163414 0.410900234204 0.0322580645161 0.0682392586352
0 0.874128328357 0.397420874474 0.030432136336 0.0395956192081
0 0.817220233408 0.338448675653 0.0310407790627 0.0480202190396
0 0.536940257754 0.236932247684 0.0438222763238 0.0522325189553
