0 0.502965599051 0.703206562267 0.0545670225386 0.113348247576
0 0.178825622776 0.42990305742 0.0432977461447 0.0723340790455
0 0.673487544484 0.658090976883 0.0432977461447 0.082774049217
0 0.714709371293 0.410514541387 0.0296559905101 0.048471290082
0 0.790035587189 0.416853094705 0.0320284697509 0.0507084265474
0 0.751482799526 0.152870991797 0.0367734282325 0.0536912751678
0 0.842526690391 0.454511558538 0.0207591933571 0.0335570469799
0 0.827105575326 0.22110365399 0.0172004744958 0.027591349739
0 0.453440094899 0.334451901566 0.0278766310795 0.0454884414616
0 0.134934756821 0.647651006711 0.102609727165 0.0887397464579
0 0.274317912218 0.530947054437 0.0255041518387 0.0507084265474
