0 0.90859375 0.917592592593 0.0796875 0.144444444444
0 0.659895833333 0.468518518519 0.0552083333333 0.168518518519
0 0.71328125 0.381481481481 0.0494791666667 0.103703703704
0 0.67265625 0.732407407407 0.0401041666667 0.0888888888889
0 0.609375 0.781944444444 0.0375 0.125
0 0.452083333333 0.17037037037 0.0354166666667 0.0907407407407
0 0.296354166667 0.15 0.028125 0.0685185185185
0 0.234895833333 0.234722222222 0.03125 0.0694444444444
0 0.194791666667 0.247685185185 0.0229166666667 0.0601851851852
0 0.277864583333 0.513888888889 0.0255208333333 0.0703703703704
