0 0.697643979058 0.411635565313 0.0183246073298 0.0307354555434
0 0.62739965096 0.397914379802 0.022687609075 0.0472008781559
0 0.599040139616 0.309549945115 0.021815008726 0.032930845225
0 0.591186736475 0.338638858397 0.0200698080279 0.0296377607025
0 0.544066317627 0.336992316136 0.0235602094241 0.0351262349067
0 0.549738219895 0.288693743139 0.0244328097731 0.0439077936334
0 0.396596858639 0.327661909989 0.0305410122164 0.0625686059276
0 0.5684991274 0.560373216246 0.0253054101222 0.0450054884742
0 0.464659685864 0.493413830955 0.0253054101222 0.0493962678375
0 0.48647469459 0.455543358946 0.0253054101222 0.0439077936334
0 0.381762652705 0.68386388584 0.0270506108202 0.046103183315
0 0.229930191972 0.14489571899 0.0375218150087 0.0482985729967
0 0.124781849913 0.149835345774 0.0471204188482 0.0691547749726
0 0.15445026178 0.0301866081229 0.0349040139616 0.0362239297475
0 0.119109947644 0.445664105379 0.0497382198953 0.0856201975851
0 0.087260034904 0.396816684962 0.0383944153578 0.0559824368825
0 0.135253054101 0.594950603732 0.0383944153578 0.05268935236
0 0.205497382199 0.645993413831 0.0357766143106 0.0713501646542
