0 0.0640547263682 0.463719766472 0.0323383084577 0.0667222685571
0 0.200559701493 0.496663886572 0.0279850746269 0.0675562969141
0 0.405161691542 0.311926605505 0.0254975124378 0.0483736447039
0 0.50342039801 0.303169307756 0.0242537313433 0.0425354462052
0 0.533271144279 0.276063386155 0.0205223880597 0.0483736447039
0 0.396766169154 0.690992493745 0.0273631840796 0.0658882402002
0 0.452425373134 0.651793160967 0.0267412935323 0.0508757297748
0 0.356654228856 0.660133444537 0.0254975124378 0.0558798999166
0 0.251554726368 0.824020016681 0.0242537313433 0.0567139282736
0 0.184390547264 0.430358632193 0.0192786069652 0.0383653044204
0 0.370646766169 0.488740617181 0.0223880597015 0.0266889074229
0 0.618781094527 0.610508757298 0.023631840796 0.0550458715596
0 0.457711442786 0.394912427023 0.0186567164179 0.0425354462052
0 0.60105721393 0.284403669725 0.0217661691542 0.04670558799
0 0.620335820896 0.233110925771 0.0167910447761 0.0358632193495
0 0.688121890547 0.423686405338 0.0242537313433 0.0450375312761
0 0.696828358209 0.184737281068 0.0267412935323 0.0442035029191
0 0.848569651741 0.473728106756 0.0279850746269 0.0433694745621
0 0.916666666667 0.454545454545 0.0286069651741 0.0433694745621
0 0.938432835821 0.409924937448 0.021144278607 0.0375312760634
0 0.830223880597 0.290241868224 0.0298507462687 0.0567139282736
0 0.713308457711 0.276063386155 0.0124378109453 0.0200166805671
0 0.734452736318 0.48623853211 0.0223880597015 0.0450375312761
