0 0.0417080784159 0.171758925292 0.0294520547945 0.0690032858708
0 0.0242423249912 0.204069987723 0.0301369863014 0.0722891566265
0 0.112598489375 0.167377764284 0.0287671232877 0.0733844468784
0 0.0375984893748 0.330028366694 0.0198630136986 0.0328587075575
0 0.224927256498 0.419842167351 0.0246575342466 0.0481927710843
0 0.310543694854 0.229261663517 0.0191780821918 0.0350492880613
0 0.285201229101 0.59070744665 0.0246575342466 0.0635268346112
0 0.335543694854 0.618637348074 0.0198630136986 0.0536692223439
0 0.352666982525 0.593993317406 0.0184931506849 0.0372398685652
0 0.46910533869 0.182164182685 0.0184931506849 0.0372398685652
0 0.479721777046 0.274716208972 0.0191780821918 0.0427163198248
0 0.428351914032 0.638900217734 0.0232876712329 0.065717415115
0 0.595475201704 0.511298903386 0.0219178082192 0.0536692223439
0 0.550269722251 0.480630776332 0.0219178082192 0.0536692223439
0 0.573899859238 0.535942934054 0.0198630136986 0.0547645125958
0 0.590338215402 0.576468673375 0.0157534246575 0.026286966046
0 0.515338215402 0.356862977866 0.0219178082192 0.0470974808324
0 0.609516297594 0.259382145445 0.022602739726 0.0536692223439
0 0.776982051019 0.177235376551 0.0219178082192 0.0536692223439
0 0.792735475676 0.229261663517 0.0219178082192 0.052573932092
0 0.827666982525 0.210094084109 0.0232876712329 0.0427163198248
0 0.953694379786 0.292788498128 0.0232876712329 0.0481927710843
0 0.864653283895 0.458724971294 0.0178082191781 0.0449069003286
0 0.849927256498 0.473511389695 0.0157534246575 0.0438116100767
0 0.880406708553 0.464749067679 0.0150684931507 0.0372398685652
0 0.796845064717 0.538681159684 0.0191780821918 0.0405257393209
0 0.774927256498 0.574278092871 0.0219178082192 0.052573932092
0 0.683488900334 0.508560677756 0.0198630136986 0.0547645125958
0 0.930064242799 0.491036033725 0.0198630136986 0.026286966046
0 0.945475201704 0.42531861861 0.0232876712329 0.0328587075575
0 0.112940955128 0.478440195828 0.0212328767123 0.0383351588171
