0 0.0888020833333 0.201388888889 0.0296875 0.0805555555556
0 0.127083333333 0.161111111111 0.0302083333333 0.0722222222222
0 0.20234375 0.216666666667 0.0244791666667 0.0740740740741
0 0.1859375 0.232407407407 0.0166666666667 0.0425925925926
0 0.30859375 0.218518518519 0.0192708333333 0.0592592592593
0 0.3875 0.176851851852 0.015625 0.0481481481481
0 0.455989583333 0.214814814815 0.0161458333333 0.0518518518519
0 0.491666666667 0.298148148148 0.0145833333333 0.0537037037037
0 0.43359375 0.341666666667 0.0182291666667 0.0574074074074
0 0.03515625 0.460648148148 0.0401041666667 0.075
0 0.140625 0.50462962963 0.0239583333333 0.0462962962963
0 0.166145833333 0.656481481481 0.0291666666667 0.0740740740741
0 0.0580729166667 0.612962962963 0.0296875 0.0740740740741
0 0.0395833333333 0.694907407407 0.028125 0.0675925925926
0 0.391666666667 0.575462962963 0.0197916666667 0.0601851851852
0 0.35234375 0.391203703704 0.0192708333333 0.0398148148148
0 0.49140625 0.573148148148 0.0140625 0.0296296296296
0 0.0315104166667 0.122222222222 0.0317708333333 0.0425925925926
