0 0.856050531915 0.538058991437 0.0232712765957 0.0428163653663
0 0.774268617021 0.248334919125 0.0259308510638 0.0551855375833
0 0.89960106383 0.157469077069 0.0199468085106 0.0313986679353
0 0.647606382979 0.208848715509 0.0199468085106 0.0333016175071
0 0.606382978723 0.256898192198 0.0226063829787 0.0437678401522
0 0.599069148936 0.166983824929 0.0199468085106 0.0409134157945
0 0.773936170213 0.156517602284 0.0172872340426 0.0218839200761
0 0.546542553191 0.415794481446 0.0172872340426 0.0285442435775
0 0.657247340426 0.438629876308 0.0232712765957 0.0551855375833
0 0.675199468085 0.5337773549 0.0192819148936 0.0380589914367
0 0.717420212766 0.553282588011 0.0199468085106 0.04662226451
0 0.595079787234 0.589914367269 0.0226063829787 0.0437678401522
0 0.868683510638 0.343482397716 0.0246010638298 0.0399619410086
0 0.870678191489 0.303996194101 0.0206117021277 0.0333016175071
0 0.395279255319 0.289724072312 0.0246010638298 0.0542340627973
0 0.471409574468 0.425784966698 0.0226063829787 0.058039961941
0 0.453789893617 0.623691722169 0.0246010638298 0.0599429115128
0 0.40625 0.651284490961 0.0172872340426 0.035204567079
0 0.375997340426 0.516175071361 0.0206117021277 0.0428163653663
0 0.384640957447 0.609419600381 0.0192819148936 0.0447193149382
0 0.323138297872 0.364414843007 0.0199468085106 0.0494766888677
0 0.299534574468 0.335870599429 0.0192819148936 0.0475737392959
0 0.244680851064 0.372502378687 0.0226063829787 0.0523311132255
0 0.320146276596 0.557088487155 0.0179521276596 0.0275927687916
0 0.318816489362 0.667935299715 0.0219414893617 0.0532825880114
0 0.141289893617 0.383444338725 0.0219414893617 0.0589914367269
0 0.0428856382979 0.343482397716 0.03125 0.0475737392959
0 0.124335106383 0.689343482398 0.0265957446809 0.0333016175071
0 0.0834441489362 0.698382492864 0.0219414893617 0.0304471931494
