0 0.754668383773 0.148609779482 0.0270444301352 0.0536912751678
0 0.700579523503 0.273250239693 0.0270444301352 0.0594439117929
0 0.639407598197 0.337008628955 0.0270444301352 0.0565675934803
0 0.599484867997 0.187440076702 0.0231809401159 0.0412272291467
0 0.515453960077 0.26414189837 0.0199613650998 0.0450623202301
0 0.470701867354 0.235378715244 0.020605280103 0.0431447746884
0 0.450418544752 0.26941514861 0.026400515132 0.0632790028763
0 0.403090792015 0.197507190796 0.0283322601417 0.0747842761266
0 0.234385061172 0.285714285714 0.0244687701223 0.0671140939597
0 0.380875724404 0.431927133269 0.0276883451384 0.0584851390221
0 0.755312298777 0.497123681687 0.0193174500966 0.039309683605
0 0.764649066323 0.525886864813 0.0212491951062 0.0335570469799
0 0.698325820992 0.54506232023 0.0186735350934 0.0354745925216
0 0.654217643271 0.490412272291 0.0218931101095 0.0488974113135
0 0.563103670316 0.537871524449 0.0212491951062 0.0575263662512
0 0.616548615583 0.57334611697 0.0225370251127 0.0287631831256
0 0.471023824855 0.647651006711 0.026400515132 0.0642377756472
0 0.403412749517 0.732502396932 0.026400515132 0.065196548418
0 0.268512556343 0.66347075743 0.0296200901481 0.065196548418
0 0.236960721185 0.642377756472 0.0270444301352 0.032598274209
0 0.0724404378622 0.271332694151 0.0315518351578 0.0479386385427
