0 0.502670226969 0.369342442357 0.0173564753004 0.0384286934244
0 0.562082777036 0.338599487617 0.0160213618158 0.0350128095645
0 0.549065420561 0.447053800171 0.0193591455274 0.0435525192143
0 0.660213618158 0.374893253629 0.0213618157543 0.0341588385995
0 0.541054739653 0.67122117848 0.0233644859813 0.0461144321093
0 0.583778371162 0.696413321947 0.0233644859813 0.0384286934244
0 0.443257676903 0.629803586678 0.0146862483311 0.0298889837746
0 0.639185580774 0.716054654142 0.0193591455274 0.0264730999146
0 0.74432576769 0.567463706234 0.018691588785 0.0384286934244
0 0.740654205607 0.47608881298 0.020694259012 0.0452604611443
0 0.840120160214 0.558923996584 0.024699599466 0.0555081127242
0 0.73564753004 0.893253629377 0.018691588785 0.0307429547395
0 0.915220293725 0.568744662681 0.0267022696929 0.0529461998292
0 0.843124165554 0.914602903501 0.0200267022697 0.0444064901793
0 0.823765020027 0.964560204953 0.018691588785 0.0401366353544
0 0.962283044059 0.637916310845 0.024699599466 0.0512382578992
0 0.631842456609 0.558497011102 0.024699599466 0.0239111870196
0 0.613818424566 0.502134927412 0.0153538050734 0.0204953031597
0 0.417222963952 0.581554227156 0.0146862483311 0.0290350128096
