0 0.884280642281 0.547251067884 0.0463541666667 0.0972222222222
0 0.800166058947 0.617621438255 0.0385416666667 0.087962962963
0 0.855634808947 0.654658475292 0.0369791666667 0.0935185185185
0 0.946520225614 0.301417734551 0.0354166666667 0.116666666667
0 0.745738975614 0.21067699381 0.0401041666667 0.0981481481481
0 0.826728558947 0.725954771588 0.028125 0.0527777777778
0 0.690009808947 0.614380697514 0.0234375 0.0759259259259
0 0.595478558947 0.704195512329 0.0229166666667 0.0555555555556
0 0.587145225614 0.65280662344 0.0177083333333 0.0472222222222
0 0.579593142281 0.229195512329 0.0203125 0.0666666666667
0 0.576988975614 0.297251067884 0.0192708333333 0.062037037037
0 0.543655642281 0.284751067884 0.0182291666667 0.0314814814815
0 0.533759808947 0.569010327144 0.0192708333333 0.05
0 0.482718142281 0.619010327144 0.0161458333333 0.0407407407407
0 0.422561892281 0.57780662344 0.0145833333333 0.0416666666667
0 0.466051475614 0.416695512329 0.0171875 0.0453703703704
0 0.430374392281 0.386602919736 0.0145833333333 0.0462962962963
0 0.400166058947 0.305584401218 0.0135416666667 0.0324074074074
