0 0.829984135378 0.820686070686 0.053410893707 0.129937629938
0 0.765203595981 0.37525987526 0.0454785827604 0.137214137214
0 0.649920676891 0.696985446985 0.0222104706504 0.0550935550936
0 0.503966155473 0.736486486486 0.0190375462718 0.0488565488565
0 0.595716552089 0.531704781705 0.0290851401375 0.0675675675676
0 0.548915917504 0.348232848233 0.0190375462718 0.0623700623701
0 0.642252776309 0.0530145530146 0.0237969328398 0.047817047817
0 0.616076150185 0.176715176715 0.0169222633527 0.037422037422
0 0.644368059228 0.209459459459 0.0248545742993 0.0613305613306
0 0.442358540455 0.382016632017 0.0142781597039 0.0426195426195
0 0.425436277102 0.380977130977 0.0132205182443 0.0280665280665
0 0.469328397673 0.335239085239 0.016393442623 0.0426195426195
0 0.983342147012 0.734407484407 0.0280274986779 0.0987525987526
0 0.4653622422 0.559251559252 0.0137493389741 0.035343035343
