0 0.820563195809 0.298833819242 0.0261951538965 0.0495626822157
0 0.740667976424 0.390670553936 0.0248853962017 0.0544217687075
0 0.666666666667 0.418853255588 0.0235756385069 0.0563654033042
0 0.506876227898 0.260447035957 0.0248853962017 0.0660835762877
0 0.533071381794 0.239067055394 0.022265880812 0.0427599611273
0 0.569417157826 0.289115646259 0.0203012442698 0.0456754130224
0 0.644728225278 0.569970845481 0.0229207596595 0.0495626822157
0 0.73935821873 0.62925170068 0.0196463654224 0.041788143829
0 0.74296005239 0.657434402332 0.018991486575 0.0281827016521
0 0.675180091683 0.642371234208 0.0196463654224 0.0310981535471
0 0.591683038638 0.629737609329 0.0229207596595 0.0310981535471
0 0.550098231827 0.568027210884 0.022265880812 0.0573372206025
0 0.438441388343 0.621963070943 0.0268500327439 0.064139941691
0 0.664047151277 0.258017492711 0.0209561231172 0.041788143829
0 0.479043876883 0.170068027211 0.0268500327439 0.069970845481
0 0.40373280943 0.379008746356 0.0281597904388 0.0563654033042
0 0.355271774722 0.666666666667 0.0294695481336 0.0621963070943
0 0.248526522593 0.530126336249 0.0307793058284 0.0515063168124
0 0.221676489849 0.499514091351 0.0294695481336 0.0330417881438
0 0.301571709234 0.166180758017 0.0281597904388 0.064139941691
0 0.15455140799 0.0714285714286 0.0327439423707 0.0456754130224
