0 0.211220955002 0.49972390944 0.0463541666667 0.0972222222222
0 0.295335538335 0.57009427981 0.0385416666667 0.087962962963
0 0.239866788335 0.607131316848 0.0369791666667 0.0935185185185
0 0.148981371669 0.253890576107 0.0354166666667 0.116666666667
0 0.349762621669 0.163149835366 0.0401041666667 0.0981481481481
0 0.268773038335 0.678427613144 0.028125 0.0527777777778
0 0.405491788335 0.56685353907 0.0234375 0.0759259259259
0 0.500023038335 0.656668353885 0.0229166666667 0.0555555555556
0 0.508356371669 0.605279464996 0.0177083333333 0.0472222222222
0 0.515908455002 0.181668353885 0.0203125 0.0666666666667
0 0.518512621669 0.24972390944 0.0192708333333 0.062037037037
0 0.551845955002 0.23722390944 0.0182291666667 0.0314814814815
0 0.561741788335 0.521483168699 0.0192708333333 0.05
0 0.612783455002 0.571483168699 0.0161458333333 0.0407407407407
0 0.672939705002 0.530279464996 0.0145833333333 0.0416666666667
0 0.629450121669 0.369168353885 0.0171875 0.0453703703704
0 0.665127205002 0.339075761292 0.0145833333333 0.0462962962963
0 0.695335538335 0.258057242773 0.0135416666667 0.0324074074074
