0 0.469538461538 0.604235880399 0.0356923076923 0.0739202657807
0 0.250769230769 0.307724252492 0.0338461538462 0.0523255813953
0 0.312 0.397840531561 0.0356923076923 0.0647840531561
0 0.384307692308 0.575166112957 0.0350769230769 0.0855481727575
0 0.787384615385 0.596760797342 0.0375384615385 0.0656146179402
0 0.795076923077 0.524086378738 0.0283076923077 0.0498338870432
0 0.864 0.40573089701 0.0295384615385 0.0573089700997
0 0.446769230769 0.644518272425 0.0270769230769 0.0697674418605
0 0.513230769231 0.21303986711 0.0258461538462 0.0589700996678
0 0.631384615385 0.544435215947 0.0356923076923 0.0705980066445
0 0.592 0.161544850498 0.0246153846154 0.0490033222591
0 0.727692307692 0.152408637874 0.0313846153846 0.0656146179402
0 0.775692307692 0.0955149501661 0.0301538461538 0.0382059800664
0 0.705538461538 0.0880398671096 0.0301538461538 0.046511627907
0 0.431692307692 0.204318936877 0.0424615384615 0.0498338870432
