0 0.90444015444 0.257269279393 0.0366795366795 0.109987357775
0 0.857142857143 0.202275600506 0.037323037323 0.0986093552465
0 0.764157014157 0.278128950695 0.0302445302445 0.101137800253
0 0.784427284427 0.299620733249 0.020592020592 0.0581542351454
0 0.632882882883 0.280657395702 0.0238095238095 0.0809102402023
0 0.535392535393 0.223767383059 0.019305019305 0.0657395701643
0 0.450772200772 0.275600505689 0.0199485199485 0.070796460177
0 0.406692406692 0.389380530973 0.018018018018 0.0733249051833
0 0.478442728443 0.448798988622 0.0225225225225 0.078381795196
0 0.970720720721 0.611251580278 0.0495495495495 0.102402022756
0 0.840411840412 0.671302149178 0.029601029601 0.063211125158
0 0.80888030888 0.878634639697 0.036036036036 0.101137800253
0 0.942406692407 0.819216182048 0.0366795366795 0.101137800253
0 0.965250965251 0.931099873578 0.034749034749 0.0922882427307
0 0.530244530245 0.76801517067 0.024453024453 0.0821744627054
0 0.578828828829 0.516434892541 0.0238095238095 0.0543615676359
0 0.407014157014 0.764854614412 0.0173745173745 0.0404551201011
0 0.975225225225 0.149178255373 0.0392535392535 0.0581542351454
