0 0.807417046194 0.497472620051 0.0169160702668 0.0311710193766
0 0.807742355237 0.449873631003 0.0162654521796 0.0303285593934
0 0.864020819779 0.488205560236 0.0182173064411 0.0261162594777
0 0.797657774886 0.53748946925 0.0169160702668 0.0286436394271
0 0.735849056604 0.685341196293 0.0104098893949 0.0210614995788
0 0.84417696812 0.704717775906 0.0162654521796 0.0261162594777
0 0.860117111256 0.708087615838 0.0117111255693 0.0244313395114
0 0.897202342225 0.557708508846 0.0156148340924 0.0286436394271
0 0.929733246584 0.605307497894 0.0104098893949 0.0210614995788
0 0.905335068315 0.572872788543 0.0110605074821 0.016849199663
