0 0.459582790091 0.895809080326 0.0430247718383 0.157159487776
0 0.622555410691 0.641443538999 0.0365058670143 0.0791618160652
0 0.810951760104 0.743306169965 0.0469361147327 0.133876600698
0 0.855606258149 0.730500582072 0.0241199478488 0.105937136205
0 0.531942633638 0.124563445867 0.0443285528031 0.142025611176
0 0.847131681877 0.0599534342258 0.0436766623207 0.103608847497
0 0.87777053455 0.140861466822 0.0215123859192 0.0721769499418
0 0.851694915254 0.140279394645 0.0319426336375 0.0686845168801
0 0.520860495437 0.263678696158 0.0299869621904 0.0779976717113
0 0.97555410691 0.172875436554 0.0319426336375 0.0593713620489
0 0.951760104302 0.245634458673 0.0325945241199 0.0628637951106
