0 0.251255060529 0.538909427189 0.0444002650762 0.117782909931
0 0.477563874313 0.654382868297 0.0318091451292 0.0854503464203
0 0.549134450854 0.750225824417 0.0357852882704 0.101616628176
0 0.605463145354 0.860502960676 0.0371106693174 0.114318706697
0 0.880479712617 0.528516817489 0.0410868124586 0.108545034642
0 0.931175537667 0.764660004556 0.0430748840292 0.0935334872979
0 0.854303436938 0.715583792085 0.0245195493704 0.0484988452656
0 0.832765994923 0.653805501092 0.0278330019881 0.0727482678984
0 0.878491641046 0.456923284002 0.0410868124586 0.0508083140878
0 0.78902842037 0.322974092316 0.025182239894 0.0484988452656
0 0.833428685447 0.154960235503 0.0397614314115 0.0889145496536
0 0.74562219108 0.0902951084821 0.0351225977469 0.0658198614319
0 0.621367717918 0.342027210099 0.0318091451292 0.100461893764
0 0.561394225539 0.20461381518 0.037773359841 0.11662817552
0 0.405330607249 0.365699265526 0.0357852882704 0.101616628176
0 0.185980043962 0.0868309052489 0.053015241882 0.0889145496536
