0 0.2328125 0.303703703704 0.0135416666667 0.0296296296296
0 0.125520833333 0.50462962963 0.0229166666667 0.0518518518519
0 0.176302083333 0.211574074074 0.0203125 0.037962962963
0 0.119010416667 0.226851851852 0.0203125 0.05
0 0.0419270833333 0.223148148148 0.0203125 0.037037037037
0 0.1234375 0.180555555556 0.0208333333333 0.0259259259259
0 0.18515625 0.322685185185 0.0140625 0.025
0 0.15703125 0.334259259259 0.0192708333333 0.0388888888889
0 0.02265625 0.619444444444 0.0192708333333 0.0407407407407
0 0.03828125 0.484259259259 0.0213541666667 0.05
