0 0.528561596696 0.738219895288 0.0619408121129 0.157068062827
0 0.804542326222 0.269109947644 0.0495526496903 0.100523560209
0 0.344115622849 0.749738219895 0.0495526496903 0.115183246073
0 0.249827942189 0.458638743455 0.0330350997935 0.0670157068063
0 0.173778389539 0.496858638743 0.036476256022 0.0701570680628
0 0.157949070888 0.152356020942 0.0419821059876 0.0743455497382
0 0.127322780454 0.564397905759 0.0233998623538 0.0460732984293
0 0.0946317962836 0.268062827225 0.0199587061253 0.0376963350785
0 0.50240880936 0.260209424084 0.0316586373021 0.0638743455497
0 0.895044735031 0.521989528796 0.117687543014 0.122513089005
0 0.727804542326 0.432984293194 0.029593943565 0.0701570680628
