0 0.816890881913 0.1046277666 0.0284005979073 0.0482897384306
0 0.772795216741 0.243460764588 0.0269058295964 0.0523138832998
0 0.710388639761 0.322937625755 0.02466367713 0.0543259557344
0 0.496263079223 0.299798792757 0.0269058295964 0.0643863179074
0 0.514200298954 0.261569416499 0.0239162929746 0.0422535211268
0 0.568011958146 0.278672032193 0.0224215246637 0.0442655935614
0 0.744020926756 0.472837022133 0.02466367713 0.0482897384306
0 0.858744394619 0.456237424547 0.0209267563528 0.0412474849095
0 0.872197309417 0.478370221328 0.0209267563528 0.0271629778672
0 0.800822122571 0.51509054326 0.0216741405082 0.0301810865191
0 0.714125560538 0.564386317907 0.02466367713 0.0301810865191
0 0.650971599402 0.540241448692 0.0239162929746 0.056338028169
0 0.561659192825 0.670020120724 0.0291479820628 0.0623742454728
0 0.649476831091 0.182092555332 0.0224215246637 0.0402414486922
0 0.436098654709 0.239436619718 0.0291479820628 0.0684104627767
0 0.43908819133 0.479376257545 0.0306427503737 0.0553319919517
0 0.497010463378 0.770120724346 0.0313901345291 0.0613682092555
0 0.342301943199 0.726861167002 0.0328849028401 0.0513078470825
0 0.304932735426 0.719818913481 0.0313901345291 0.0311871227364
0 0.260837070254 0.36569416499 0.0298953662182 0.0613682092555
0 0.0829596412556 0.388832997988 0.034379671151 0.0452716297787
