0 0.795643353626 0.227315042172 0.0246913580247 0.0444282592862
0 0.752727421821 0.292136600802 0.0246913580247 0.0458849235251
0 0.8697174277 0.404299747197 0.0235155790711 0.0415149308084
0 0.797113077318 0.490607103351 0.0205761316872 0.0436999271668
0 0.596054876259 0.231685034888 0.0217519106408 0.0371449380918
0 0.563427010298 0.279390788712 0.0235155790711 0.0553532410779
0 0.53197492329 0.224765879753 0.0252792475015 0.0422432629279
0 0.429094264854 0.289223272325 0.0217519106408 0.0444282592862
0 0.706284153155 0.480774619739 0.0235155790711 0.0429715950473
0 0.661016663443 0.59803609097 0.021164021164 0.0429715950473
0 0.656313547629 0.664314313839 0.0282186948854 0.0589949016752
0 0.495819720469 0.651568501749 0.0364491475603 0.0670065549891
0 0.350611019704 0.341299018865 0.0282186948854 0.0568099053168
0 0.0848849762005 0.556885326221 0.0293944738389 0.0466132556446
0 0.295643353626 0.768101640861 0.0335097001764 0.0786598689002
0 0.274479332462 0.788859106265 0.0288065843621 0.0793882010197
0 0.282415840398 0.831102369193 0.0270429159318 0.0619082301529
0 0.163662166089 0.752078334233 0.0399764844209 0.0597232337946
