0 0.684085510689 0.778198334595 0.0463182897862 0.0847842543528
0 0.722684085511 0.486373959122 0.041567695962 0.0855412566238
0 0.607779097387 0.701362604088 0.0267220902613 0.0537471612415
0 0.599168646081 0.641180923543 0.0178147268409 0.0333080999243
0 0.475059382423 0.598788796366 0.0154394299287 0.0302800908403
0 0.581947743468 0.407267221802 0.0178147268409 0.0317940953823
0 0.496140142518 0.389477668433 0.0124703087886 0.0204390613172
0 0.486935866983 0.386071158213 0.00950118764846 0.0196820590462
0 0.571258907363 0.516275548827 0.021377672209 0.0408781226344
0 0.697743467933 0.277062831188 0.020190023753 0.0211960635882
