0 0.166145833333 0.131481481481 0.0260416666667 0.0592592592593
0 0.358072916667 0.160185185185 0.0192708333333 0.0685185185185
0 0.405208333333 0.218981481481 0.0166666666667 0.0472222222222
0 0.391927083333 0.186574074074 0.0203125 0.0564814814815
0 0.0291666666667 0.10462962963 0.0291666666667 0.0518518518519
0 0.113020833333 0.331481481481 0.0322916666667 0.0851851851852
0 0.17109375 0.259722222222 0.0338541666667 0.0675925925926
0 0.320052083333 0.506481481481 0.0151041666667 0.0611111111111
0 0.248177083333 0.604166666667 0.0255208333333 0.0712962962963
0 0.275520833333 0.398148148148 0.025 0.0592592592593
0 0.142447916667 0.647685185185 0.0255208333333 0.0583333333333
0 0.174479166667 0.669907407407 0.0291666666667 0.0694444444444
0 0.0635416666667 0.756018518519 0.0322916666667 0.0935185185185
0 0.334635416667 0.498148148148 0.0151041666667 0.0462962962963
