0 0.464397496088 0.193777292576 0.0211267605634 0.0491266375546
0 0.457355242567 0.262554585153 0.0242566510172 0.0534934497817
0 0.514866979656 0.159388646288 0.0250391236307 0.0393013100437
0 0.366197183099 0.164301310044 0.0219092331768 0.046943231441
0 0.442488262911 0.116266375546 0.0211267605634 0.0447598253275
0 0.432707355243 0.547489082969 0.0203442879499 0.0403930131004
0 0.558685446009 0.482532751092 0.0172143974961 0.0393013100437
0 0.573552425665 0.476528384279 0.0172143974961 0.0316593886463
0 0.637323943662 0.277838427948 0.0133020344288 0.0316593886463
0 0.675273865415 0.47980349345 0.0140845070423 0.0251091703057
0 0.674100156495 0.382096069869 0.0148669796557 0.028384279476
0 0.602112676056 0.269650655022 0.0133020344288 0.0218340611354
0 0.561815336463 0.237991266376 0.0156494522692 0.028384279476
0 0.595852895149 0.296943231441 0.0133020344288 0.0240174672489
0 0.686228482003 0.418668122271 0.0125195618153 0.0251091703057
0 0.706572769953 0.490174672489 0.0109546165884 0.0152838427948
0 0.719483568075 0.343886462882 0.00860719874804 0.0196506550218
0 0.566118935837 0.265283842795 0.0133020344288 0.0262008733624
