0 0.883205602801 0.194689965095 0.0351826792963 0.108490566038
0 0.719470826076 0.27487864434 0.0378890392422 0.139937106918
0 0.689362571678 0.818117638051 0.0345060893099 0.0974842767296
0 0.901473532435 0.87236292107 0.0297699594046 0.0927672955975
0 0.413313857199 0.874721411636 0.0196211096076 0.059748427673
0 0.38726514272 0.90380946195 0.021650879567 0.0833333333333
0 0.32772522391 0.833840908491 0.0257104194858 0.0880503144654
0 0.244504655575 0.708840908491 0.021650879567 0.0770440251572
0 0.210675156251 0.201765436793 0.0230040595399 0.100628930818
0 0.395045927564 0.24736292107 0.0209742895805 0.0566037735849
0 0.151811827429 0.265444682076 0.021650879567 0.0707547169811
0 0.166696807131 0.215916380189 0.0230040595399 0.0849056603774
