0 0.422135416667 0.266203703704 0.0151041666667 0.0398148148148
0 0.427083333333 0.234259259259 0.0166666666667 0.0351851851852
0 0.468489583333 0.240740740741 0.0161458333333 0.0481481481481
0 0.459895833333 0.500925925926 0.0145833333333 0.0388888888889
0 0.556510416667 0.564351851852 0.0161458333333 0.0490740740741
0 0.64453125 0.61712962963 0.0161458333333 0.0490740740741
0 0.586979166667 0.577777777778 0.0114583333333 0.0277777777778
0 0.57421875 0.597222222222 0.0161458333333 0.0296296296296
0 0.5703125 0.289814814815 0.0114583333333 0.0259259259259
0 0.50546875 0.262962962963 0.0130208333333 0.0314814814815
0 0.513541666667 0.426388888889 0.0145833333333 0.0268518518519
0 0.685416666667 0.334259259259 0.0145833333333 0.0333333333333
0 0.712239583333 0.407407407407 0.0151041666667 0.0407407407407
0 0.79921875 0.344444444444 0.0203125 0.0462962962963
0 0.737760416667 0.510185185185 0.0161458333333 0.037037037037
0 0.77421875 0.544444444444 0.0161458333333 0.0407407407407
0 0.75 0.562962962963 0.0145833333333 0.0444444444444
0 0.76171875 0.59537037037 0.0130208333333 0.0185185185185
0 0.83671875 0.55462962963 0.0161458333333 0.0425925925926
0 0.930729166667 0.281944444444 0.0177083333333 0.0490740740741
0 0.939322916667 0.325 0.0203125 0.0425925925926
0 0.908072916667 0.624074074074 0.0182291666667 0.0425925925926
0 0.927864583333 0.600462962963 0.0171875 0.0398148148148
0 0.991145833333 0.539351851852 0.0125 0.0398148148148
0 0.979166666667 0.551851851852 0.0125 0.0388888888889
0 0.9734375 0.3125 0.021875 0.0287037037037
