0 0.582207868467 0.326999208234 0.0182031708749 0.0443388756928
0 0.593658250147 0.334916864608 0.0129183793306 0.0380047505938
0 0.613916617733 0.278305621536 0.017028772754 0.0387965162312
0 0.718438050499 0.324228028504 0.0193775689959 0.0372129849565
0 0.618614210217 0.39746634996 0.0182031708749 0.0300870942201
0 0.799177921315 0.4216152019 0.0223135642983 0.0419635787807
0 0.842337052261 0.466349960412 0.0205519671169 0.0380047505938
0 0.860246623605 0.460411718131 0.0176159718144 0.0308788598575
0 0.691133294187 0.639746634996 0.0223135642983 0.0443388756928
0 0.553141514974 0.594615993666 0.0176159718144 0.0300870942201
0 0.534644744568 0.613618368963 0.014679976512 0.0316706254949
0 0.798590722255 0.693190815519 0.0199647680564 0.027711797308
0 0.918379330593 0.652414885194 0.0187903699354 0.0316706254949
0 0.938344098649 0.492082343626 0.0176159718144 0.027711797308
0 0.910745742807 0.510688836105 0.0199647680564 0.0348376880443
