0 0.66924842226 0.561611374408 0.0269650028686 0.0480704129993
0 0.515490533563 0.569735951253 0.0235226620769 0.0358835477319
0 0.404475043029 0.54163845633 0.0367183017785 0.0379146919431
0 0.324153757889 0.52538930264 0.0252438324727 0.0501015572106
0 0.691336775674 0.469194312796 0.0172117039587 0.0284360189573
0 0.66265060241 0.385917400135 0.0183591508893 0.0365605958023
0 0.645152036718 0.373730534868 0.0154905335628 0.023019634394
0 0.469018932874 0.316519972918 0.025817555938 0.0372376438727
0 0.420252438325 0.243737305349 0.0281124497992 0.031144211239
0 0.497705106139 0.306702775897 0.0166379804934 0.0176032498307
0 0.496844520941 0.439742721733 0.0229489386116 0.0372376438727
0 0.421973608721 0.421800947867 0.025817555938 0.031144211239
0 0.569707401033 0.276574136764 0.013769363167 0.0291130670278
0 0.631382673551 0.257278266757 0.0131956397017 0.0270819228165
0 0.690763052209 0.322951929587 0.0126219162364 0.0270819228165
0 0.695639701664 0.316858496953 0.0120481927711 0.0257278266757
0 0.711130235227 0.416384563304 0.0109007458405 0.0162491536899
0 0.750143430866 0.406228842248 0.0131956397017 0.0270819228165
0 0.522662076879 0.257278266757 0.0149168100975 0.0216655382532
