0 0.628755935663 0.344736500387 0.0214745884037 0.0732700135685
0 0.6147974532 0.353556039057 0.0150322118826 0.0610583446404
0 0.598333602091 0.259933243941 0.0193271295634 0.0637720488467
0 0.476286357996 0.305387789396 0.0229062276306 0.0597014925373
0 0.581153931368 0.445143556017 0.0207587687903 0.0488466757123
0 0.376071612112 0.438359295502 0.0257695060845 0.067842605156
0 0.323458870523 0.498060788039 0.0236220472441 0.0624151967436
0 0.30413174096 0.484492267008 0.0207587687903 0.0515603799186
0 0.475928448189 0.808779919654 0.0264853256979 0.0732700135685
0 0.635198312184 0.773501764973 0.0200429491768 0.0488466757123
0 0.653809622134 0.808101493602 0.017179670723 0.0529172320217
0 0.350660015834 0.866446134036 0.0236220472441 0.044776119403
0 0.219665026572 0.77214491287 0.0221904080172 0.0515603799186
0 0.213222650051 0.515021439328 0.0207587687903 0.044776119403
0 0.242571254202 0.550978020061 0.0236220472441 0.0569877883311
