0 0.744343891403 0.0538809344386 0.0239172592114 0.0399397136398
0 0.767937944409 0.0606631499623 0.0245636716225 0.0414468726451
0 0.689722042663 0.0953278070836 0.0232708468003 0.0429540316503
0 0.799288946348 0.137528259231 0.016160310278 0.0188394875659
0 0.689075630252 0.301808590806 0.0193923723335 0.0278824415976
0 0.562378797673 0.250565184627 0.0155138978668 0.0203466465712
0 0.700387847447 0.432177844763 0.0200387847447 0.0369253956292
0 0.671945701357 0.478146194424 0.016160310278 0.0308967596081
0 0.651260504202 0.475131876413 0.0148674854557 0.0218538055765
0 0.428248222366 0.322532027129 0.0148674854557 0.0211002260739
0 0.450549450549 0.379427279578 0.0155138978668 0.024868123587
0 0.609566903685 0.546721929164 0.0193923723335 0.0384325546345
0 0.44246929541 0.57987942728 0.0174531351002 0.0308967596081
0 0.465740142211 0.535041446873 0.0174531351002 0.0316503391108
0 0.466386554622 0.579502637528 0.016160310278 0.0316503391108
0 0.467679379444 0.611906556142 0.0122818358112 0.0150715900528
0 0.451195862961 0.44574227581 0.0168067226891 0.0278824415976
0 0.348416289593 0.450640542577 0.0180995475113 0.0316503391108
0 0.19650937298 0.509042954032 0.0180995475113 0.0308967596081
0 0.202003878474 0.547475508666 0.0174531351002 0.0308967596081
0 0.169360051713 0.558025621703 0.0193923723335 0.024868123587
0 0.102456367162 0.680482290882 0.0187459599224 0.0286360211002
0 0.223658694247 0.716277317257 0.0142210730446 0.0263752825923
0 0.239495798319 0.715146948003 0.0122818358112 0.0256217030897
0 0.21396250808 0.729464958553 0.0116354234001 0.0211002260739
0 0.300904977376 0.718161266014 0.0148674854557 0.0241145440844
0 0.329023917259 0.724189902035 0.0180995475113 0.0301431801055
0 0.37556561086 0.631876412962 0.0155138978668 0.0324039186134
0 0.185520361991 0.77430293896 0.0168067226891 0.0158251695554
0 0.152230122818 0.747550866616 0.0187459599224 0.0195930670686
0 0.79185520362 0.264506405426 0.0168067226891 0.0226073850791
