0 0.621607203483 0.324882996422 0.0140625 0.0333333333333
0 0.58983637015 0.324420033459 0.0171875 0.0435185185185
0 0.543221786816 0.274420033459 0.015625 0.0342592592593
0 0.563534286816 0.497105218644 0.0177083333333 0.0462962962963
0 0.48358637015 0.665623737163 0.0213541666667 0.05
0 0.441138453483 0.279512626052 0.0239583333333 0.0592592592593
0 0.285409286816 0.637382996422 0.0291666666667 0.0638888888889
0 0.330721786816 0.677197811237 0.0239583333333 0.075
0 0.315878036816 0.473957070496 0.0338541666667 0.0925925925926
0 0.28202387015 0.4276607742 0.0286458333333 0.0574074074074
0 0.32421137015 0.109605218644 0.0276041666667 0.0564814814815
0 0.264315536816 0.132753366792 0.0348958333333 0.087962962963
0 0.176815536816 0.724420033459 0.0161458333333 0.0824074074074
