0 0.349794238683 0.130323054332 0.021164021164 0.0359765051395
0 0.329805996473 0.208516886931 0.0235155790711 0.0381791483113
0 0.292181069959 0.150513950073 0.0223398001176 0.0293685756241
0 0.249559082892 0.354258443465 0.026455026455 0.0477239353891
0 0.221046443269 0.435022026432 0.021164021164 0.0330396475771
0 0.172251616696 0.444933920705 0.0235155790711 0.0396475770925
0 0.29923574368 0.504038179148 0.0235155790711 0.0403817914831
0 0.372427983539 0.367107195301 0.0182245737801 0.0249632892805
0 0.443268665491 0.393906020558 0.0223398001176 0.0447870778267
0 0.431804820694 0.560572687225 0.0241034685479 0.0462555066079
0 0.533215755438 0.301395007342 0.021164021164 0.0447870778267
0 0.48001175779 0.596182085169 0.0146972369195 0.0264317180617
0 0.505584950029 0.564610866373 0.0188124632569 0.0337738619677
0 0.521457965902 0.493392070485 0.0176366843034 0.0352422907489
0 0.589065255732 0.381791483113 0.0152851263962 0.0396475770925
0 0.279541446208 0.344346549192 0.0170487948266 0.0279001468429
0 0.61493239271 0.367474302496 0.0164609053498 0.0345080763583
0 0.655790711346 0.411894273128 0.0194003527337 0.0381791483113
0 0.738683127572 0.441629955947 0.0182245737801 0.0389133627019
0 0.816284538507 0.424008810573 0.015873015873 0.0227606461087
0 0.82304526749 0.436123348018 0.0117577895356 0.0293685756241
0 0.830099941211 0.553964757709 0.0176366843034 0.0374449339207
0 0.555555555556 0.624816446402 0.0176366843034 0.0396475770925
0 0.744855967078 0.685389133627 0.0199882422105 0.0256975036711
0 0.783656672546 0.739353891336 0.0176366843034 0.0264317180617
0 0.711052322163 0.672173274596 0.0194003527337 0.0212922173275
0 0.56760728983 0.538179148311 0.0146972369195 0.0205580029369
0 0.884773662551 0.483113069016 0.0188124632569 0.0308370044053
0 0.914462081129 0.553230543319 0.0205761316872 0.0330396475771
0 0.847736625514 0.751468428781 0.0188124632569 0.0256975036711
