0 0.648497019866 0.303764228656 0.0208333333333 0.0462962962963
0 0.590163686533 0.397745710137 0.0135416666667 0.0268518518519
0 0.7115178532 0.313023487915 0.0208333333333 0.05
0 0.7068303532 0.267190154582 0.0208333333333 0.025
0 0.758913686533 0.277375339767 0.0229166666667 0.037962962963
0 0.7919866032 0.309319784211 0.0223958333333 0.0388888888889
0 0.6396428532 0.418116080507 0.0145833333333 0.025
0 0.668028269866 0.431542006433 0.0182291666667 0.0351851851852
0 0.701882436533 0.604690154582 0.0234375 0.0555555555556
0 0.7927678532 0.594504969396 0.0208333333333 0.0462962962963
