0 0.617602427921 0.696299638989 0.0424886191199 0.076714801444
0 0.9093323217 0.41155234657 0.0402124430956 0.0541516245487
0 0.827010622155 0.498194945848 0.0424886191199 0.0667870036101
0 0.723823975721 0.676895306859 0.040971168437 0.0884476534296
0 0.233687405159 0.64214801444 0.0440060698027 0.0676895306859
0 0.231411229135 0.563628158845 0.0333839150228 0.0514440433213
0 0.158573596358 0.427797833935 0.0349013657056 0.0595667870036
0 0.641881638847 0.741877256318 0.0318664643399 0.072202166065
0 0.599772382398 0.272563176895 0.0311077389985 0.0613718411552
0 0.427541729894 0.609205776173 0.0417298937785 0.0740072202166
0 0.509104704097 0.206678700361 0.0288315629742 0.0505415162455
0 0.34559939302 0.177346570397 0.0371775417299 0.0676895306859
0 0.29248861912 0.110108303249 0.035660091047 0.0397111913357
0 0.378224582701 0.111462093863 0.035660091047 0.0478339350181
0 0.699544764795 0.274819494585 0.0500758725341 0.0514440433213
