0 0.1 0.0880626223092 0.0433862433862 0.0743639921722
0 0.142857142857 0.141878669276 0.0359788359788 0.103718199609
0 0.187037037037 0.045988258317 0.0417989417989 0.0880626223092
0 0.0253968253968 0.615459882583 0.0444444444444 0.0939334637965
0 0.175132275132 0.740215264188 0.0328042328042 0.0968688845401
0 0.257407407407 0.815557729941 0.0365079365079 0.0949119373777
0 0.271428571429 0.181996086106 0.031746031746 0.0724070450098
0 0.399470899471 0.160469667319 0.026455026455 0.0880626223092
0 0.316137566138 0.11301369863 0.0291005291005 0.0772994129159
0 0.511375661376 0.138943248532 0.0248677248677 0.0587084148728
0 0.566137566138 0.150684931507 0.0349206349206 0.105675146771
0 0.662433862434 0.0523483365949 0.0253968253968 0.0557729941292
0 0.63253968254 0.330234833659 0.0280423280423 0.0851272015656
0 0.773544973545 0.149217221135 0.026455026455 0.0499021526419
0 0.875396825397 0.115949119374 0.0269841269841 0.059686888454
0 0.880687830688 0.256849315068 0.0365079365079 0.0792563600783
0 0.83253968254 0.344422700587 0.0312169312169 0.0861056751468
0 0.950793650794 0.23385518591 0.0275132275132 0.0528375733855
0 0.650264550265 0.203522504892 0.021164021164 0.0684931506849
0 0.72037037037 0.122798434442 0.0185185185185 0.0636007827789
0 0.242592592593 0.378180039139 0.0365079365079 0.0890410958904
0 0.393386243386 0.657534246575 0.0280423280423 0.0861056751468
0 0.419841269841 0.618395303327 0.0291005291005 0.0528375733855
0 0.589153439153 0.616927592955 0.0312169312169 0.0890410958904
0 0.854497354497 0.676125244618 0.026455026455 0.0665362035225
0 0.888095238095 0.70988258317 0.0301587301587 0.0792563600783
0 0.983597883598 0.650195694716 0.026455026455 0.106653620352
0 0.716402116402 0.689334637965 0.026455026455 0.0655577299413
