0 0.284635416667 0.062037037037 0.0307291666667 0.0944444444444
0 0.24453125 0.162962962963 0.0296875 0.087037037037
0 0.208333333333 0.118055555556 0.03125 0.0583333333333
0 0.0278645833333 0.05 0.0276041666667 0.0648148148148
0 0.143489583333 0.580092592593 0.0348958333333 0.0824074074074
0 0.0989583333333 0.5875 0.028125 0.0509259259259
0 0.0575520833333 0.681018518519 0.0348958333333 0.0916666666667
0 0.274739583333 0.689351851852 0.0265625 0.0824074074074
0 0.350520833333 0.768518518519 0.0291666666667 0.0944444444444
0 0.475260416667 0.618518518519 0.0244791666667 0.0722222222222
0 0.4984375 0.586111111111 0.0260416666667 0.0425925925926
0 0.335677083333 0.36712962963 0.0296875 0.0657407407407
0 0.476041666667 0.165740740741 0.025 0.0833333333333
0 0.35859375 0.191666666667 0.0265625 0.062962962963
0 0.5875 0.138425925926 0.025 0.0490740740741
0 0.646354166667 0.140740740741 0.0375 0.109259259259
0 0.739583333333 0.0416666666667 0.0239583333333 0.0537037037037
0 0.710416666667 0.314351851852 0.03125 0.0694444444444
0 0.670572916667 0.587962962963 0.0317708333333 0.087037037037
0 0.803385416667 0.661574074074 0.0286458333333 0.0675925925926
0 0.950520833333 0.651851851852 0.0291666666667 0.0759259259259
0 0.984635416667 0.687037037037 0.0244791666667 0.0814814814815
0 0.9765625 0.234722222222 0.0291666666667 0.075
0 0.863020833333 0.127314814815 0.0270833333333 0.0453703703704
0 0.92578125 0.319907407407 0.0317708333333 0.0898148148148
