0 0.687601957586 0.138758231421 0.0293637846656 0.0442144873001
0 0.570962479608 0.25917215428 0.0309951060359 0.0573847601129
0 0.655383360522 0.49388523048 0.0285481239804 0.0395108184384
0 0.838091353997 0.402163687676 0.0252854812398 0.038570084666
0 0.442903752039 0.66462841016 0.0163132137031 0.0253998118532
0 0.427406199021 0.690498588899 0.0179445350734 0.0338664158043
0 0.365415986949 0.694261523989 0.021207177814 0.035747883349
0 0.272838499184 0.688617121355 0.0187601957586 0.0319849482596
0 0.143556280587 0.502351834431 0.021207177814 0.0413922859831
0 0.302610114192 0.421919096896 0.0179445350734 0.0235183443086
0 0.108890701468 0.56020696143 0.0187601957586 0.0291627469426
0 0.110929853181 0.53198494826 0.0195758564437 0.0348071495767
