0 0.844522968198 0.912444933921 0.0763250883392 0.170704845815
0 0.76890459364 0.366189427313 0.0678445229682 0.172907488987
0 0.70035335689 0.845264317181 0.043816254417 0.106828193833
0 0.661130742049 0.746696035242 0.0289752650177 0.0660792951542
0 0.463957597173 0.783039647577 0.0247349823322 0.0594713656388
0 0.532155477032 0.352973568282 0.0282685512367 0.0627753303965
0 0.401413427562 0.397577092511 0.0197879858657 0.0396475770925
0 0.386219081272 0.399779735683 0.0148409893993 0.0374449339207
0 0.565371024735 0.553414096916 0.0353356890459 0.0803964757709
0 0.639575971731 0.0220264317181 0.0325088339223 0.0418502202643
