0 0.857552083333 0.666203703704 0.0401041666667 0.10462962963
0 0.941666666667 0.461574074074 0.0333333333333 0.0787037037037
0 0.946354166667 0.61712962963 0.0260416666667 0.0675925925926
0 0.790364583333 0.379166666667 0.0338541666667 0.0916666666667
0 0.663802083333 0.662962962963 0.0255208333333 0.0666666666667
0 0.859635416667 0.125925925926 0.0359375 0.0796296296296
0 0.593229166667 0.226388888889 0.0239583333333 0.0601851851852
0 0.573177083333 0.484259259259 0.0234375 0.0722222222222
0 0.54296875 0.185648148148 0.0213541666667 0.0398148148148
0 0.586458333333 0.109259259259 0.021875 0.0537037037037
0 0.434114583333 0.306481481481 0.0213541666667 0.0666666666667
0 0.2546875 0.30462962963 0.021875 0.0537037037037
0 0.191666666667 0.294444444444 0.0177083333333 0.0407407407407
0 0.2875 0.508796296296 0.0197916666667 0.0527777777778
0 0.526041666667 0.653703703704 0.021875 0.062962962963
0 0.563802083333 0.616666666667 0.0213541666667 0.0481481481481
0 0.407291666667 0.672222222222 0.01875 0.0518518518519
0 0.3265625 0.267592592593 0.0177083333333 0.0407407407407
0 0.594270833333 0.452314814815 0.0197916666667 0.0453703703704
0 0.685416666667 0.405555555556 0.01875 0.0444444444444
0 0.758072916667 0.132407407407 0.0276041666667 0.0666666666667
0 0.98359375 0.182407407407 0.0286458333333 0.0851851851852
