0 0.283902593274 0.456832181927 0.0109254498715 0.0218921032056
0 0.296756063711 0.481069867618 0.0109254498715 0.0203283815481
0 0.323105678107 0.423212166289 0.00835475578406 0.0156372165754
0 0.279725215382 0.59795806152 0.00899742930591 0.0195465207193
0 0.270406449315 0.605385739393 0.00964010282776 0.0218921032056
0 0.351383313068 0.583102705773 0.00835475578406 0.0164190774042
0 0.19232161641 0.536972916876 0.00771208226221 0.0148553557467
0 0.137694367053 0.599521783177 0.00514138817481 0.00703674745895
0 0.142193081706 0.601476435249 0.00514138817481 0.00781860828772
0 0.181074829778 0.667152744866 0.00706940874036 0.0109460516028
0 0.206781770652 0.644087850418 0.00835475578406 0.0132916340891
0 0.187180228236 0.598348991934 0.00899742930591 0.0140734949179
0 0.213529842631 0.522117561129 0.00771208226221 0.0117279124316
0 0.236023415896 0.497488945023 0.00899742930591 0.0156372165754
0 0.234416732092 0.509216857454 0.00706940874036 0.0125097732604
0 0.221884598415 0.532281751903 0.00771208226221 0.0132916340891
0 0.252090253942 0.454095669026 0.00771208226221 0.010164190774
