0 0.973756150902 0.123603351955 0.0338983050847 0.0935754189944
0 0.977583378896 0.337988826816 0.037178786222 0.117318435754
0 0.85593220339 0.858938547486 0.0322580645161 0.0698324022346
0 0.811645708037 0.803072625698 0.0246036085293 0.0782122905028
0 0.772826681247 0.858938547486 0.0224166211044 0.0893854748603
0 0.698742482231 0.768854748603 0.0207763805358 0.0768156424581
0 0.667031164571 0.872905027933 0.0196828868234 0.0698324022346
0 0.802897758338 0.248603351955 0.0224166211044 0.106145251397
0 0.774193548387 0.223463687151 0.0229633679606 0.0642458100559
0 0.732914160744 0.194832402235 0.0224166211044 0.0935754189944
0 0.676872607983 0.522346368715 0.018589393111 0.0586592178771
0 0.991252050301 0.787011173184 0.0142154182613 0.107541899441
0 0.932750136687 0.679469273743 0.0251503553855 0.0488826815642
0 0.576817933297 0.783519553073 0.0131219245489 0.0474860335196
0 0.571623838163 0.391759776536 0.0125751776927 0.0321229050279
0 0.533624931657 0.430865921788 0.0131219245489 0.0572625698324
0 0.615636960087 0.710893854749 0.0131219245489 0.0307262569832
0 0.635046473483 0.733240223464 0.0169491525424 0.0391061452514
0 0.468015308912 0.712988826816 0.0109349371241 0.0460893854749
0 0.499726626572 0.755586592179 0.0109349371241 0.0446927374302
0 0.5418261345 0.701117318436 0.0131219245489 0.0446927374302
0 0.423728813559 0.427374301676 0.00874794969929 0.0335195530726
0 0.439857845817 0.398044692737 0.0103881902679 0.0446927374302
0 0.733187534172 0.338687150838 0.0207763805358 0.0628491620112
0 0.521049753964 0.417597765363 0.0098414434117 0.0251396648045
0 0.646801530891 0.333100558659 0.00874794969929 0.0405027932961
0 0.429469655549 0.400837988827 0.00929469655549 0.036312849162
