0 0.271490414348 0.440506329114 0.0408163265306 0.084388185654
0 0.462894248609 0.603375527426 0.0290661719233 0.0607594936709
0 0.514533085962 0.697046413502 0.0333951762523 0.0742616033755
0 0.549783549784 0.796624472574 0.034632034632 0.0827004219409
0 0.851886209029 0.65358649789 0.0377241805813 0.0784810126582
0 0.863636363636 0.840928270042 0.0401978973408 0.0666666666667
0 0.799938157081 0.779324894515 0.0228818800247 0.0345991561181
0 0.789734075448 0.727004219409 0.0247371675943 0.0514767932489
0 0.860853432282 0.601265822785 0.0371057513915 0.0362869198312
0 0.798082869511 0.473839662447 0.0228818800247 0.0345991561181
0 0.863636363636 0.367510548523 0.0364873222016 0.0632911392405
0 0.792207792208 0.290717299578 0.0321583178726 0.0464135021097
0 0.641001855288 0.428270042194 0.0290661719233 0.0717299578059
0 0.606060606061 0.308438818565 0.034632034632 0.0835443037975
0 0.438775510204 0.369620253165 0.0327767470625 0.0725738396624
0 0.278293135436 0.0919831223629 0.0482374768089 0.064135021097
