0 0.393489254109 0.335980937252 0.0208596713021 0.0476568705322
0 0.339127686473 0.42176330421 0.0208596713021 0.0492454328832
0 0.332490518331 0.368149324861 0.0189633375474 0.0389197776013
0 0.335651074589 0.292295472597 0.0202275600506 0.0397140587768
0 0.205752212389 0.335980937252 0.019595448799 0.0238284352661
0 0.310682680152 0.631056393963 0.0233881163085 0.0436854646545
0 0.444374209861 0.635027799841 0.0176991150442 0.0293884034948
0 0.462705436157 0.600873709293 0.0164348925411 0.0262112787927
0 0.286346396966 0.694598888006 0.0303413400759 0.0532168387609
0 0.221238938053 0.725575853852 0.031605562579 0.0389197776013
0 0.0689001264223 0.438443208896 0.0328697850822 0.0508339952343
0 0.0717446270544 0.540111199365 0.027180783818 0.0476568705322
0 0.213337547408 0.538919777601 0.0246523388116 0.0277998411438
