0 0.416566868467 0.333317125593 0.01875 0.0592592592593
0 0.456671035134 0.243965273741 0.0177083333333 0.0546296296296
0 0.487139785134 0.386557866333 0.0182291666667 0.0675925925926
0 0.555889785134 0.201835644111 0.0234375 0.0537037037037
0 0.566046035134 0.665724533 0.0260416666667 0.0722222222222
0 0.612921035134 0.658317125593 0.0260416666667 0.0611111111111
0 0.465004368467 0.700909718185 0.0166666666667 0.0462962962963
0 0.668910618467 0.633317125593 0.0213541666667 0.0407407407407
0 0.703546035134 0.361557866333 0.0208333333333 0.0601851851852
0 0.665004368467 0.253687495963 0.0229166666667 0.0703703703704
0 0.783493951801 0.267113421889 0.0276041666667 0.087962962963
0 0.820993951801 0.763409718185 0.0213541666667 0.0472222222222
0 0.852764785134 0.212946755222 0.0296875 0.0833333333333
0 0.923077285134 0.69535416263 0.0213541666667 0.0703703703704
0 0.925421035134 0.773131940407 0.0166666666667 0.062962962963
0 0.920212701801 0.256002310778 0.0270833333333 0.0805555555556
0 0.601723118467 0.449520829296 0.0276041666667 0.0361111111111
0 0.564223118467 0.396743051518 0.0171875 0.0305555555556
0 0.423858535134 0.665261570037 0.015625 0.0453703703704
