0 0.608453648314 0.842298499137 0.0399274047187 0.144230769231
0 0.457213478925 0.608858328196 0.0338777979431 0.0726495726496
0 0.282379843111 0.702341234179 0.043557168784 0.122863247863
0 0.240940036699 0.690589097427 0.0223835450696 0.0972222222222
0 0.541303013105 0.134499353837 0.0411373260738 0.130341880342
0 0.248804525507 0.0752044820425 0.0405323653962 0.0950854700855
0 0.220371373662 0.149456618795 0.0199637023593 0.0662393162393
0 0.244569800764 0.14892243076 0.0296430732002 0.0630341880342
0 0.551587344624 0.262170294008 0.0278281911676 0.0715811965812
0 0.129627272028 0.178836960675 0.0296430732002 0.0544871794872
0 0.151708336759 0.245610464948 0.0302480338778 0.0576923076923
