0 0.795287637699 0.122641509434 0.0324357405141 0.0754716981132
0 0.638004895961 0.179716981132 0.0348837209302 0.0839622641509
0 0.690330477356 0.149056603774 0.0281517747858 0.0509433962264
0 0.645654834761 0.559905660377 0.0330477356181 0.0952830188679
0 0.851591187271 0.543396226415 0.0275397796818 0.0679245283019
0 0.817931456548 0.516037735849 0.0348837209302 0.0377358490566
0 0.526927784578 0.144811320755 0.0208078335373 0.0443396226415
0 0.575887392901 0.340566037736 0.0269277845777 0.0547169811321
0 0.417686658507 0.620754716981 0.0189718482252 0.0433962264151
0 0.396266829865 0.645754716981 0.0226438188494 0.0518867924528
0 0.332313341493 0.619339622642 0.0257037943696 0.0556603773585
0 0.525397796818 0.616037735849 0.0201958384333 0.0396226415094
0 0.272643818849 0.554716981132 0.0201958384333 0.0509433962264
0 0.370869033048 0.256603773585 0.0171358629131 0.0415094339623
0 0.446450428397 0.252358490566 0.0214198286414 0.0330188679245
0 0.301101591187 0.460849056604 0.0195838433293 0.0424528301887
0 0.375458996328 0.349056603774 0.0226438188494 0.0528301886792
0 0.202876376989 0.260377358491 0.0238678090575 0.0603773584906
0 0.169216646267 0.276886792453 0.0238678090575 0.0575471698113
0 0.155446756426 0.306132075472 0.0220318237454 0.0462264150943
0 0.25152998776 0.545754716981 0.0171358629131 0.0443396226415
