0 0.811423520178 0.453984503089 0.0254924681344 0.041018387553
0 0.834598491209 0.46282467282 0.0231749710313 0.0403111739745
0 0.764783890978 0.444437119779 0.0237543453071 0.0445544554455
0 0.697866162125 0.101792140996 0.0231749710313 0.029702970297
0 0.646591538718 0.132555931661 0.0202780996524 0.0304101838755
0 0.67237369399 0.112046737884 0.0220162224797 0.0219236209335
0 0.706267089124 0.241820429539 0.0237543453071 0.045261669024
0 0.622837193411 0.287789312142 0.0225955967555 0.046676096181
0 0.570114134315 0.305469651604 0.0156431054461 0.029702970297
0 0.589812859691 0.363107558252 0.0202780996524 0.0304101838755
0 0.689175547988 0.445851546936 0.018539976825 0.0374823196605
0 0.659048085647 0.484041080176 0.0150637311703 0.0318246110325
0 0.69033429654 0.471664842552 0.0150637311703 0.02828854314
0 0.491898607084 0.377251829822 0.0156431054461 0.0346534653465
0 0.468723636053 0.376898223033 0.0144843568946 0.025459688826
0 0.440623983678 0.37831265019 0.0162224797219 0.031117397454
0 0.34966222238 0.498538958535 0.0115874855156 0.015558698727
0 0.44438991647 0.505964701109 0.013325608343 0.0247524752475
0 0.589523172554 0.555469651604 0.0173812282735 0.0190947666195
0 0.566927575798 0.550519156555 0.0139049826188 0.0247524752475
0 0.551863844628 0.581282947219 0.0150637311703 0.029702970297
0 0.494795478463 0.58587983548 0.0156431054461 0.0247524752475
0 0.485815177189 0.634677572396 0.0162224797219 0.0261669024045
0 0.323011005694 0.527888322043 0.0127462340672 0.0247524752475
0 0.429905559576 0.597195252736 0.0121668597914 0.0134370579915
0 0.413683079854 0.641396101392 0.0110081112399 0.021216407355
0 0.313161643005 0.669331037743 0.0115874855156 0.0205091937765
0 0.371099070584 0.628666256979 0.0115874855156 0.018387553041
0 0.225386440224 0.575625238591 0.0098493626883 0.015558698727
0 0.238132674292 0.554408831236 0.0121668597914 0.018387553041
0 0.504644841151 0.57138195712 0.0098493626883 0.012729844413
