0 0.3734375 0.185648148148 0.028125 0.0805555555556
0 0.431770833333 0.218518518519 0.028125 0.0796296296296
0 0.493489583333 0.173148148148 0.0338541666667 0.103703703704
0 0.63671875 0.123148148148 0.0286458333333 0.0611111111111
0 0.68828125 0.12962962963 0.0244791666667 0.0777777777778
0 0.601302083333 0.265277777778 0.0338541666667 0.0824074074074
0 0.408854166667 0.625 0.03125 0.0833333333333
0 0.376822916667 0.674074074074 0.0328125 0.0814814814815
0 0.537760416667 0.558796296296 0.0286458333333 0.0842592592593
0 0.578125 0.588888888889 0.025 0.0666666666667
0 0.63125 0.600925925926 0.0239583333333 0.0851851851852
0 0.72578125 0.693055555556 0.0359375 0.0638888888889
0 0.4734375 0.683796296296 0.0239583333333 0.0527777777778
0 0.81953125 0.656018518519 0.0359375 0.075
0 0.87421875 0.72037037037 0.0359375 0.0796296296296
0 0.827604166667 0.121759259259 0.0354166666667 0.100925925926
0 0.8609375 0.0625 0.034375 0.0675925925926
0 0.9546875 0.162037037037 0.0364583333333 0.0777777777778
