0 0.728857213828 0.307468221957 0.0140625 0.037962962963
0 0.723648880495 0.278764518253 0.0182291666667 0.0398148148148
0 0.677294713828 0.290338592327 0.0182291666667 0.0481481481481
0 0.636930130495 0.313486740475 0.0145833333333 0.0333333333333
0 0.685628047162 0.560708962698 0.0161458333333 0.0462962962963
0 0.583805130495 0.62043118492 0.015625 0.0435185185185
0 0.562711380495 0.652838592327 0.0119791666667 0.0324074074074
0 0.552555130495 0.634783036772 0.0125 0.0277777777778
0 0.498388463828 0.672745999735 0.0145833333333 0.0407407407407
0 0.468961380495 0.632468221957 0.00989583333333 0.0231481481481
0 0.627555130495 0.488486740475 0.0166666666667 0.0351851851852
0 0.563232213828 0.421357110846 0.0151041666667 0.0361111111111
0 0.705419713828 0.405616370105 0.0151041666667 0.0268518518519
0 0.632763463828 0.396820073809 0.0125 0.0277777777778
0 0.568440547162 0.346820073809 0.0130208333333 0.0296296296296
0 0.458805130495 0.400060814549 0.0135416666667 0.0287037037037
0 0.361148880495 0.415338592327 0.0171875 0.0444444444444
0 0.434586380495 0.470894147883 0.0140625 0.0351851851852
0 0.411930130495 0.569968221957 0.015625 0.0388888888889
0 0.381461380495 0.599597851586 0.0151041666667 0.0388888888889
0 0.391878047162 0.649134888623 0.0130208333333 0.0231481481481
0 0.401513463828 0.615338592327 0.0135416666667 0.0407407407407
0 0.271565547162 0.669042296031 0.0151041666667 0.037037037037
0 0.254898880495 0.64543118492 0.0140625 0.0361111111111
0 0.206721797162 0.592653407142 0.0135416666667 0.0324074074074
0 0.195263463828 0.600060814549 0.0125 0.0324074074074
0 0.169742630495 0.622745999735 0.0135416666667 0.0222222222222
0 0.126513463828 0.627375629364 0.0145833333333 0.0222222222222
0 0.149950963828 0.577838592327 0.0145833333333 0.0342592592593
0 0.0856280471617 0.602838592327 0.0151041666667 0.0287037037037
0 0.081461380495 0.623208962698 0.0119791666667 0.0175925925926
0 0.328075963828 0.606542296031 0.0135416666667 0.0453703703704
0 0.144221797162 0.475523777512 0.0145833333333 0.0351851851852
0 0.102815547162 0.442190444179 0.0151041666667 0.037037037037
0 0.059586380495 0.362560814549 0.0161458333333 0.0296296296296
0 0.245784297162 0.405616370105 0.0125 0.0398148148148
0 0.253857213828 0.368579333068 0.0151041666667 0.0398148148148
0 0.348909297162 0.383857110846 0.0125 0.0222222222222
