0 0.193006357856 0.276754890679 0.0245231607629 0.0632911392405
0 0.231153496821 0.370540851554 0.0208900999092 0.0437284234753
0 0.312443233424 0.361334867664 0.0254314259764 0.0529344073648
0 0.27838328792 0.383774453395 0.0227066303361 0.0402761795167
0 0.22434150772 0.2750287687 0.0217983651226 0.0414269275029
0 0.477293369664 0.261795166858 0.0263396911898 0.0448791714614
0 0.404632152589 0.384349827388 0.0245231607629 0.0437284234753
0 0.295640326975 0.612773302647 0.0245231607629 0.0448791714614
0 0.2770208901 0.646144994246 0.0254314259764 0.0425776754891
0 0.392370572207 0.550057537399 0.0236148955495 0.0460299194476
0 0.352406902816 0.628883774453 0.0217983651226 0.0379746835443
0 0.440962761126 0.562140391254 0.0227066303361 0.0448791714614
0 0.531335149864 0.579401611047 0.0254314259764 0.0264672036824
0 0.245231607629 0.256616800921 0.0199818346957 0.0322209436133
0 0.583560399637 0.205983889528 0.0227066303361 0.0322209436133
0 0.581289736603 0.237054085155 0.0236148955495 0.0460299194476
0 0.648501362398 0.146720368239 0.030881017257 0.0586881472957
0 0.763396911898 0.317606444189 0.0336058128974 0.0391254315305
0 0.679836512262 0.568469505178 0.0299727520436 0.0552359033372
0 0.782924613987 0.501726121979 0.0290644868302 0.0598388952819
0 0.828337874659 0.574798619102 0.0363306085377 0.0586881472957
0 0.810626702997 0.142117376295 0.0317892824705 0.0586881472957
0 0.928701180745 0.454545454545 0.0317892824705 0.0506329113924
0 0.360581289737 0.21749136939 0.016348773842 0.0322209436133
