0 0.195305876828 0.187641821726 0.028125 0.0638888888889
0 0.268482960161 0.33208626617 0.0265625 0.0694444444444
0 0.344264210161 0.393660340244 0.025 0.0722222222222
0 0.535149626828 0.245975155059 0.0265625 0.0861111111111
0 0.509889210161 0.209401080985 0.0239583333333 0.0555555555556
0 0.464576710161 0.260327006911 0.021875 0.0592592592593
0 0.348170460161 0.594123303207 0.0244791666667 0.0638888888889
0 0.239055876828 0.637641821726 0.0208333333333 0.0546296296296
0 0.231764210161 0.672364043948 0.0208333333333 0.0351851851852
0 0.305982960161 0.676530710615 0.0213541666667 0.0398148148148
0 0.396868376828 0.688567747652 0.025 0.0398148148148
0 0.449212126828 0.623752932837 0.0234375 0.075
0 0.561451710161 0.731623303207 0.0291666666667 0.0833333333333
0 0.367441293494 0.188567747652 0.0223958333333 0.0527777777778
0 0.576555876828 0.139493673578 0.0291666666667 0.0916666666667
0 0.629680876828 0.43208626617 0.0302083333333 0.0731481481481
0 0.644264210161 0.816808488393 0.03125 0.0814814814815
0 0.775774626828 0.678382562467 0.0328125 0.0675925925926
0 0.808587126828 0.648752932837 0.0317708333333 0.0416666666667
0 0.766660043494 0.195049229133 0.0302083333333 0.0824074074074
0 0.935670460161 0.1242158958 0.0348958333333 0.0592592592593
