0 0.229376854599 0.547306629834 0.0124629080119 0.0241712707182
0 0.213649851632 0.490331491713 0.020178041543 0.0303867403315
0 0.308011869436 0.516919889503 0.0154302670623 0.0283149171271
0 0.274480712166 0.543508287293 0.0148367952522 0.0276243093923
0 0.241246290801 0.476864640884 0.0124629080119 0.0158839779006
0 0.356379821958 0.464433701657 0.0112759643917 0.0186464088398
0 0.429673590504 0.425414364641 0.0106824925816 0.0207182320442
0 0.43293768546 0.415055248619 0.00890207715134 0.0151933701657
0 0.451335311573 0.38570441989 0.0124629080119 0.0241712707182
0 0.36350148368 0.513466850829 0.013649851632 0.0200276243094
0 0.326112759644 0.660220994475 0.013649851632 0.0234806629834
0 0.371810089021 0.605317679558 0.0124629080119 0.0255524861878
0 0.394065281899 0.604972375691 0.0118694362018 0.0193370165746
0 0.418100890208 0.590814917127 0.0112759643917 0.0227900552486
0 0.457270029674 0.585980662983 0.0124629080119 0.0145027624309
0 0.514243323442 0.555939226519 0.0112759643917 0.0220994475138
0 0.359940652819 0.659875690608 0.0124629080119 0.0172651933702
0 0.322255192878 0.702348066298 0.0142433234421 0.0207182320442
0 0.314836795252 0.685082872928 0.0148367952522 0.0193370165746
0 0.508605341246 0.378107734807 0.0106824925816 0.0200276243094
0 0.578635014837 0.344267955801 0.00949554896142 0.0103591160221
0 0.607418397626 0.335290055249 0.0112759643917 0.0200276243094
0 0.589020771513 0.297306629834 0.00890207715134 0.0103591160221
0 0.518991097923 0.445096685083 0.0112759643917 0.0158839779006
0 0.586350148368 0.479972375691 0.0106824925816 0.017955801105
0 0.593175074184 0.46270718232 0.0100890207715 0.00966850828729
0 0.545103857567 0.513121546961 0.0100890207715 0.017955801105
0 0.570623145401 0.532803867403 0.0112759643917 0.0200276243094
0 0.641839762611 0.462016574586 0.0100890207715 0.0151933701657
0 0.650741839763 0.422306629834 0.0100890207715 0.0158839779006
0 0.681899109792 0.425069060773 0.00949554896142 0.0131215469613
0 0.731454005935 0.397099447514 0.0112759643917 0.0165745856354
0 0.751928783383 0.362914364641 0.0118694362018 0.0200276243094
0 0.716023738872 0.397444751381 0.00890207715134 0.0145027624309
0 0.681602373887 0.304212707182 0.0112759643917 0.0172651933702
0 0.759940652819 0.327002762431 0.0100890207715 0.0186464088398
0 0.73293768546 0.21270718232 0.0106824925816 0.0207182320442
0 0.749258160237 0.202348066298 0.0112759643917 0.0165745856354
0 0.761721068249 0.207872928177 0.0100890207715 0.0165745856354
0 0.770029673591 0.316988950276 0.00771513353116 0.0151933701657
0 0.522848664688 0.468922651934 0.00830860534125 0.00828729281768
0 0.379228486647 0.451657458564 0.0106824925816 0.0193370165746
