0 0.202169895914 0.885139260431 0.0551009274414 0.140765765766
0 0.269000228701 0.402594215386 0.0469176213857 0.148648648649
0 0.387930943377 0.751130251422 0.0229132569558 0.0596846846847
0 0.538503774801 0.793923044215 0.0196399345336 0.0529279279279
0 0.443850201424 0.572076197368 0.0300054555374 0.0731981981982
0 0.492131707152 0.373314936107 0.0196399345336 0.0675675675676
0 0.395841472564 0.0534951162871 0.0245499181669 0.0518018018018
0 0.422846382548 0.187504125296 0.0174577195854 0.0405405405405
0 0.393659257616 0.222977098269 0.025641025641 0.0664414414414
0 0.602060785166 0.409914035206 0.0147299509002 0.0461711711712
0 0.619518504752 0.40878790908 0.0136388434261 0.0304054054054
0 0.574237544577 0.35923835953 0.0169121658483 0.0461711711712
0 0.0439593121712 0.791670791963 0.0289143480633 0.106981981982
0 0.578329197605 0.60191853971 0.0141843971631 0.0382882882883
