0 0.166265747719 0.0939846779324 0.025 0.05
0 0.305588664385 0.118984677932 0.0276041666667 0.0611111111111
0 0.495171997719 0.147225418673 0.0192708333333 0.0657407407407
0 0.529546997719 0.170373566821 0.0182291666667 0.0583333333333
0 0.544130331052 0.205095789043 0.0171875 0.0462962962963
0 0.412880331052 0.393058752006 0.0234375 0.0537037037037
0 0.457932414385 0.496299492747 0.0177083333333 0.0638888888889
0 0.385276164385 0.595836529784 0.0265625 0.0740740740741
0 0.311057414385 0.657873566821 0.0270833333333 0.0703703703704
0 0.281109497719 0.63426245571 0.0286458333333 0.0638888888889
0 0.203244914385 0.74676245571 0.028125 0.0925925925926
