0 0.792850150432 0.851281881596 0.0292740046838 0.0435383552177
0 0.752159283921 0.67816508823 0.0286885245902 0.0442294402211
0 0.641210806169 0.726195495971 0.0234192037471 0.0366275051831
0 0.81802579446 0.522670962453 0.0245901639344 0.0400829302004
0 0.893845466591 0.523362047456 0.0240046838407 0.0331720801659
0 0.857545700783 0.458745599633 0.021662763466 0.0324809951624
0 0.611644061439 0.528890727484 0.0193208430913 0.0387007601935
0 0.521480127013 0.626333712971 0.0204918032787 0.0400829302004
0 0.468786918582 0.585559697767 0.0169789227166 0.030407740152
0 0.453271696099 0.559644010138 0.0128805620609 0.0283344851417
0 0.573002375256 0.432138827 0.0146370023419 0.030407740152
0 0.532896988839 0.404495426862 0.0152224824356 0.0317899101589
0 0.380672164483 0.491226594796 0.0152224824356 0.022805805114
0 0.343786918582 0.492263222301 0.0117096018735 0.0207325501037
0 0.405262328418 0.37408768671 0.0128805620609 0.0248790601244
0 0.457077316708 0.31810980143 0.0146370023419 0.0221147201106
0 0.418142890479 0.30808906888 0.0128805620609 0.0214236351071
0 0.374231883453 0.325366193966 0.0117096018735 0.0241879751209
0 0.311000033336 0.449070409585 0.0117096018735 0.0172771250864
0 0.464688557926 0.438358592031 0.0122950819672 0.0165860400829
0 0.754208464249 0.784592178763 0.0234192037471 0.0331720801659
0 0.633892304998 0.418317126931 0.0193208430913 0.0317899101589
