0 0.941335880155 0.309578266799 0.023588277341 0.0592592592593
0 0.88415217751 0.223863981085 0.0221586847748 0.0571428571429
0 0.851271548489 0.369895727117 0.0250178699071 0.0656084656085
0 0.787654679297 0.190001547223 0.0307362401716 0.0592592592593
0 0.690442384801 0.251906309127 0.0278770550393 0.0624338624339
0 0.568569618539 0.272012129233 0.0314510364546 0.0751322751323
0 0.531757609962 0.717514774736 0.0278770550393 0.0751322751323
0 0.804094993807 0.646086203307 0.0264474624732 0.0592592592593
0 0.755488846559 0.658255515477 0.0264474624732 0.0560846560847
0 0.506739740055 0.563546520768 0.0278770550393 0.0465608465608
0 0.490299425544 0.225980383202 0.0293066476054 0.0677248677249
0 0.456704000241 0.275186732408 0.0278770550393 0.0772486772487
0 0.412386630691 0.522276679498 0.0321658327377 0.0698412698413
0 0.40738305671 0.743969801191 0.0264474624732 0.0582010582011
0 0.426325158211 0.667779325 0.0314510364546 0.0730158730159
0 0.301950604958 0.733387790609 0.0443173695497 0.0984126984127
0 0.22296561568 0.416985674207 0.0421729807005 0.0899470899471
0 0.324109289733 0.169366626588 0.0400285918513 0.0899470899471
0 0.0367611839433 0.780477737699 0.048606147248 0.0931216931217
0 0.0875117200405 0.439736996958 0.0385989992852 0.0571428571429
0 0.0353315913771 0.589472446694 0.0314510364546 0.0730158730159
0 0.943837667146 0.650848108069 0.0228734810579 0.0412698412698
0 0.869141455566 0.690530647752 0.0207290922087 0.0507936507937
