0 0.1828125 0.133796296296 0.028125 0.0638888888889
0 0.255989583333 0.278240740741 0.0265625 0.0694444444444
0 0.331770833333 0.339814814815 0.025 0.0722222222222
0 0.52265625 0.19212962963 0.0265625 0.0861111111111
0 0.497395833333 0.155555555556 0.0239583333333 0.0555555555556
0 0.452083333333 0.206481481481 0.021875 0.0592592592593
0 0.335677083333 0.540277777778 0.0244791666667 0.0638888888889
0 0.2265625 0.583796296296 0.0208333333333 0.0546296296296
0 0.219270833333 0.618518518519 0.0208333333333 0.0351851851852
0 0.293489583333 0.622685185185 0.0213541666667 0.0398148148148
0 0.384375 0.634722222222 0.025 0.0398148148148
0 0.43671875 0.569907407407 0.0234375 0.075
0 0.548958333333 0.677777777778 0.0291666666667 0.0833333333333
0 0.354947916667 0.134722222222 0.0223958333333 0.0527777777778
0 0.5640625 0.0856481481481 0.0291666666667 0.0916666666667
0 0.6171875 0.378240740741 0.0302083333333 0.0731481481481
0 0.631770833333 0.762962962963 0.03125 0.0814814814815
0 0.76328125 0.624537037037 0.0328125 0.0675925925926
0 0.79609375 0.594907407407 0.0317708333333 0.0416666666667
0 0.754166666667 0.141203703704 0.0302083333333 0.0824074074074
0 0.923177083333 0.0703703703704 0.0348958333333 0.0592592592593
