0 0.212128275701 0.698718208024 0.0430839002268 0.094130675526
0 0.395423816139 0.599604143794 0.0181405895692 0.0354374307863
0 0.20079040722 0.425185539142 0.0430839002268 0.0852713178295
0 0.306988441989 0.357632936706 0.0226757369615 0.0498338870432
0 0.249921170636 0.628950766163 0.0219198790627 0.0387596899225
0 0.248787383788 0.677123523639 0.0256991685563 0.0531561461794
0 0.263148683864 0.655528839253 0.0151171579743 0.0409745293466
0 0.333065539495 0.601265273362 0.0143613000756 0.0365448504983
0 0.404872039873 0.356525516994 0.0143613000756 0.0232558139535
0 0.415831979404 0.35154212829 0.010582010582 0.0221483942414
