0 0.201635015705 0.902456950437 0.0773480662983 0.114624505929
0 0.209922308523 0.193629545958 0.0674033149171 0.125164690382
0 0.460198551617 0.203510968883 0.0574585635359 0.115942028986
0 0.591690264324 0.142246146748 0.0486187845304 0.0856389986825
0 0.70826484996 0.209439822638 0.0298342541436 0.0619235836627
0 0.788375347197 0.300348913547 0.0309392265193 0.064558629776
0 0.687822861009 0.361613735681 0.0353591160221 0.0737812911726
0 0.627601866534 0.689676976788 0.0453038674033 0.068511198946
0 0.74417645217 0.704169730411 0.0331491712707 0.0632411067194
0 0.835336673164 0.634999769937 0.0298342541436 0.0461133069829
0 0.683402971507 0.665961561768 0.0397790055249 0.0632411067194
