0 0.288806758184 0.0988235294118 0.0306230200634 0.0564705882353
0 0.373812038015 0.101176470588 0.0337909186906 0.0682352941176
0 0.31045406547 0.262352941176 0.0316789862724 0.0611764705882
0 0.209081309398 0.191764705882 0.0211193241816 0.0517647058824
0 0.450897571278 0.289411764706 0.0295670538543 0.0588235294118
0 0.494720168955 0.365882352941 0.0306230200634 0.0517647058824
0 0.38489968321 0.532352941176 0.026399155227 0.0458823529412
0 0.314149947202 0.534705882353 0.0306230200634 0.0505882352941
0 0.257655755016 0.561176470588 0.0295670538543 0.0564705882353
0 0.215417106653 0.569411764706 0.0316789862724 0.0611764705882
0 0.572333685322 0.625294117647 0.025343189018 0.0482352941176
0 0.542766631468 0.605294117647 0.0295670538543 0.0341176470588
0 0.4651531151 0.528235294118 0.0285110876452 0.0564705882353
0 0.64994720169 0.311176470588 0.0285110876452 0.0341176470588
0 0.686906019007 0.294705882353 0.0285110876452 0.0388235294118
0 0.723864836325 0.480588235294 0.0306230200634 0.0317647058824
0 0.663146779303 0.608235294118 0.0274551214361 0.04
0 0.701689545935 0.677647058824 0.0327349524815 0.0447058823529
0 0.808870116156 0.659411764706 0.0232312565998 0.0388235294118
0 0.875923970433 0.417647058824 0.0242872228089 0.0235294117647
0 0.93717001056 0.455294117647 0.0242872228089 0.0376470588235
0 0.772967265048 0.600588235294 0.0211193241816 0.02
0 0.654171066526 0.364705882353 0.0242872228089 0.0352941176471
