0 0.964473688974 0.458624737825 0.0262008733624 0.0509607351713
0 0.975390719542 0.488699925795 0.0268247036806 0.0526315789474
0 0.900531081364 0.431891237407 0.0255770430443 0.0543024227235
0 0.944199203634 0.579760911593 0.0180910792265 0.0242272347536
0 0.75985734462 0.587279708585 0.0212102308172 0.0359231411863
0 0.711198579804 0.413929666814 0.016219588272 0.0267335004177
0 0.67875940326 0.697973108752 0.0224578914535 0.046783625731
0 0.628852977808 0.702567929136 0.0174672489083 0.0392648287385
0 0.617000201763 0.677922983439 0.016219588272 0.0284043441938
0 0.574267824969 0.326628079512 0.0168434185901 0.0275689223058
0 0.55025035772 0.393044119613 0.0174672489083 0.031746031746
0 0.541204818107 0.687948046095 0.0205864004991 0.0484544695071
0 0.408328960341 0.53590126247 0.0193387398628 0.0401002506266
0 0.454492403884 0.526711621701 0.0193387398628 0.0401002506266
0 0.424860463772 0.561381630055 0.0174672489083 0.0409356725146
0 0.403650232954 0.587279708585 0.0137242669994 0.0192147034252
0 0.505334574813 0.444422565728 0.0187149095446 0.0359231411863
0 0.434217918544 0.339577118777 0.0199625701809 0.0401002506266
0 0.294479927278 0.221782632562 0.0199625701809 0.0401002506266
0 0.272333950983 0.256452640916 0.0193387398628 0.0392648287385
0 0.243325841189 0.230136851442 0.0212102308172 0.031746031746
0 0.116376371445 0.252275531476 0.0205864004991 0.0359231411863
0 0.17189726976 0.407246291709 0.0155957579538 0.0334168755221
0 0.183126215487 0.423537018527 0.0143480973175 0.0325814536341
0 0.156613426966 0.406828580765 0.0137242669994 0.0275689223058
0 0.221803695213 0.490788480515 0.0168434185901 0.0300751879699
0 0.23615179253 0.525040777925 0.0193387398628 0.0384294068505
0 0.329102509935 0.504572941668 0.0168434185901 0.0409356725146
0 0.107642746991 0.410587979262 0.0180910792265 0.0200501253133
0 0.103275934763 0.35545013465 0.0205864004991 0.0250626566416
0 0.852808062025 0.667897920782 0.0187149095446 0.0284043441938
