0 0.735224006888 0.261238296509 0.0199516324063 0.035685963521
0 0.701366691289 0.371468272718 0.0199516324063 0.0467882632831
0 0.652394502656 0.43253092141 0.0187424425635 0.0420301348136
0 0.601003934337 0.318335838143 0.0211608222491 0.035685963521
0 0.530568625993 0.394069382948 0.0205562273277 0.0396510705789
0 0.482805627202 0.377415933305 0.0193470374849 0.0364789849326
0 0.467690754167 0.411119343297 0.0229746070133 0.0547184773989
0 0.414788698545 0.360365972956 0.0259975816203 0.0578905630452
0 0.414184103623 0.564568986438 0.0247883917775 0.0570975416336
0 0.682321951265 0.555052729499 0.0205562273277 0.0396510705789
0 0.727968867831 0.587963118079 0.0163240628779 0.0325138778747
0 0.773615784397 0.540381833385 0.0181378476421 0.0293417922284
0 0.783893898061 0.56060387938 0.0181378476421 0.0222045995242
0 0.653603692499 0.625631635129 0.0211608222491 0.0364789849326
0 0.605236098786 0.612943292544 0.0187424425635 0.0491673275178
0 0.526638759004 0.726741865105 0.0235792019347 0.0499603489294
0 0.465272374482 0.815560263202 0.0290205562273 0.0578905630452
0 0.246711310395 0.462269224344 0.0296251511487 0.0570975416336
0 0.321378783188 0.790580088738 0.0350665054414 0.0602696272799
0 0.283893898061 0.780270810387 0.0314389359129 0.0364789849326
