0 0.795500335796 0.554841897233 0.0463398253862 0.107707509881
0 0.633310946944 0.187252964427 0.025520483546 0.0563241106719
0 0.668233713902 0.560276679842 0.0268636668905 0.0533596837945
0 0.664204163868 0.103260869565 0.0362659503022 0.0602766798419
0 0.513096037609 0.286067193676 0.0174613834788 0.048418972332
0 0.502014775017 0.572134387352 0.0194761584956 0.0375494071146
0 0.48354600403 0.444664031621 0.0161182001343 0.0434782608696
0 0.562122229684 0.253458498024 0.0174613834788 0.0345849802372
0 0.579919408999 0.281126482213 0.0167897918066 0.048418972332
0 0.427803895232 0.434782608696 0.00940228341169 0.0177865612648
0 0.494291470786 0.305830039526 0.0147750167898 0.0247035573123
0 0.571524513096 0.458003952569 0.0161182001343 0.0385375494071
