0 0.9609375 0.0703703703704 0.0302083333333 0.0796296296296
0 0.98125 0.104166666667 0.03125 0.0824074074074
0 0.886197916667 0.0777777777778 0.0296875 0.0851851851852
0 0.975 0.252777777778 0.0208333333333 0.037037037037
0 0.784895833333 0.390740740741 0.025 0.0555555555556
0 0.68359375 0.184722222222 0.0192708333333 0.0398148148148
0 0.732552083333 0.600462962963 0.0255208333333 0.0731481481481
0 0.68203125 0.641666666667 0.0203125 0.0611111111111
0 0.6625 0.615740740741 0.01875 0.0425925925926
0 0.515104166667 0.158796296296 0.01875 0.0416666666667
0 0.509375 0.268055555556 0.0197916666667 0.0490740740741
0 0.586197916667 0.682407407407 0.0234375 0.0759259259259
0 0.403385416667 0.563888888889 0.0223958333333 0.0611111111111
0 0.448697916667 0.519907407407 0.0223958333333 0.062037037037
0 0.427604166667 0.587962962963 0.0197916666667 0.062962962963
0 0.413020833333 0.638888888889 0.015625 0.0296296296296
0 0.477604166667 0.369907407407 0.021875 0.0546296296296
0 0.372916666667 0.273611111111 0.0229166666667 0.062037037037
0 0.192708333333 0.20787037037 0.0229166666667 0.062037037037
0 0.1796875 0.271759259259 0.021875 0.0601851851852
0 0.141927083333 0.255555555556 0.0244791666667 0.0481481481481
0 0.015625 0.374074074074 0.0239583333333 0.0555555555556
0 0.11875 0.550925925926 0.0177083333333 0.0518518518519
0 0.13515625 0.564814814815 0.0161458333333 0.05
0 0.102864583333 0.560648148148 0.0151041666667 0.0416666666667
0 0.195052083333 0.631481481481 0.0192708333333 0.0462962962963
0 0.220052083333 0.668981481481 0.0223958333333 0.0601851851852
0 0.311458333333 0.575925925926 0.0197916666667 0.062962962963
0 0.0526041666667 0.6 0.0208333333333 0.0296296296296
0 0.0322916666667 0.526388888889 0.0239583333333 0.037962962963
0 0.90546875 0.438425925926 0.0213541666667 0.0435185185185
