0 0.255670771225 0.31809787627 0.0213869086196 0.0415512465374
0 0.330848995463 0.395198522622 0.0213869086196 0.0535549399815
0 0.398898250162 0.415050784857 0.0200907323396 0.0489381348107
0 0.395657809462 0.267313019391 0.0226830848995 0.0415512465374
0 0.48833441348 0.283471837488 0.0213869086196 0.0461680517082
0 0.52333117304 0.230378578024 0.0200907323396 0.0415512465374
0 0.550226830849 0.250230840259 0.0246273493195 0.0627885503232
0 0.574854180169 0.161588180979 0.0272197018795 0.0664819944598
0 0.660401814647 0.353185595568 0.0259235255995 0.0655586334257
0 0.423849643552 0.553554939982 0.0220349967596 0.0452446906741
0 0.398250162022 0.620036934441 0.0174983797797 0.0378578024007
0 0.338950097213 0.6108033241 0.0194426441996 0.0323176361958
0 0.338302009073 0.638042474608 0.0194426441996 0.0258541089566
0 0.47893713545 0.597876269621 0.0220349967596 0.0415512465374
0 0.51523007129 0.548014773777 0.0194426441996 0.056325023084
0 0.630913804277 0.593259464451 0.0252754374595 0.056325023084
0 0.720998055736 0.629270544783 0.0304601425794 0.067405355494
0 0.763123784835 0.126038781163 0.0317563188594 0.0655586334257
0 0.835385612443 0.494459833795 0.0375891121192 0.0692520775623
0 0.863901490603 0.454755309326 0.0337005832793 0.0415512465374
