0 0.654810495627 0.206109822119 0.0303206997085 0.0564578499613
0 0.741690962099 0.458236658933 0.0291545189504 0.0564578499613
0 0.52332361516 0.639211136891 0.0215743440233 0.0440835266821
0 0.199125364431 0.687935034803 0.0192419825073 0.0378963650425
0 0.199125364431 0.709976798144 0.0169096209913 0.0232018561485
0 0.261807580175 0.684068058778 0.0163265306122 0.0239752513534
0 0.283381924198 0.620649651972 0.0186588921283 0.0378963650425
0 0.333819241983 0.655452436195 0.0192419825073 0.0239752513534
0 0.369679300292 0.599767981439 0.0209912536443 0.0440835266821
0 0.465306122449 0.622583139985 0.0186588921283 0.0417633410673
0 0.178717201166 0.495746326373 0.0227405247813 0.0417633410673
0 0.250145772595 0.505800464037 0.0209912536443 0.0417633410673
0 0.0941690962099 0.434261407579 0.0227405247813 0.0378963650425
0 0.352478134111 0.35305491106 0.0192419825073 0.0270688321732
0 0.379008746356 0.363109048724 0.0186588921283 0.045630317092
0 0.391253644315 0.300850734725 0.0209912536443 0.0494972931168
0 0.593294460641 0.530549110596 0.0169096209913 0.0386697602475
0 0.606997084548 0.50464037123 0.0198250728863 0.0224284609435
0 0.462973760933 0.440061871616 0.0198250728863 0.0340293890178
0 0.535860058309 0.273008507347 0.0198250728863 0.046403712297
0 0.612244897959 0.222351121423 0.0198250728863 0.030162412993
0 0.734693877551 0.077339520495 0.0233236151603 0.0324825986079
0 0.740524781341 0.266047950503 0.0151603498542 0.0340293890178
0 0.754518950437 0.267981438515 0.0151603498542 0.0317092034029
0 0.881924198251 0.443155452436 0.0192419825073 0.0386697602475
0 0.455393586006 0.334880123743 0.0198250728863 0.0340293890178
