0 0.105208333333 0.264814814815 0.0302083333333 0.0777777777778
0 0.174479166667 0.326388888889 0.0302083333333 0.0805555555556
0 0.09453125 0.591666666667 0.0286458333333 0.0722222222222
0 0.203125 0.660648148148 0.025 0.0768518518519
0 0.315104166667 0.106018518519 0.0260416666667 0.0657407407407
0 0.3671875 0.15 0.028125 0.0981481481481
0 0.379166666667 0.0416666666667 0.03125 0.0740740740741
0 0.5109375 0.0527777777778 0.0270833333333 0.0796296296296
0 0.294270833333 0.57037037037 0.028125 0.0759259259259
0 0.385677083333 0.708333333333 0.0255208333333 0.0759259259259
0 0.415364583333 0.803240740741 0.0348958333333 0.10462962963
0 0.578125 0.650925925926 0.0447916666667 0.118518518519
0 0.612239583333 0.0652777777778 0.0348958333333 0.100925925926
0 0.97109375 0.16712962963 0.0359375 0.0824074074074
0 0.830989583333 0.658796296296 0.0411458333333 0.139814814815
0 0.860677083333 0.671759259259 0.0286458333333 0.141666666667
0 0.868489583333 0.741666666667 0.0338541666667 0.109259259259
0 0.9625 0.524537037037 0.0489583333333 0.106481481481
