0 0.822456161989 0.371191792506 0.0253592561285 0.0591397849462
0 0.762439255819 0.505062760248 0.021978021978 0.0344086021505
0 0.79033443756 0.491621900033 0.021978021978 0.0290322580645
0 0.877401216935 0.48517028713 0.0236686390533 0.0354838709677
0 0.743419813722 0.333019749496 0.0262045646661 0.0516129032258
0 0.720173828938 0.361514373151 0.0253592561285 0.0462365591398
0 0.692278647197 0.332482115087 0.0236686390533 0.0376344086022
0 0.599294708059 0.459901469926 0.0185967878276 0.0344086021505
0 0.447561825557 0.525492867775 0.0160608622147 0.0258064516129
0 0.607325139166 0.667965986055 0.0126796280642 0.0268817204301
0 0.559565206791 0.703449857022 0.0152155536771 0.0311827956989
0 0.459818799352 0.633557383904 0.0169061707523 0.0397849462366
0 0.523216939673 0.657213297883 0.0185967878276 0.0247311827957
0 0.505465460383 0.618503620463 0.0152155536771 0.0376344086022
0 0.412058866977 0.528718674227 0.0143702451395 0.0279569892473
0 0.375710599859 0.55452512584 0.0126796280642 0.0215053763441
0 0.360072391913 0.510439104334 0.0101437024514 0.0193548387097
0 0.352041960806 0.48893372799 0.00929839391378 0.0172043010753
0 0.391348807805 0.429256308635 0.0101437024514 0.0204301075269
0 0.437418123105 0.401836953797 0.0143702451395 0.0258064516129
0 0.38247306816 0.403987491431 0.010989010989 0.0193548387097
