0 0.34610208442 0.712089623182 0.0270444301352 0.044262295082
0 0.335477486866 0.740368311707 0.0238248551191 0.0434426229508
0 0.372502599552 0.661269951051 0.0244687701223 0.0491803278689
0 0.210557976242 0.354302737937 0.0238248551191 0.0319672131148
0 0.264002921509 0.327663393674 0.0212491951062 0.0327868852459
0 0.234382831361 0.337499459248 0.0225370251127 0.0245901639344
0 0.289759521638 0.462089623182 0.0251126851256 0.0491803278689
0 0.374756302063 0.416187983838 0.0238248551191 0.0508196721311
0 0.421118182295 0.378892901871 0.0160978750805 0.0319672131148
0 0.443011292404 0.438319131379 0.0212491951062 0.0327868852459
0 0.424981672314 0.591187983838 0.0186735350934 0.0401639344262
0 0.468767892533 0.589958475641 0.0160978750805 0.0344262295082
0 0.439791717388 0.610860114986 0.0160978750805 0.0303278688525
0 0.518027390279 0.35676175433 0.0167417900837 0.0368852459016
0 0.533803307858 0.334630606789 0.0148100450741 0.0270491803279
0 0.553442715456 0.308810934658 0.0167417900837 0.0344262295082
0 0.688342908631 0.309220770723 0.0122343850612 0.0172131147541
0 0.628780770833 0.403483065805 0.0141661300708 0.0270491803279
0 0.559237950485 0.575614213346 0.0180296200901 0.0204918032787
0 0.571794293048 0.550614213346 0.0148100450741 0.0262295081967
0 0.600770468193 0.558401098592 0.0160978750805 0.0319672131148
0 0.642624943402 0.508401098592 0.0160978750805 0.0270491803279
0 0.678362226081 0.534220770723 0.0167417900837 0.027868852459
0 0.724724106313 0.305122410068 0.0128783000644 0.0270491803279
0 0.693494228657 0.454712574002 0.0122343850612 0.0147540983607
0 0.731807171348 0.47069618056 0.011590470058 0.0237704918033
0 0.817447866776 0.396106016625 0.011590470058 0.022131147541
0 0.752734408953 0.421925688756 0.0122343850612 0.0196721311475
0 0.820345484291 0.246925688756 0.0109465550547 0.0172131147541
0 0.798774331683 0.244056836297 0.0128783000644 0.0196721311475
0 0.626849025823 0.507171590396 0.0103026400515 0.0131147540984
