0 0.173249861484 0.227042436964 0.0282442748092 0.0734299516908
0 0.1976773424 0.344916833099 0.0236641221374 0.0502415458937
0 0.291188792782 0.35989267851 0.0290076335878 0.0608695652174
0 0.248440701179 0.373902340345 0.0259541984733 0.0463768115942
0 0.209509403469 0.234771905563 0.024427480916 0.048309178744
0 0.496913983622 0.299989296867 0.0297709923664 0.0512077294686
0 0.390807113393 0.414965142278 0.0282442748092 0.0512077294686
0 0.222868182095 0.638153548075 0.0282442748092 0.0512077294686
0 0.195005586675 0.669554514258 0.0290076335878 0.048309178744
0 0.344623907286 0.59757383793 0.0259541984733 0.0531400966184
0 0.283936884385 0.674385432133 0.0251908396947 0.0425120772947
0 0.396913983622 0.627042436964 0.0251908396947 0.0521739130435
0 0.495768945454 0.67486852392 0.0290076335878 0.0299516908213
0 0.236226960721 0.221245335514 0.0229007633588 0.0367149758454
0 0.628211693546 0.270520697833 0.0251908396947 0.0367149758454
0 0.619814746981 0.304820214741 0.0267175572519 0.0531400966184
0 0.712944517973 0.224143886239 0.0358778625954 0.0676328502415
0 0.80912772408 0.453129393485 0.0389312977099 0.0444444444444
0 0.665234594309 0.709651132616 0.0335877862595 0.0628019323671
0 0.795005586675 0.667139055321 0.0335877862595 0.0685990338164
0 0.831646808049 0.763757412809 0.0412213740458 0.0685990338164
0 0.896532304233 0.270037606046 0.036641221374 0.0685990338164
0 0.969051388202 0.65989267851 0.036641221374 0.0579710144928
0 0.374394899652 0.213032775128 0.018320610687 0.0376811594203
