0 0.391145833333 0.599537037037 0.0239583333333 0.0675925925926
0 0.454427083333 0.507407407407 0.0213541666667 0.0555555555556
0 0.412760416667 0.407407407407 0.0213541666667 0.0444444444444
0 0.533333333333 0.222685185185 0.0177083333333 0.0435185185185
0 0.519270833333 0.19212962963 0.0197916666667 0.0546296296296
0 0.488802083333 0.171759259259 0.0182291666667 0.0638888888889
0 0.321354166667 0.160648148148 0.0197916666667 0.0490740740741
0 0.3296875 0.658796296296 0.025 0.0601851851852
0 0.302083333333 0.634259259259 0.0229166666667 0.0537037037037
0 0.158072916667 0.665740740741 0.0307291666667 0.0518518518519
0 0.218229166667 0.151851851852 0.0260416666667 0.0425925925926
0 0.172395833333 0.103240740741 0.03125 0.0601851851852
0 0.021875 0.538888888889 0.0354166666667 0.114814814815
0 0.0322916666667 0.282407407407 0.0260416666667 0.0592592592593
0 0.0518229166667 0.293055555556 0.0223958333333 0.0731481481481
0 0.32421875 0.282407407407 0.0255208333333 0.0592592592593
