0 0.44609375 0.173148148148 0.0255208333333 0.0814814814815
0 0.35859375 0.25787037037 0.0244791666667 0.0842592592593
0 0.370572916667 0.173148148148 0.0223958333333 0.0666666666667
0 0.40078125 0.062962962963 0.0244791666667 0.0685185185185
0 0.248958333333 0.024537037037 0.0239583333333 0.0398148148148
0 0.254947916667 0.546296296296 0.0286458333333 0.0759259259259
0 0.39375 0.65787037037 0.0208333333333 0.0490740740741
0 0.425520833333 0.621296296296 0.0197916666667 0.0444444444444
0 0.206770833333 0.621759259259 0.0364583333333 0.0916666666667
0 0.12734375 0.615740740741 0.0380208333333 0.0666666666667
0 0.0690104166667 0.0689814814815 0.0401041666667 0.087962962963
0 0.0361979166667 0.222222222222 0.0328125 0.0814814814815
0 0.18515625 0.33287037037 0.0296875 0.0472222222222
