0 0.176743348584 0.481797014838 0.0185299567634 0.0382165605096
0 0.182920000839 0.425382092181 0.0185299567634 0.0382165605096
0 0.119918147843 0.456319307831 0.0197652872143 0.0327570518653
0 0.181684670388 0.530477633582 0.0185299567634 0.0354868061874
0 0.225230068782 0.719285640861 0.0117356392835 0.0254777070064
0 0.110962002074 0.714281091271 0.017912291538 0.031847133758
0 0.0942850409868 0.714281091271 0.0129709697344 0.0300272975432
0 0.0766815820615 0.529112756421 0.0172946263125 0.0345768880801
0 0.0365333424074 0.576428498004 0.0111179740581 0.0254777070064
0 0.0661812732289 0.544126405193 0.012353304509 0.0209281164695
