0 0.679398439319 0.212394162491 0.0151041666667 0.0398148148148
0 0.674450522653 0.180449718047 0.0166666666667 0.0351851851852
0 0.633044272653 0.186931199528 0.0161458333333 0.0481481481481
0 0.641638022653 0.447116384713 0.0145833333333 0.0388888888889
0 0.545023439319 0.510542310639 0.0161458333333 0.0490740740741
0 0.457002605986 0.563320088417 0.0161458333333 0.0490740740741
0 0.514554689319 0.523968236565 0.0114583333333 0.0277777777778
0 0.527315105986 0.54341268101 0.0161458333333 0.0296296296296
0 0.531221355986 0.236005273602 0.0114583333333 0.0259259259259
0 0.596065105986 0.209153421751 0.0130208333333 0.0314814814815
0 0.587992189319 0.372579347676 0.0145833333333 0.0268518518519
0 0.416117189319 0.280449718047 0.0145833333333 0.0333333333333
0 0.389294272653 0.353597866195 0.0151041666667 0.0407407407407
0 0.302315105986 0.290634903232 0.0203125 0.0462962962963
0 0.363773439319 0.456375643973 0.0161458333333 0.037037037037
0 0.327315105986 0.490634903232 0.0161458333333 0.0407407407407
0 0.351533855986 0.509153421751 0.0145833333333 0.0444444444444
0 0.339815105986 0.541560829158 0.0130208333333 0.0185185185185
0 0.264815105986 0.500820088417 0.0161458333333 0.0425925925926
0 0.170804689319 0.228134903232 0.0177083333333 0.0490740740741
0 0.162210939319 0.271190458788 0.0203125 0.0425925925926
0 0.193460939319 0.570264532862 0.0182291666667 0.0425925925926
0 0.173669272653 0.546653421751 0.0171875 0.0398148148148
0 0.110388022653 0.485542310639 0.0125 0.0398148148148
0 0.122367189319 0.498042310639 0.0125 0.0388888888889
0 0.128096355986 0.258690458788 0.021875 0.0287037037037
