0 0.97109375 0.677777777778 0.0390625 0.103703703704
0 0.795572916667 0.627777777778 0.0161458333333 0.0388888888889
0 0.948177083333 0.377777777778 0.0390625 0.0944444444444
0 0.845572916667 0.338425925926 0.0203125 0.0546296296296
0 0.92890625 0.613888888889 0.0192708333333 0.0425925925926
0 0.935677083333 0.665740740741 0.0234375 0.0592592592593
0 0.920052083333 0.647222222222 0.0130208333333 0.0444444444444
0 0.851302083333 0.610648148148 0.0119791666667 0.0398148148148
0 0.7578125 0.367592592593 0.0125 0.0259259259259
0 0.747395833333 0.365740740741 0.009375 0.0240740740741
