0 0.440885416667 0.180555555556 0.0192708333333 0.0703703703704
0 0.457552083333 0.293518518519 0.0161458333333 0.0481481481481
0 0.521354166667 0.30787037037 0.0197916666667 0.0583333333333
0 0.4921875 0.321296296296 0.0177083333333 0.0444444444444
0 0.465625 0.187962962963 0.0166666666667 0.0462962962963
0 0.66171875 0.250462962963 0.0203125 0.0490740740741
0 0.589322916667 0.360648148148 0.0192708333333 0.0490740740741
0 0.474739583333 0.574537037037 0.0192708333333 0.0490740740741
0 0.455729166667 0.60462962963 0.0197916666667 0.0462962962963
0 0.5578125 0.535648148148 0.0177083333333 0.0509259259259
0 0.51640625 0.609259259259 0.0171875 0.0407407407407
0 0.593489583333 0.563888888889 0.0171875 0.05
0 0.6609375 0.609722222222 0.0197916666667 0.0287037037037
0 0.483854166667 0.175 0.015625 0.0351851851852
0 0.751302083333 0.222222222222 0.0171875 0.0351851851852
0 0.745572916667 0.255092592593 0.0182291666667 0.0509259259259
0 0.809114583333 0.177777777778 0.0244791666667 0.0648148148148
0 0.874739583333 0.397222222222 0.0265625 0.0425925925926
0 0.7765625 0.643055555556 0.0229166666667 0.0601851851852
0 0.865104166667 0.602314814815 0.0229166666667 0.0657407407407
0 0.890104166667 0.694907407407 0.028125 0.0657407407407
0 0.934375 0.221759259259 0.025 0.0657407407407
0 0.983854166667 0.59537037037 0.025 0.0555555555556
0 0.578125 0.16712962963 0.0125 0.0361111111111
