0 0.16964411925 0.8275870082 0.0736486486486 0.135643564356
0 0.27268465979 0.765210770576 0.0621621621622 0.10396039604
0 0.252076551682 0.0567949289921 0.0601351351351 0.0910891089109
0 0.183495470601 0.0637256220615 0.0405405405405 0.0633663366337
0 0.557819794925 0.644418691368 0.0364864864865 0.0762376237624
0 0.592279254385 0.653824631962 0.0256756756757 0.0514851485149
0 0.702752227358 0.625111760675 0.0209459459459 0.049504950495
0 0.425387362493 0.634022651764 0.0297297297297 0.0792079207921
0 0.605454930061 0.319666216121 0.0263513513514 0.0722772277228
0 0.68991438952 0.279072156715 0.0263513513514 0.060396039604
0 0.632819794925 0.165210770576 0.0256756756757 0.060396039604
0 0.561198173304 0.0800622557248 0.0297297297297 0.0683168316832
0 0.445319794925 0.139468196319 0.0290540540541 0.0623762376238
0 0.461536011142 0.0869929487941 0.0371621621622 0.0881188118812
0 0.129779254385 0.530062255725 0.0236486486486 0.0594059405941
