0 0.920118343195 0.332572298326 0.0571992110454 0.10197869102
0 0.737672583826 0.13698630137 0.0414201183432 0.0700152207002
0 0.959566074951 0.624809741248 0.0473372781065 0.132420091324
0 0.782544378698 0.786910197869 0.0443786982249 0.0669710806697
0 0.587771203156 0.767123287671 0.0276134122288 0.0639269406393
0 0.552268244576 0.798325722983 0.0335305719921 0.0745814307458
0 0.465483234714 0.741248097412 0.0315581854043 0.0821917808219
0 0.378205128205 0.6400304414 0.0325443786982 0.0715372907154
0 0.542406311637 0.222222222222 0.0315581854043 0.0578386605784
0 0.319033530572 0.248858447489 0.0285996055227 0.0745814307458
0 0.277120315582 0.276255707763 0.025641025641 0.0684931506849
0 0.260355029586 0.317351598174 0.0236686390533 0.062404870624
0 0.54191321499 0.359208523592 0.034516765286 0.0852359208524
0 0.42899408284 0.519786910198 0.0276134122288 0.0654490106545
0 0.679487179487 0.200913242009 0.0295857988166 0.0608828006088
0 0.667159763314 0.872146118721 0.0305719921105 0.0852359208524
