0 0.71953125 0.513888888889 0.0442708333333 0.12037037037
0 0.489583333333 0.626388888889 0.03125 0.0861111111111
0 0.41640625 0.722685185185 0.0359375 0.10462962963
0 0.35859375 0.835185185185 0.0369791666667 0.116666666667
0 0.0838541666667 0.484259259259 0.040625 0.111111111111
0 0.03046875 0.725462962963 0.0432291666667 0.0953703703704
0 0.10859375 0.677777777778 0.0244791666667 0.0481481481481
0 0.130729166667 0.614351851852 0.0270833333333 0.0731481481481
0 0.0864583333333 0.410648148148 0.040625 0.0509259259259
0 0.178385416667 0.275462962963 0.0244791666667 0.0490740740741
0 0.135416666667 0.100462962963 0.0395833333333 0.0898148148148
0 0.224739583333 0.0365740740741 0.0348958333333 0.0657407407407
0 0.347395833333 0.3 0.03125 0.101851851852
0 0.409375 0.160185185185 0.0375 0.118518518519
0 0.565625 0.331018518519 0.0354166666667 0.102777777778
0 0.78984375 0.05 0.0526041666667 0.0907407407407
