0 0.208333333333 0.115740740741 0.0302083333333 0.0574074074074
0 0.244010416667 0.165277777778 0.0317708333333 0.0916666666667
0 0.28359375 0.0648148148148 0.0328125 0.0962962962963
0 0.143489583333 0.581018518519 0.0359375 0.0898148148148
0 0.0575520833333 0.67962962963 0.0338541666667 0.0796296296296
0 0.0994791666667 0.583796296296 0.0270833333333 0.0527777777778
0 0.2734375 0.688888888889 0.028125 0.0907407407407
0 0.350260416667 0.762037037037 0.0317708333333 0.0814814814815
0 0.474479166667 0.613425925926 0.0270833333333 0.062037037037
0 0.498177083333 0.585648148148 0.0244791666667 0.0435185185185
0 0.335677083333 0.362962962963 0.0307291666667 0.0666666666667
0 0.47578125 0.163888888889 0.0255208333333 0.0814814814815
0 0.359114583333 0.188888888889 0.0276041666667 0.0592592592593
0 0.0276041666667 0.0550925925926 0.0302083333333 0.0583333333333
0 0.589583333333 0.134259259259 0.025 0.0518518518519
0 0.647395833333 0.141666666667 0.034375 0.109259259259
0 0.740625 0.0398148148148 0.0229166666667 0.0592592592593
0 0.862760416667 0.128240740741 0.0276041666667 0.0416666666667
0 0.710677083333 0.316666666667 0.0307291666667 0.062962962963
0 0.670052083333 0.588425925926 0.0328125 0.0787037037037
0 0.950260416667 0.653703703704 0.0296875 0.0703703703704
0 0.983854166667 0.686574074074 0.0239583333333 0.0916666666667
0 0.8015625 0.660185185185 0.0322916666667 0.0666666666667
0 0.9765625 0.233333333333 0.0354166666667 0.0722222222222
