0 0.0381294964029 0.861979166667 0.0776978417266 0.161458333333
0 0.115107913669 0.3453125 0.0690647482014 0.163541666667
0 0.184892086331 0.7984375 0.0446043165468 0.101041666667
0 0.224820143885 0.705208333333 0.0294964028777 0.0625
0 0.425539568345 0.739583333333 0.0251798561151 0.05625
0 0.356115107914 0.3328125 0.0287769784173 0.059375
0 0.489208633094 0.375 0.0201438848921 0.0375
0 0.504676258993 0.377083333333 0.0151079136691 0.0354166666667
0 0.322302158273 0.522395833333 0.0359712230216 0.0760416666667
0 0.246762589928 0.0197916666667 0.0330935251799 0.0395833333333
