0 0.842987804878 0.429339477727 0.0213414634146 0.0353302611367
0 0.720426829268 0.205837173579 0.0237804878049 0.0445468509985
0 0.82743902439 0.0948540706605 0.0182926829268 0.0253456221198
0 0.592682926829 0.207373271889 0.0182926829268 0.026113671275
0 0.560670731707 0.258832565284 0.0201219512195 0.0353302611367
0 0.540243902439 0.18509984639 0.0182926829268 0.0322580645161
0 0.706402439024 0.128648233487 0.0164634146341 0.0176651305684
0 0.526829268293 0.409370199693 0.0158536585366 0.0230414746544
0 0.636585365854 0.399001536098 0.0207317073171 0.0453149001536
0 0.667987804878 0.47465437788 0.0176829268293 0.0307219662058
0 0.711585365854 0.480030721966 0.0182926829268 0.036866359447
0 0.599390243902 0.543778801843 0.0207317073171 0.0353302611367
0 0.825914634146 0.26113671275 0.0225609756098 0.0322580645161
0 0.821646341463 0.227342549923 0.0189024390244 0.026113671275
0 0.362195121951 0.344086021505 0.0219512195122 0.0430107526882
0 0.456097560976 0.438172043011 0.0207317073171 0.0468509984639
0 0.468902439024 0.610599078341 0.0219512195122 0.047619047619
0 0.427134146341 0.646697388633 0.015243902439 0.0291858678955
0 0.378048780488 0.540322580645 0.0182926829268 0.0345622119816
0 0.400304878049 0.61712749616 0.0176829268293 0.0360983102919
0 0.304268292683 0.426651305684 0.0182926829268 0.0391705069124
0 0.27743902439 0.408986175115 0.0182926829268 0.0391705069124
0 0.22987804878 0.455069124424 0.0207317073171 0.042242703533
0 0.330182926829 0.59024577573 0.0164634146341 0.0222734254992
0 0.345426829268 0.684331797235 0.0201219512195 0.0430107526882
0 0.132012195122 0.491935483871 0.0201219512195 0.0468509984639
0 0.032012195122 0.484639016897 0.0286585365854 0.0384024577573
0 0.161585365854 0.755760368664 0.0243902439024 0.0276497695853
0 0.124085365854 0.774193548387 0.0201219512195 0.0245775729647
