0 0.49358418229 0.333281205458 0.0260416666667 0.0759259259259
0 0.582907098957 0.201336761013 0.0223958333333 0.0657407407407
0 0.533167515624 0.210596020272 0.0208333333333 0.0583333333333
0 0.534730015624 0.334670094346 0.0197916666667 0.0564814814815
0 0.401136265624 0.389299723976 0.0296875 0.0824074074074
0 0.36467793229 0.652262686939 0.0234375 0.0601851851852
0 0.427438348957 0.620781205458 0.0239583333333 0.062037037037
0 0.48186543229 0.703651575828 0.0223958333333 0.0462962962963
0 0.54124043229 0.659670094346 0.0223958333333 0.0601851851852
0 0.557907098957 0.68837379805 0.0171875 0.0527777777778
0 0.301917515624 0.734670094346 0.0322916666667 0.0472222222222
0 0.268323765624 0.214762686939 0.0307291666667 0.0722222222222
