0 0.544010416667 0.334259259259 0.0140625 0.0333333333333
0 0.57578125 0.333796296296 0.0171875 0.0435185185185
0 0.622395833333 0.283796296296 0.015625 0.0342592592593
0 0.602083333333 0.506481481481 0.0177083333333 0.0462962962963
0 0.68203125 0.675 0.0213541666667 0.05
0 0.724479166667 0.288888888889 0.0239583333333 0.0592592592593
0 0.880208333333 0.646759259259 0.0291666666667 0.0638888888889
0 0.834895833333 0.686574074074 0.0239583333333 0.075
0 0.849739583333 0.483333333333 0.0338541666667 0.0925925925926
0 0.88359375 0.437037037037 0.0286458333333 0.0574074074074
0 0.84140625 0.118981481481 0.0276041666667 0.0564814814815
0 0.901302083333 0.14212962963 0.0348958333333 0.087962962963
0 0.988802083333 0.733796296296 0.0161458333333 0.0824074074074
