0 0.0408854166667 0.741666666667 0.0484375 0.109259259259
0 0.0958333333333 0.0740740740741 0.0427083333333 0.118518518519
0 0.253645833333 0.12037037037 0.0364583333333 0.109259259259
0 0.341145833333 0.0819444444444 0.0302083333333 0.0805555555556
0 0.410416666667 0.163425925926 0.01875 0.0583333333333
0 0.454427083333 0.260648148148 0.0192708333333 0.0601851851852
0 0.386458333333 0.304166666667 0.021875 0.0694444444444
0 0.325260416667 0.604166666667 0.0286458333333 0.0638888888889
0 0.398177083333 0.635185185185 0.0203125 0.0592592592593
0 0.460677083333 0.583333333333 0.0182291666667 0.0425925925926
0 0.3625 0.590277777778 0.025 0.0601851851852
