0 0.359689633364 0.412201315608 0.0231566118221 0.0453514739229
0 0.412706086746 0.40502066557 0.0231566118221 0.0445956160242
0 0.453230157435 0.35248854161 0.0274223034735 0.0589569160998
0 0.557739602895 0.261029735865 0.0231566118221 0.0347694633409
0 0.600091827149 0.242133288397 0.0201096892139 0.0438397581255
0 0.558044295156 0.356267831103 0.0274223034735 0.0468631897203
0 0.476082076996 0.641982116817 0.0255941499086 0.0468631897203
0 0.460238079434 0.683176372297 0.0268129189519 0.0461073318216
0 0.565966293937 0.547877808427 0.0237659963437 0.047619047619
0 0.604052826539 0.547121950529 0.0207190737355 0.0385487528345
0 0.64914728114 0.530115147808 0.0195003046923 0.0483749055178
0 0.742992497472 0.539941300491 0.0292504570384 0.0362811791383
0 0.539458067246 0.64651726421 0.0195003046923 0.0302343159486
0 0.810634179373 0.477960952796 0.0292504570384 0.042328042328
0 0.867306939885 0.490054679176 0.0292504570384 0.0453514739229
0 0.710085733303 0.176373651209 0.0292504570384 0.0574452003023
0 0.725015654083 0.128376674641 0.0286410725168 0.0385487528345
0 0.820079639458 0.142737974716 0.02985984156 0.0445956160242
