0 0.422954546544 0.142260639834 0.0237960339943 0.0861244019139
0 0.475929050793 0.217619491509 0.0175637393768 0.0622009569378
0 0.461481458725 0.17694963505 0.0237960339943 0.0765550239234
0 0.384710920482 0.592021405385 0.0209631728045 0.0765550239234
0 0.334852563541 0.453863510648 0.0266288951841 0.0681818181818
0 0.215305821332 0.102786955624 0.0300283286119 0.0645933014354
0 0.304824234929 0.717619491509 0.0277620396601 0.0956937799043
0 0.22408769102 0.79656685993 0.0317280453258 0.0980861244019
0 0.190093356742 0.767858725959 0.028328611898 0.0741626794258
0 0.105957379405 0.916782170935 0.0322946175637 0.116028708134
0 0.0662973227482 0.0680979604086 0.028895184136 0.0622009569378
