0 0.810527620706 0.487631390948 0.0633850303439 0.149462365591
0 0.874586959884 0.41773891783 0.0525960890088 0.106451612903
0 0.819967944374 0.720427089873 0.0445043830074 0.0817204301075
0 0.750176980113 0.75214751998 0.0397842211733 0.104301075269
0 0.627115618009 0.215050745787 0.0296695886716 0.0666666666667
0 0.494951086654 0.198921713529 0.0215778826703 0.0451612903226
0 0.51079734424 0.172039993098 0.018206338503 0.0387096774194
0 0.443029306478 0.259674401701 0.0215778826703 0.052688172043
0 0.412348254557 0.262362573744 0.0155091031693 0.0344086021505
0 0.464270034732 0.466126014604 0.0222521915037 0.0505376344086
0 0.53439815341 0.701609885572 0.0303438975051 0.0720430107527
