0 0.449212949391 0.693218366641 0.0360824742268 0.0630026809651
0 0.42653253702 0.734773326427 0.0360824742268 0.0522788203753
0 0.561068619494 0.754210323746 0.039175257732 0.0643431635389
0 0.654883052483 0.647641959134 0.0494845360825 0.0871313672922
0 0.844573774133 0.776328286212 0.0556701030928 0.0549597855228
0 0.685810887535 0.38155616825 0.0515463917526 0.0965147453083
0 0.524986145267 0.32391541758 0.0453608247423 0.0991957104558
0 0.474470681349 0.301127213826 0.0371134020619 0.0643431635389
0 0.37653253702 0.170430162888 0.039175257732 0.0710455764075
0 0.694573774133 0.0846392781693 0.0422680412371 0.0603217158177
