0 0.311938958707 0.246927374302 0.0206463195691 0.0357541899441
0 0.331687612208 0.224022346369 0.0206463195691 0.0413407821229
0 0.376122082585 0.234078212291 0.0215439856373 0.0502793296089
0 0.333931777379 0.498882681564 0.0197486535009 0.0346368715084
0 0.399012567325 0.596648044693 0.0260323159785 0.0491620111732
0 0.55026929982 0.316201117318 0.0215439856373 0.0290502793296
0 0.446588868941 0.659217877095 0.024236983842 0.0491620111732
0 0.477558348294 0.655865921788 0.0233393177738 0.0357541899441
0 0.764362657092 0.701675977654 0.0368043087971 0.0670391061453
0 0.820017953321 0.779888268156 0.0421903052065 0.0603351955307
0 0.783662477558 0.540782122905 0.0359066427289 0.0513966480447
0 0.790843806104 0.322346368715 0.0269299820467 0.0413407821229
0 0.615798922801 0.731284916201 0.0305206463196 0.0413407821229
0 0.948833034111 0.465363128492 0.0341113105925 0.0659217877095
0 0.656193895871 0.373184357542 0.0233393177738 0.0335195530726
0 0.525583482944 0.743575418994 0.024236983842 0.063687150838
0 0.791292639138 0.81061452514 0.0296229802513 0.0525139664804
