0 0.133333333333 0.201388888889 0.0270833333333 0.0638888888889
0 0.259375 0.248611111111 0.0291666666667 0.0824074074074
0 0.282552083333 0.568518518519 0.0265625 0.0574074074074
0 0.119270833333 0.600462962963 0.0229166666667 0.0546296296296
0 0.495052083333 0.601851851852 0.0151041666667 0.0351851851852
0 0.515104166667 0.618981481481 0.0166666666667 0.0490740740741
0 0.5609375 0.577777777778 0.0197916666667 0.0518518518519
0 0.625 0.504166666667 0.0166666666667 0.0453703703704
0 0.651041666667 0.205555555556 0.0177083333333 0.0592592592593
0 0.509114583333 0.232407407407 0.0161458333333 0.0333333333333
0 0.696354166667 0.243055555556 0.0166666666667 0.0416666666667
0 0.684895833333 0.213888888889 0.0177083333333 0.05
