0 0.0408854166667 0.773611111111 0.0567708333333 0.126851851852
0 0.1203125 0.715277777778 0.0479166666667 0.0972222222222
0 0.104427083333 0.0527777777778 0.0463541666667 0.0851851851852
0 0.0515625 0.0592592592593 0.03125 0.0592592592593
0 0.340104166667 0.602314814815 0.028125 0.0712962962963
0 0.366666666667 0.611111111111 0.0197916666667 0.0481481481481
0 0.451822916667 0.584259259259 0.0161458333333 0.0462962962963
0 0.238020833333 0.592592592593 0.0229166666667 0.0740740740741
0 0.376822916667 0.298611111111 0.0203125 0.0675925925926
0 0.441927083333 0.260648148148 0.0203125 0.0564814814815
0 0.397916666667 0.154166666667 0.0197916666667 0.0564814814815
0 0.342708333333 0.074537037037 0.0229166666667 0.0638888888889
0 0.253385416667 0.130092592593 0.0223958333333 0.0583333333333
0 0.265885416667 0.0810185185185 0.0286458333333 0.0824074074074
0 0.01015625 0.49537037037 0.0182291666667 0.0555555555556
