0 0.0947619047619 0.462048192771 0.0485714285714 0.066265060241
0 0.26619047619 0.749397590361 0.0504761904762 0.0939759036145
0 0.329523809524 0.248795180723 0.0438095238095 0.0518072289157
0 0.402380952381 0.531927710843 0.0295238095238 0.0638554216867
0 0.475238095238 0.421084337349 0.0285714285714 0.0566265060241
0 0.442380952381 0.651204819277 0.0428571428571 0.0710843373494
0 0.578571428571 0.712048192771 0.0333333333333 0.0602409638554
0 0.511904761905 0.813253012048 0.0314285714286 0.0602409638554
0 0.689047619048 0.728915662651 0.0314285714286 0.0578313253012
0 0.741428571429 0.55843373494 0.0238095238095 0.0421686746988
0 0.795714285714 0.571686746988 0.0238095238095 0.0469879518072
0 0.859047619048 0.6 0.0209523809524 0.0409638554217
0 0.776666666667 0.370481927711 0.0219047619048 0.0397590361446
0 0.782380952381 0.337951807229 0.0161904761905 0.0373493975904
0 0.867142857143 0.419277108434 0.0161904761905 0.0313253012048
0 0.885714285714 0.385542168675 0.0152380952381 0.0289156626506
0 0.915714285714 0.507831325301 0.0142857142857 0.0253012048193
0 0.808571428571 0.360843373494 0.0133333333333 0.0228915662651
0 0.896666666667 0.543373493976 0.012380952381 0.0265060240964
0 0.836666666667 0.536144578313 0.0142857142857 0.0313253012048
0 0.752380952381 0.620481927711 0.0152380952381 0.0265060240964
0 0.764761904762 0.63313253012 0.0190476190476 0.0180722891566
0 0.429523809524 0.321084337349 0.0190476190476 0.0325301204819
