0 0.111458333333 0.087037037037 0.0427083333333 0.0703703703704
0 0.153645833333 0.137962962963 0.0354166666667 0.0981481481481
0 0.197135416667 0.0472222222222 0.0411458333333 0.0833333333333
0 0.0380208333333 0.586111111111 0.04375 0.0888888888889
0 0.185416666667 0.704166666667 0.0322916666667 0.0916666666667
0 0.26640625 0.775462962963 0.0359375 0.0898148148148
0 0.280208333333 0.175925925926 0.03125 0.0685185185185
0 0.40625 0.155555555556 0.0260416666667 0.0833333333333
0 0.32421875 0.110648148148 0.0286458333333 0.0731481481481
0 0.51640625 0.135185185185 0.0244791666667 0.0555555555556
0 0.5703125 0.146296296296 0.034375 0.1
0 0.665104166667 0.0532407407407 0.025 0.0527777777778
0 0.635677083333 0.316203703704 0.0276041666667 0.0805555555556
0 0.774479166667 0.144907407407 0.0260416666667 0.0472222222222
0 0.874739583333 0.113425925926 0.0265625 0.0564814814815
0 0.879947916667 0.246759259259 0.0359375 0.075
0 0.832552083333 0.32962962963 0.0307291666667 0.0814814814815
0 0.948958333333 0.225 0.0270833333333 0.05
0 0.653125 0.196296296296 0.0208333333333 0.0648148148148
0 0.722135416667 0.119907407407 0.0182291666667 0.0601851851852
0 0.251822916667 0.361574074074 0.0359375 0.0842592592593
0 0.400260416667 0.625925925926 0.0276041666667 0.0814814814815
0 0.426302083333 0.588888888889 0.0286458333333 0.05
0 0.59296875 0.5875 0.0307291666667 0.0842592592593
0 0.854166666667 0.643518518519 0.0260416666667 0.062962962963
0 0.887239583333 0.675462962963 0.0296875 0.075
0 0.98125 0.618981481481 0.0260416666667 0.100925925926
0 0.718229166667 0.656018518519 0.0260416666667 0.062037037037
