0 0.541213508872 0.388628762542 0.0131654264453 0.01872909699
0 0.524327418432 0.317056856187 0.0148826559817 0.0267558528428
0 0.463651974814 0.35016722408 0.0160274756726 0.0247491638796
0 0.398969662278 0.2872909699 0.0125930165999 0.019397993311
0 0.463651974814 0.294983277592 0.0125930165999 0.0200668896321
0 0.378649112765 0.414381270903 0.0131654264453 0.019397993311
0 0.400686891815 0.43745819398 0.0148826559817 0.0280936454849
0 0.304235832856 0.417391304348 0.0154550658271 0.0280936454849
0 0.429307384087 0.272909698997 0.0125930165999 0.0160535117057
0 0.329708070979 0.267558528428 0.0160274756726 0.0254180602007
0 0.259015455066 0.420735785953 0.0154550658271 0.0240802675585
0 0.226960503721 0.423745819398 0.016599885518 0.0260869565217
0 0.202633085289 0.392307692308 0.0148826559817 0.0247491638796
0 0.170864338867 0.344816053512 0.0131654264453 0.0220735785953
0 0.283056668575 0.284949832776 0.0143102461362 0.0254180602007
0 0.261877504293 0.161872909699 0.016599885518 0.0227424749164
0 0.236405266171 0.0993311036789 0.0125930165999 0.0167224080268
0 0.206639954207 0.151170568562 0.0183171150544 0.0280936454849
0 0.137378362908 0.252842809365 0.0194619347453 0.0321070234114
