0 0.216498103666 0.546221864952 0.0322376738306 0.0538585209003
0 0.109039190898 0.397106109325 0.0372945638432 0.056270096463
0 0.315423514539 0.530948553055 0.0278128950695 0.0522508038585
0 0.226295828066 0.0856109324759 0.031605562579 0.0570739549839
0 0.414348925411 0.162379421222 0.0284450063211 0.0578778135048
0 0.431099873578 0.24959807074 0.0240202275601 0.0490353697749
0 0.435208596713 0.514871382637 0.0208596713021 0.0442122186495
0 0.593552465234 0.600482315113 0.0164348925411 0.0289389067524
0 0.593236409608 0.621382636656 0.0158027812895 0.024115755627
0 0.538558786346 0.599678456592 0.0151706700379 0.024115755627
0 0.461441213654 0.567926045016 0.0189633375474 0.0233118971061
0 0.52180783818 0.537781350482 0.0170670037927 0.0353697749196
0 0.55783817952 0.424437299035 0.0183312262958 0.040192926045
0 0.624525916561 0.421221864952 0.0176991150442 0.040192926045
0 0.489254108723 0.293408360129 0.0176991150442 0.0353697749196
0 0.700063211125 0.373392282958 0.0183312262958 0.0329581993569
0 0.458912768647 0.237942122186 0.0189633375474 0.0305466237942
0 0.307522123894 0.311495176849 0.027180783818 0.0458199356913
0 0.0856510745891 0.360128617363 0.0233881163085 0.0273311897106
