0 0.729166666667 0.149537037037 0.0229166666667 0.0564814814815
0 0.661979166667 0.286111111111 0.0229166666667 0.0740740740741
0 0.5921875 0.342592592593 0.021875 0.0666666666667
0 0.570052083333 0.143055555556 0.0244791666667 0.0564814814815
0 0.4734375 0.206018518519 0.0239583333333 0.0638888888889
0 0.426822916667 0.15 0.0223958333333 0.0574074074074
0 0.401302083333 0.188425925926 0.0265625 0.087962962963
0 0.359375 0.0805555555556 0.0302083333333 0.0925925925926
0 0.30078125 0.375 0.0286458333333 0.0907407407407
0 0.589583333333 0.538888888889 0.0239583333333 0.062962962963
0 0.628645833333 0.616666666667 0.01875 0.0518518518519
0 0.690885416667 0.578240740741 0.0213541666667 0.0453703703704
0 0.69609375 0.614351851852 0.0213541666667 0.0342592592593
0 0.53828125 0.622222222222 0.0244791666667 0.0574074074074
0 0.490625 0.571759259259 0.021875 0.0787037037037
0 0.37421875 0.683796296296 0.0276041666667 0.0787037037037
0 0.284114583333 0.771296296296 0.0338541666667 0.0925925925926
0 0.151302083333 0.116203703704 0.0348958333333 0.0916666666667
0 0.1375 0.640740740741 0.0416666666667 0.0962962962963
0 0.100260416667 0.600462962963 0.0369791666667 0.0583333333333
