0 0.630259623993 0.64833906071 0.0322291853178 0.0641466208477
0 0.693375111907 0.530927835052 0.0295434198747 0.0538373424971
0 0.616830796777 0.45704467354 0.0286481647269 0.0435280641466
0 0.734556848702 0.223367697595 0.0241718889884 0.0412371134021
0 0.70993733214 0.201603665521 0.0268576544315 0.0526918671249
0 0.665622202328 0.197594501718 0.0241718889884 0.0607101947308
0 0.444046553268 0.269759450172 0.0268576544315 0.0469644902635
0 0.56266786034 0.734822451317 0.0331244404655 0.0584192439863
0 0.521486123545 0.725658648339 0.0313339301701 0.0515463917526
0 0.339301700985 0.825887743414 0.041181736795 0.0504009163803
0 0.307072515667 0.31156930126 0.0358102059087 0.0412371134021
0 0.236794986571 0.288659793814 0.0420769919427 0.057273768614
0 0.133840644584 0.773768613975 0.047448522829 0.108820160367
0 0.091763652641 0.526918671249 0.034914950761 0.057273768614
0 0.119964189794 0.527491408935 0.0304386750224 0.069873997709
0 0.474037600716 0.382588774341 0.034914950761 0.057273768614
