0 0.196793787587 0.30020114887 0.0569732937685 0.101265822785
0 0.192639484916 0.515742639728 0.0344213649852 0.063994374121
0 0.137743342483 0.448583708645 0.0373887240356 0.0590717299578
0 0.468900612513 0.281917041978 0.0278931750742 0.0506329113924
0 0.376615746044 0.625095663638 0.0237388724036 0.0478199718706
0 0.526467378091 0.538949390783 0.0195845697329 0.035864978903
0 0.587891710436 0.344153328898 0.0189910979228 0.0414908579466
0 0.613410998269 0.428189897112 0.0178041543027 0.0351617440225
0 0.640413965628 0.450693413286 0.0148367952522 0.0225035161744
0 0.170384292038 0.229526043385 0.0350148367953 0.0625879043601
