0 0.98192935435 0.354770895121 0.0302083333333 0.0814814814815
0 0.893127271017 0.429307932158 0.0276041666667 0.062037037037
0 0.771252271017 0.319585709936 0.0213541666667 0.05
0 0.72724185435 0.300141265491 0.0208333333333 0.0388888888889
0 0.70536685435 0.325141265491 0.0208333333333 0.0685185185185
0 0.67255435435 0.258937561787 0.0260416666667 0.0675925925926
0 0.531408521017 0.322363487713 0.0197916666667 0.0611111111111
0 0.63114810435 0.48440052475 0.0234375 0.0537037037037
0 0.897814771017 0.615882006232 0.0265625 0.0592592592593
0 0.947033521017 0.699215339565 0.0239583333333 0.0462962962963
0 0.787658521017 0.642733858084 0.0229166666667 0.0777777777778
0 0.832189771017 0.69365978401 0.0255208333333 0.0351851851852
0 0.682971021017 0.720511635861 0.0208333333333 0.0611111111111
0 0.622033521017 0.767270895121 0.0229166666667 0.062037037037
0 0.53349185435 0.661715339565 0.01875 0.0490740740741
0 0.515783521017 0.641807932158 0.0166666666667 0.0333333333333
0 0.399377271017 0.658011635861 0.0234375 0.087962962963
0 0.184793937683 0.68903015438 0.0213541666667 0.0388888888889
0 0.158752271017 0.715882006232 0.0223958333333 0.0574074074074
0 0.295731437683 0.69365978401 0.0192708333333 0.0425925925926
0 0.41708560435 0.339493117343 0.0244791666667 0.0657407407407
0 0.45380435435 0.325141265491 0.01875 0.0351851851852
0 0.33505435435 0.237178302528 0.0166666666667 0.0388888888889
0 0.166825187683 0.274215339565 0.0197916666667 0.0407407407407
0 0.0905231043499 0.673289413639 0.0276041666667 0.0703703703704
0 0.0616168543499 0.48115978401 0.0270833333333 0.0546296296296
0 0.0095335210166 0.583937561787 0.015625 0.0638888888889
