0 0.939322916667 0.117592592593 0.0369791666667 0.0962962962963
0 0.906770833333 0.0842592592593 0.03125 0.0611111111111
0 0.827604166667 0.165740740741 0.0260416666667 0.0666666666667
0 0.692447916667 0.337037037037 0.0244791666667 0.0666666666667
0 0.61796875 0.290740740741 0.0244791666667 0.0666666666667
0 0.551302083333 0.175462962963 0.0203125 0.0527777777778
0 0.688020833333 0.541666666667 0.0229166666667 0.0648148148148
0 0.644270833333 0.613425925926 0.0197916666667 0.0472222222222
0 0.759114583333 0.641666666667 0.0286458333333 0.0444444444444
0 0.807552083333 0.577777777778 0.0317708333333 0.0814814814815
0 0.586197916667 0.574537037037 0.0171875 0.0472222222222
0 0.580208333333 0.608796296296 0.0197916666667 0.0416666666667
0 0.981510416667 0.732407407407 0.0296875 0.087037037037
