0 0.68688230009 0.12673056443 0.0296495956873 0.0468583599574
0 0.566037735849 0.24653887114 0.0323450134771 0.0607028753994
0 0.64465408805 0.493077742279 0.0296495956873 0.0425985090522
0 0.831087151842 0.404685835996 0.0251572327044 0.0404685835996
0 0.425426774483 0.661341853035 0.0170709793351 0.0255591054313
0 0.409254267745 0.68743343983 0.0188679245283 0.0372736954207
0 0.346361185984 0.689030883919 0.0224618149146 0.038338658147
0 0.253818508535 0.679446219382 0.0188679245283 0.0340788072417
0 0.128481581312 0.481895633653 0.0197663971249 0.0436634717785
0 0.291105121294 0.404685835996 0.0179694519317 0.0255591054313
0 0.09209344115 0.539936102236 0.0188679245283 0.0319488817891
0 0.0947888589398 0.511182108626 0.0206648697215 0.0362087326944
