0 0.776053472289 0.712330668597 0.0320102432778 0.0682773109244
0 0.79461941339 0.744368483723 0.0281690140845 0.0651260504202
0 0.735400463326 0.658234029941 0.0288092189501 0.0735294117647
0 0.824068837206 0.157183609773 0.0281690140845 0.0483193277311
0 0.761008657948 0.151406298849 0.0249679897567 0.0493697478992
0 0.794939515823 0.147204618176 0.0262483994878 0.0367647058824
0 0.769651423633 0.345208819857 0.0294494238156 0.0735294117647
0 0.668819157308 0.32997772742 0.0275288092189 0.0766806722689
0 0.610880616975 0.305292853471 0.0192061459667 0.0483193277311
0 0.603518261021 0.397204618176 0.0249679897567 0.0493697478992
0 0.66209700622 0.592582769437 0.0217669654289 0.061974789916
0 0.616322358332 0.61516680305 0.0185659411012 0.0525210084034
0 0.651853728371 0.627246634983 0.0192061459667 0.0451680672269
0 0.503326199562 0.328402097168 0.0192061459667 0.0567226890756
0 0.4812391317 0.306868483723 0.01728553137 0.0409663865546
0 0.454030424914 0.283234029941 0.0192061459667 0.0504201680672
0 0.313185354491 0.35728865179 0.0140845070423 0.0262605042017
0 0.400253216207 0.451826466916 0.0166453265045 0.0409663865546
0 0.517730809037 0.644578567756 0.0211267605634 0.031512605042
0 0.498204560637 0.618843273639 0.0166453265045 0.0388655462185
0 0.46971544412 0.644578567756 0.0185659411012 0.0483193277311
0 0.413057313518 0.599935710613 0.0192061459667 0.0409663865546
0 0.382967684837 0.654557559353 0.0192061459667 0.0430672268908
0 0.274132857692 0.371469324059 0.0153649167734 0.0399159663866
0 0.346155905067 0.556343273639 0.0147247119078 0.0210084033613
0 0.310304432596 0.598360080361 0.0134443021767 0.0357142857143
0 0.201469605451 0.545313861874 0.0134443021767 0.0325630252101
0 0.275413267423 0.543738231622 0.0140845070423 0.0294117647059
0 0.159216084325 0.345734029941 0.0121638924456 0.0262605042017
0 0.180983049754 0.329452517336 0.0147247119078 0.0294117647059
0 0.42938253759 0.590481929101 0.0121638924456 0.0199579831933
