0 0.458115398495 0.705948907401 0.0306871247498 0.0788336933045
0 0.377061362471 0.598497503514 0.0273515677118 0.0647948164147
0 0.430430275079 0.481866833967 0.0273515677118 0.0518358531317
0 0.275993984219 0.266424069388 0.0226817878586 0.0507559395248
0 0.294005992224 0.23078692036 0.025350233489 0.0637149028078
0 0.333032009569 0.207028821008 0.0233488992662 0.0745140388769
0 0.547508327114 0.194069857725 0.025350233489 0.0572354211663
0 0.536834544592 0.775063378244 0.032021347565 0.0701943844492
0 0.572191449195 0.74644566766 0.0293529019346 0.0626349892009
0 0.756647753398 0.783162730295 0.0393595730487 0.060475161987
0 0.67959638582 0.18381067846 0.0333555703803 0.0496760259179
0 0.738302189689 0.127115214097 0.0400266844563 0.0701943844492
0 0.931097386487 0.635214566149 0.0453635757171 0.133909287257
0 0.917755158335 0.336078497034 0.0333555703803 0.0691144708423
0 0.892738480549 0.348497503514 0.028685790527 0.085313174946
0 0.543839214372 0.336078497034 0.0326884589726 0.0691144708423
