0 0.245572916667 0.109259259259 0.0223958333333 0.0740740740741
0 0.25234375 0.286111111111 0.0192708333333 0.0425925925926
0 0.235416666667 0.254166666667 0.0197916666667 0.0361111111111
0 0.172916666667 0.191203703704 0.0208333333333 0.0435185185185
0 0.31484375 0.12037037037 0.0234375 0.0648148148148
0 0.323958333333 0.164351851852 0.0229166666667 0.0583333333333
0 0.352604166667 0.151851851852 0.0208333333333 0.0462962962963
0 0.385416666667 0.343055555556 0.0166666666667 0.0416666666667
0 0.479166666667 0.507407407407 0.0135416666667 0.0314814814815
0 0.320572916667 0.552314814815 0.0109375 0.0324074074074
0 0.345833333333 0.619907407407 0.0135416666667 0.037962962963
0 0.439322916667 0.611111111111 0.0151041666667 0.05
0 0.3859375 0.59537037037 0.0166666666667 0.0314814814815
0 0.409895833333 0.566666666667 0.0135416666667 0.0462962962963
0 0.504427083333 0.533796296296 0.0119791666667 0.0342592592593
0 0.523958333333 0.583333333333 0.0104166666667 0.0259259259259
0 0.547916666667 0.548611111111 0.00833333333333 0.0231481481481
0 0.559635416667 0.530555555556 0.0078125 0.0203703703704
0 0.54765625 0.443981481481 0.00885416666667 0.025
0 0.521354166667 0.387037037037 0.0125 0.0314814814815
0 0.561458333333 0.424074074074 0.009375 0.0240740740741
