0 0.12261669954 0.537906137184 0.025641025641 0.0415162454874
0 0.215647600263 0.421931407942 0.0184089414859 0.0351985559567
0 0.274490466798 0.403880866426 0.0203813280736 0.0478339350181
0 0.251150558843 0.393501805054 0.0184089414859 0.0270758122744
0 0.29355687048 0.348375451264 0.0203813280736 0.0487364620939
0 0.425706771861 0.343862815884 0.0177514792899 0.043321299639
0 0.361932938856 0.486010830325 0.0216962524655 0.0478339350181
0 0.146614069691 0.66155234657 0.0223537146614 0.043321299639
0 0.113412228797 0.733754512635 0.0243261012492 0.0306859205776
0 0.215318869165 0.703519855596 0.0203813280736 0.0406137184116
0 0.246219592373 0.641245487365 0.0203813280736 0.0478339350181
0 0.348783694938 0.660649819495 0.0190664036818 0.043321299639
0 0.407955292571 0.670126353791 0.0190664036818 0.0424187725632
0 0.468441814596 0.569945848375 0.0151216305062 0.0333935018051
0 0.479947403024 0.551444043321 0.0157790927022 0.0234657039711
0 0.492110453649 0.319494584838 0.0164365548981 0.0252707581227
0 0.525969756739 0.317238267148 0.0210387902696 0.0460288808664
0 0.584155161078 0.22202166065 0.0164365548981 0.0234657039711
0 0.585141354372 0.522111913357 0.0210387902696 0.0568592057762
0 0.679815910585 0.51083032491 0.017094017094 0.0306859205776
0 0.772846811308 0.472924187726 0.0177514792899 0.0324909747292
0 0.798816568047 0.481498194946 0.0210387902696 0.0370036101083
0 0.849441157133 0.429151624549 0.0249835634451 0.0424187725632
0 0.912228796844 0.342057761733 0.0243261012492 0.0415162454874
0 0.731097961867 0.190433212996 0.017094017094 0.0270758122744
0 0.84845496384 0.294223826715 0.0230111768573 0.0306859205776
0 0.0506245890861 0.523014440433 0.0197238658777 0.0460288808664
