0 0.479427083333 0.258333333333 0.0161458333333 0.0407407407407
0 0.489322916667 0.225925925926 0.0161458333333 0.0462962962963
0 0.522916666667 0.216666666667 0.0166666666667 0.0574074074074
0 0.546614583333 0.508333333333 0.0151041666667 0.0388888888889
0 0.61328125 0.57962962963 0.0203125 0.0555555555556
0 0.665364583333 0.222685185185 0.0171875 0.0324074074074
0 0.660416666667 0.622685185185 0.01875 0.0564814814815
0 0.68203125 0.605092592593 0.0182291666667 0.0398148148148
0 0.8984375 0.523611111111 0.0291666666667 0.0768518518519
0 0.954166666667 0.578703703704 0.0333333333333 0.0685185185185
0 0.8796875 0.349074074074 0.028125 0.0592592592593
0 0.840364583333 0.120833333333 0.0213541666667 0.0472222222222
0 0.797135416667 0.620833333333 0.0234375 0.0472222222222
0 0.983333333333 0.197222222222 0.0270833333333 0.0740740740741
0 0.753385416667 0.234259259259 0.0182291666667 0.037037037037
0 0.734635416667 0.674074074074 0.0192708333333 0.0722222222222
0 0.93984375 0.623611111111 0.0234375 0.0601851851852
