0 0.35625 0.159259259259 0.021875 0.0666666666667
0 0.404947916667 0.217592592593 0.0161458333333 0.0481481481481
0 0.391666666667 0.186111111111 0.021875 0.0592592592593
0 0.32109375 0.507407407407 0.0192708333333 0.0592592592593
0 0.275260416667 0.400462962963 0.0244791666667 0.0527777777778
0 0.165364583333 0.128703703704 0.0276041666667 0.05
0 0.24765625 0.60462962963 0.0255208333333 0.0740740740741
0 0.1734375 0.665740740741 0.0291666666667 0.0759259259259
0 0.1421875 0.643518518519 0.0260416666667 0.0574074074074
0 0.06484375 0.758796296296 0.0296875 0.0898148148148
0 0.0283854166667 0.101851851852 0.0265625 0.0481481481481
