0 0.742447916667 0.27962962963 0.0171875 0.0518518518519
0 0.70078125 0.20462962963 0.0161458333333 0.05
0 0.676822916667 0.332407407407 0.0182291666667 0.0574074074074
0 0.63046875 0.175 0.0223958333333 0.0518518518519
0 0.559635416667 0.229166666667 0.0203125 0.0546296296296
0 0.470833333333 0.246759259259 0.0229166666667 0.0657407407407
0 0.444010416667 0.636574074074 0.0203125 0.0657407407407
0 0.642447916667 0.574074074074 0.0192708333333 0.0518518518519
0 0.60703125 0.584722222222 0.0192708333333 0.0490740740741
0 0.42578125 0.501851851852 0.0203125 0.0407407407407
0 0.413802083333 0.206481481481 0.0213541666667 0.0592592592593
0 0.389322916667 0.249537037037 0.0203125 0.0675925925926
0 0.35703125 0.465740740741 0.0234375 0.0611111111111
0 0.353385416667 0.659722222222 0.0192708333333 0.0509259259259
0 0.3671875 0.593055555556 0.0229166666667 0.0638888888889
0 0.2765625 0.650462962963 0.0322916666667 0.0861111111111
0 0.219010416667 0.373611111111 0.0307291666667 0.0787037037037
0 0.292708333333 0.156944444444 0.0291666666667 0.0787037037037
0 0.0833333333333 0.691666666667 0.0354166666667 0.0814814814815
0 0.1203125 0.393518518519 0.028125 0.05
0 0.0822916666667 0.524537037037 0.0229166666667 0.0638888888889
0 0.744270833333 0.578240740741 0.0166666666667 0.0361111111111
0 0.68984375 0.612962962963 0.0151041666667 0.0444444444444
