0 0.0413124067808 0.0740664747385 0.0427083333333 0.0648148148148
0 0.0892290734475 0.13054795622 0.0364583333333 0.101851851852
0 0.134541573447 0.0439738821459 0.0375 0.0694444444444
0 0.224385323447 0.171751659924 0.0296875 0.0638888888889
0 0.355114490114 0.161103511776 0.0255208333333 0.0796296296296
0 0.463968656781 0.147214622887 0.0244791666667 0.0518518518519
0 0.193135323447 0.361103511776 0.0338541666667 0.0722222222222
0 0.124124906781 0.714344252516 0.0322916666667 0.0842592592593
0 0.209020740114 0.787029437701 0.040625 0.0925925925926
0 0.347301990114 0.628233141405 0.0265625 0.0787037037037
0 0.372301990114 0.593510919183 0.0265625 0.0388888888889
0 0.538968656781 0.600455363627 0.0307291666667 0.0787037037037
0 0.515531156781 0.16017758585 0.0348958333333 0.105555555556
0 0.610062406781 0.0745294377014 0.0208333333333 0.0490740740741
0 0.582979073447 0.330084993257 0.0270833333333 0.0675925925926
0 0.662145740114 0.654159067331 0.0260416666667 0.0601851851852
0 0.786364490114 0.643510919183 0.0234375 0.0574074074074
0 0.816051990114 0.675455363627 0.0276041666667 0.0675925925926
0 0.903031156781 0.622214622887 0.0317708333333 0.087037037037
0 0.713187406781 0.171751659924 0.021875 0.0398148148148
0 0.811104073447 0.271288696961 0.03125 0.062962962963
0 0.871781156781 0.249066474738 0.0213541666667 0.0462962962963
0 0.765791573447 0.34767758585 0.0291666666667 0.0805555555556
0 0.973343656781 0.510640548813 0.0286458333333 0.0787037037037
0 0.804854073447 0.142584993257 0.021875 0.0518518518519
0 0.922822823447 0.394436845109 0.0223958333333 0.0518518518519
