0 0.23063973064 0.122885572139 0.0383838383838 0.0865671641791
0 0.176094276094 0.08407960199 0.0397306397306 0.0587064676617
0 0.218855218855 0.5 0.0350168350168 0.0646766169154
0 0.365656565657 0.111940298507 0.0242424242424 0.0407960199005
0 0.521212121212 0.250746268657 0.0175084175084 0.0417910447761
0 0.670707070707 0.276616915423 0.020202020202 0.0517412935323
0 0.699326599327 0.296019900498 0.0181818181818 0.0407960199005
0 0.708754208754 0.323880597015 0.0181818181818 0.0328358208955
0 0.603367003367 0.530348258706 0.0161616161616 0.0437810945274
0 0.618181818182 0.528855721393 0.0148148148148 0.0268656716418
0 0.578114478114 0.445273631841 0.0181818181818 0.0388059701493
0 0.544444444444 0.586069651741 0.0195286195286 0.0517412935323
0 0.483838383838 0.609950248756 0.0181818181818 0.0457711442786
0 0.464983164983 0.58407960199 0.0181818181818 0.0338308457711
0 0.512794612795 0.338805970149 0.0208754208754 0.044776119403
0 0.442760942761 0.233830845771 0.0181818181818 0.0318407960199
0 0.351851851852 0.576119402985 0.0154882154882 0.0378109452736
0 0.307407407407 0.302985074627 0.0262626262626 0.052736318408
0 0.279124579125 0.451243781095 0.0208754208754 0.044776119403
0 0.179797979798 0.589054726368 0.0215488215488 0.0298507462687
0 0.222895622896 0.55223880597 0.0188552188552 0.0338308457711
