0 0.410972387668 0.279947767001 0.0126984126984 0.0252525252525
0 0.461766038461 0.254695241749 0.0177777777778 0.0319865319865
0 0.521766038461 0.366648103701 0.0184126984127 0.037037037037
0 0.474146990842 0.181462918516 0.015873015873 0.023569023569
0 0.482400959096 0.200823187877 0.0146031746032 0.0218855218855
0 0.510337467033 0.151159888213 0.0184126984127 0.030303030303
0 0.522083498779 0.187776049829 0.0203174603175 0.0294612794613
0 0.600813657509 0.291732278786 0.0203174603175 0.037037037037
0 0.645893022588 0.142742379796 0.0266666666667 0.0505050505051
0 0.690972387668 0.429779416833 0.024126984127 0.0387205387205
