0 0.866518242605 0.554064765019 0.0518648018648 0.109603340292
0 0.772404023491 0.633396706564 0.0431235431235 0.0991649269311
0 0.834466960554 0.675150360009 0.0413752913753 0.105427974948
0 0.936156937244 0.27692489028 0.039627039627 0.131524008351
0 0.711506587594 0.174628439341 0.0448717948718 0.110647181628
0 0.802124303211 0.75552614289 0.0314685314685 0.0594989561587
0 0.649152275239 0.629743261888 0.0262237762238 0.0855949895616
0 0.54338304447 0.730995871491 0.025641025641 0.062630480167
0 0.534059035146 0.673062677337 0.0198135198135 0.053235908142
0 0.525609151696 0.195505266063 0.0227272727273 0.0751565762004
0 0.522695398782 0.272227604268 0.0215617715618 0.0699373695198
0 0.485399361486 0.25813574623 0.0203962703963 0.035490605428
0 0.474327100414 0.578595036418 0.0215617715618 0.0563674321503
0 0.417217543305 0.634962468568 0.0180652680653 0.0459290187891
0 0.349909850997 0.588511529111 0.016317016317 0.0469728601253
0 0.398569524657 0.406883136627 0.0192307692308 0.0511482254697
0 0.358651109738 0.372958293203 0.016317016317 0.0521920668058
0 0.324851575939 0.281622176293 0.0151515151515 0.0365344467641
