0 0.301452861977 0.125235604988 0.0289855072464 0.0594795539033
0 0.515076050383 0.15404601391 0.0214492753623 0.0687732342007
0 0.567539818499 0.213060883799 0.0185507246377 0.0473977695167
0 0.552757209803 0.180533002758 0.0226086956522 0.0566914498141
0 0.148989093861 0.0982839321259 0.0324637681159 0.0520446096654
0 0.242322427195 0.325979099412 0.0359420289855 0.0855018587361
0 0.306960108354 0.253953077107 0.0376811594203 0.067843866171
0 0.472757209803 0.501629657033 0.0168115942029 0.0613382899628
0 0.392757209803 0.599677984171 0.0284057971014 0.07156133829
0 0.423191992412 0.392893597553 0.0278260869565 0.0594795539033
0 0.275076050383 0.643358281568 0.0284057971014 0.0585501858736
0 0.310728224296 0.665663114282 0.0324637681159 0.0697026022305
0 0.187249963427 0.752094341048 0.0359420289855 0.0938661710037
0 0.488989093861 0.493265344765 0.0168115942029 0.046468401487
