0 0.298132735787 0.201953790178 0.0116995073892 0.0202898550725
0 0.308908597856 0.189997268439 0.0147783251232 0.0210144927536
0 0.341544065836 0.218982775685 0.0147783251232 0.0253623188406
0 0.367098253028 0.250504514815 0.0116995073892 0.0173913043478
0 0.271347021501 0.351229152497 0.0135467980296 0.0246376811594
0 0.334770666821 0.431663935105 0.012315270936 0.0231884057971
0 0.343391356477 0.458475529308 0.00985221674877 0.0173913043478
0 0.355398745639 0.454490022062 0.0104679802956 0.0152173913043
0 0.388034213619 0.500504514815 0.0116995073892 0.0217391304348
0 0.41974603628 0.494345094526 0.00862068965517 0.0123188405797
0 0.332923376181 0.343620456844 0.0135467980296 0.018115942029
0 0.397578548595 0.34108422496 0.012315270936 0.0188405797101
0 0.292898745639 0.263185674236 0.012315270936 0.013768115942
0 0.350472637265 0.294707413366 0.0104679802956 0.0144927536232
0 0.411433228398 0.301229152497 0.0104679802956 0.0159420289855
0 0.482553918053 0.382026253946 0.0110837438424 0.0152173913043
0 0.553366725935 0.438185674236 0.0135467980296 0.0231884057971
0 0.48409332692 0.429852340902 0.0116995073892 0.018115942029
0 0.478243573225 0.49108422496 0.012315270936 0.0202898550725
0 0.494253425442 0.521519007569 0.012315270936 0.0202898550725
0 0.474856873718 0.54108422496 0.0104679802956 0.0130434782609
0 0.475164755491 0.519345094526 0.0110837438424 0.0217391304348
0 0.56198741559 0.610649442352 0.012315270936 0.0188405797101
0 0.58015244022 0.607026253946 0.0116995073892 0.0188405797101
0 0.629413523964 0.604127703221 0.0104679802956 0.0173913043478
0 0.636494804752 0.613547993076 0.00985221674877 0.0173913043478
0 0.650657366329 0.637461036554 0.0110837438424 0.0115942028986
0 0.682369188989 0.661374080033 0.0116995073892 0.0115942028986
0 0.676211553521 0.624779877134 0.0116995073892 0.018115942029
0 0.719315001797 0.668982775685 0.0116995073892 0.0152173913043
0 0.71777559293 0.681301616265 0.00985221674877 0.00942028985507
0 0.533354410664 0.551229152497 0.0116995073892 0.0231884057971
0 0.704536676674 0.575866833656 0.0116995073892 0.0188405797101
0 0.744253425442 0.579127703221 0.012315270936 0.0195652173913
0 0.796285445147 0.560649442352 0.0129310344828 0.0159420289855
0 0.643576085541 0.490359587279 0.0104679802956 0.0202898550725
0 0.646347021501 0.467533500323 0.012315270936 0.0210144927536
0 0.569992341698 0.42840306554 0.00985221674877 0.0123188405797
