0 0.028125 0.10462962963 0.025 0.05
0 0.167447916667 0.12962962963 0.0276041666667 0.0611111111111
0 0.35703125 0.15787037037 0.0192708333333 0.0657407407407
0 0.39140625 0.181018518519 0.0182291666667 0.0583333333333
0 0.405989583333 0.215740740741 0.0171875 0.0462962962963
0 0.274739583333 0.403703703704 0.0234375 0.0537037037037
0 0.319791666667 0.506944444444 0.0177083333333 0.0638888888889
0 0.247135416667 0.606481481481 0.0265625 0.0740740740741
0 0.172916666667 0.668518518519 0.0270833333333 0.0703703703704
0 0.14296875 0.644907407407 0.0286458333333 0.0638888888889
0 0.0651041666667 0.757407407407 0.028125 0.0925925925926
