0 0.354513644334 0.284459747129 0.0580046403712 0.0815109343936
0 0.15555772786 0.142809647726 0.0498839907193 0.0705765407555
0 0.266346590969 0.152750005579 0.046403712297 0.0626242544732
0 0.262866312547 0.285950800807 0.0440835266821 0.0606361829026
0 0.560430117652 0.344598912139 0.0661252900232 0.0884691848907
0 0.641636614171 0.626905075161 0.0522041763341 0.0646123260437
0 0.501845430877 0.593107858461 0.0533642691415 0.0666003976143
0 0.380615732501 0.682074061245 0.0498839907193 0.0497017892644
0 0.248365152454 0.634857361444 0.0498839907193 0.0646123260437
0 0.211242182617 0.665672470787 0.038283062645 0.0566600397614
0 0.781427797466 0.715374260052 0.0719257540603 0.0506958250497
0 0.856253783545 0.157223166613 0.0684454756381 0.0775347912525
