0 0.213349968808 0.480722891566 0.0424204616344 0.0859437751004
0 0.408296943231 0.212851405622 0.0230817217717 0.0449799196787
0 0.332813474735 0.513253012048 0.024329382408 0.0417670682731
0 0.388958203369 0.136546184739 0.0330630068621 0.0481927710843
0 0.51029320025 0.320481927711 0.016219588272 0.0385542168675
0 0.488147223955 0.558634538153 0.0180910792265 0.029718875502
0 0.520586400499 0.457429718876 0.0155957579538 0.0345381526104
0 0.468184653774 0.283534136546 0.0155957579538 0.0273092369478
0 0.447910168434 0.302008032129 0.0149719276357 0.0385542168675
0 0.573923892701 0.461445783133 0.00873362445415 0.0136546184739
0 0.526200873362 0.340963855422 0.0131004366812 0.0200803212851
0 0.435433562071 0.449799196787 0.0149719276357 0.0305220883534
