0 0.706540041542 0.77572115035 0.0385416666667 0.0907407407407
0 0.869560874875 0.636832261461 0.0447916666667 0.0944444444444
0 0.606800458208 0.67896189109 0.0328125 0.087962962963
0 0.849508791542 0.0886841133125 0.0380208333333 0.0962962962963
0 0.625029624875 0.0604433725717 0.0338541666667 0.0972222222222
0 0.578154624875 0.176647076275 0.0286458333333 0.0833333333333
0 0.485706708208 0.565535965164 0.025 0.0740740740741
0 0.290133791542 0.572480409609 0.0192708333333 0.0472222222222
0 0.283362958208 0.603498928127 0.0182291666667 0.0388888888889
0 0.348467124875 0.612295224424 0.0171875 0.0398148148148
0 0.440133791542 0.623406335535 0.0223958333333 0.037962962963
0 0.386487958208 0.53359152072 0.0203125 0.0601851851852
0 0.386227541542 0.339147076275 0.021875 0.0675925925926
0 0.316956708208 0.284054483683 0.0208333333333 0.0666666666667
0 0.502373374875 0.197943372572 0.0208333333333 0.0592592592593
0 0.253154624875 0.156739668868 0.0213541666667 0.0546296296296
0 0.552894208208 0.138684113312 0.021875 0.0518518518519
0 0.688571291542 0.360906335535 0.0328125 0.0777777777778
0 0.906279624875 0.599332261461 0.0276041666667 0.0453703703704
