0 0.91015625 0.201388888889 0.0296875 0.0805555555556
0 0.871875 0.161111111111 0.0302083333333 0.0722222222222
0 0.796614583333 0.216666666667 0.0244791666667 0.0740740740741
0 0.813020833333 0.232407407407 0.0166666666667 0.0425925925926
0 0.690364583333 0.218518518519 0.0192708333333 0.0592592592593
0 0.611458333333 0.176851851852 0.015625 0.0481481481481
0 0.54296875 0.214814814815 0.0161458333333 0.0518518518519
0 0.507291666667 0.298148148148 0.0145833333333 0.0537037037037
0 0.565364583333 0.341666666667 0.0182291666667 0.0574074074074
0 0.963802083333 0.460648148148 0.0401041666667 0.075
0 0.858333333333 0.50462962963 0.0239583333333 0.0462962962963
0 0.8328125 0.656481481481 0.0291666666667 0.0740740740741
0 0.940885416667 0.612962962963 0.0296875 0.0740740740741
0 0.959375 0.694907407407 0.028125 0.0675925925926
0 0.607291666667 0.575462962963 0.0197916666667 0.0601851851852
0 0.646614583333 0.391203703704 0.0192708333333 0.0398148148148
0 0.507552083333 0.573148148148 0.0140625 0.0296296296296
0 0.967447916667 0.122222222222 0.0317708333333 0.0425925925926
