0 0.101405329746 0.355535903298 0.0298507462687 0.0700116686114
0 0.170346338985 0.40279377961 0.0298507462687 0.073512252042
0 0.103537525908 0.647251189179 0.0284292821606 0.0653442240373
0 0.210502700037 0.696259357207 0.0248756218905 0.0700116686114
0 0.297567376654 0.191591912633 0.0255863539446 0.0595099183197
0 0.34909545057 0.224847455223 0.0277185501066 0.0886814469078
0 0.356558137138 0.127414549739 0.0312722103767 0.0665110851809
0 0.483779174806 0.122163674593 0.0270078180526 0.0723453908985
0 0.295079814465 0.605827618584 0.0277185501066 0.0688448074679
0 0.388185713541 0.718429718934 0.0248756218905 0.0676779463244
0 0.420524021999 0.799526568409 0.0341151385928 0.0945157526254
0 0.570843851423 0.646667758607 0.043354655295 0.106184364061
0 0.581504832234 0.122163674593 0.0348258706468 0.0910151691949
0 0.930474270755 0.172922134336 0.0348258706468 0.073512252042
0 0.814624945951 0.625080827452 0.0405117270789 0.126021003501
0 0.843409594138 0.633832286028 0.0284292821606 0.127187864644
0 0.853715208922 0.694509065491 0.0334044065387 0.0991831971995
0 0.93580476116 0.490891795946 0.0483297796731 0.095682613769
