0 0.759597321112 0.624853427331 0.0483531885074 0.122197309417
0 0.615588911862 0.188754772623 0.0266292922214 0.0639013452915
0 0.627852401701 0.61196105065 0.0287316047652 0.0605381165919
0 0.653080152227 0.0985081358514 0.0385423966363 0.067264573991
0 0.485595919571 0.280683023744 0.0189208128942 0.054932735426
0 0.455813158534 0.600189750201 0.021023125438 0.0437219730942
0 0.444250439543 0.453889301771 0.0175192711983 0.0493273542601
0 0.537803347742 0.252095579798 0.0182200420463 0.0381165919283
0 0.554271462668 0.285727866793 0.0175192711983 0.0560538116592
0 0.387838386284 0.434831005807 0.00981079187106 0.0201793721973
0 0.464572794133 0.300301857824 0.0147161878066 0.0291479820628
0 0.53500026435 0.48359782195 0.0168185003504 0.0437219730942
