0 0.0678717598909 0.220571428571 0.0361527967258 0.0662857142857
0 0.143929058663 0.536571428571 0.0381991814461 0.0925714285714
0 0.261937244202 0.1 0.0327421555252 0.0514285714286
0 0.270122783083 0.381714285714 0.0218281036835 0.064
0 0.336289222374 0.303428571429 0.0218281036835 0.056
0 0.279331514325 0.502857142857 0.0320600272851 0.0708571428571
0 0.364256480218 0.601714285714 0.0259208731241 0.0605714285714
0 0.303206002729 0.672571428571 0.0238744884038 0.0605714285714
0 0.43792633015 0.651428571429 0.0231923601637 0.0571428571429
0 0.49931787176 0.512571428571 0.0177353342428 0.0422857142857
0 0.534788540246 0.541142857143 0.0177353342428 0.0468571428571
0 0.574010914052 0.587428571429 0.0156889495225 0.0411428571429
0 0.551159618008 0.352571428571 0.0163710777626 0.04
0 0.56002728513 0.324571428571 0.012278308322 0.0365714285714
0 0.606753069577 0.425714285714 0.0115961800819 0.0308571428571
0 0.62448840382 0.400571428571 0.0115961800819 0.0285714285714
0 0.62687585266 0.521714285714 0.0109140518417 0.024
0 0.575034106412 0.353714285714 0.00954979536153 0.024
0 0.608799454297 0.548 0.00886766712142 0.0262857142857
0 0.568212824011 0.522285714286 0.0109140518417 0.032
0 0.49795361528 0.573142857143 0.0109140518417 0.0262857142857
0 0.504433833561 0.588571428571 0.0143246930423 0.0182857142857
0 0.319577080491 0.197714285714 0.0143246930423 0.032
