0 0.915104166667 0.0875 0.0364583333333 0.100925925926
0 0.787239583333 0.225462962963 0.0317708333333 0.102777777778
0 0.527864583333 0.119444444444 0.0286458333333 0.0740740740741
0 0.4265625 0.175462962963 0.0270833333333 0.0638888888889
0 0.388541666667 0.159722222222 0.0229166666667 0.0731481481481
0 0.645833333333 0.619907407407 0.03125 0.0990740740741
0 0.578645833333 0.606018518519 0.0302083333333 0.0768518518519
0 0.67734375 0.550462962963 0.0286458333333 0.0842592592593
0 0.83046875 0.697222222222 0.0276041666667 0.0851851851852
0 0.784375 0.125462962963 0.021875 0.0564814814815
0 0.613541666667 0.331944444444 0.025 0.0398148148148
0 0.398958333333 0.665277777778 0.0260416666667 0.0824074074074
0 0.498958333333 0.266203703704 0.0208333333333 0.0638888888889
0 0.32265625 0.217592592593 0.0244791666667 0.0703703703704
0 0.28828125 0.162037037037 0.0182291666667 0.0537037037037
0 0.275 0.463888888889 0.0270833333333 0.0685185185185
0 0.197395833333 0.150462962963 0.0302083333333 0.0657407407407
0 0.128125 0.641203703704 0.03125 0.0657407407407
0 0.05390625 0.6625 0.0328125 0.0657407407407
0 0.0192708333333 0.617592592593 0.0239583333333 0.0555555555556
0 0.0934895833333 0.383796296296 0.0338541666667 0.0861111111111
0 0.207291666667 0.284259259259 0.0135416666667 0.0296296296296
0 0.246354166667 0.579166666667 0.025 0.0675925925926
