0 0.126080125687 0.0424076607387 0.0290652003142 0.0683994528044
0 0.132364493323 0.187414500684 0.032207384132 0.0738714090287
0 0.0655930871956 0.123119015048 0.0306362922231 0.0547195622435
0 0.0930871956009 0.493844049248 0.0369206598586 0.093023255814
0 0.0903377847604 0.649794801642 0.0282796543598 0.06292749658
0 0.0361351139042 0.706566347469 0.0329929300864 0.077975376197
0 0.208562450903 0.698358413133 0.032207384132 0.077975376197
0 0.242733699921 0.41244870041 0.025137470542 0.0478796169631
0 0.3362136685 0.397400820793 0.0314218381775 0.0861833105335
0 0.386095836606 0.681258549932 0.032207384132 0.0902872777018
0 0.407305577376 0.171682626539 0.0290652003142 0.0861833105335
0 0.456402199529 0.699726402189 0.0204241948154 0.0506155950752
0 0.474076983504 0.627222982216 0.0259230164965 0.0670314637483
0 0.465828750982 0.49658002736 0.025137470542 0.0683994528044
0 0.503142183818 0.258549931601 0.0212097407698 0.0766073871409
0 0.124901806756 0.452120383037 0.0235663786332 0.0533515731874
0 0.527886881383 0.212722298222 0.0219952867243 0.0670314637483
0 0.593872741555 0.252393980848 0.0267085624509 0.0752393980848
0 0.702278083268 0.232558139535 0.025137470542 0.0766073871409
0 0.787117046347 0.139534883721 0.0219952867243 0.0437756497948
0 0.799685781618 0.153214774282 0.0157109190888 0.0574555403557
0 0.852710133543 0.341313269494 0.0243519245876 0.0725034199726
0 0.55655930872 0.684678522572 0.0243519245876 0.0752393980848
0 0.801649646504 0.627906976744 0.0274941084053 0.0492476060192
0 0.868421052632 0.684678522572 0.0243519245876 0.0506155950752
0 0.757266300079 0.633378932969 0.0267085624509 0.0410396716826
0 0.537313432836 0.532831737346 0.0204241948154 0.0396716826265
0 0.890023566379 0.179890560876 0.0267085624509 0.0588235294118
0 0.951688923802 0.270861833105 0.0290652003142 0.06292749658
0 0.948546739984 0.651162790698 0.0259230164965 0.0492476060192
