0 0.419791666667 0.658333333333 0.01875 0.0592592592593
0 0.780989583333 0.31712962963 0.0140625 0.0324074074074
0 0.771614583333 0.294444444444 0.0140625 0.0388888888889
0 0.754947916667 0.296759259259 0.0151041666667 0.0490740740741
0 0.580208333333 0.330092592593 0.0166666666667 0.0490740740741
0 0.541145833333 0.309722222222 0.0135416666667 0.0231481481481
0 0.6671875 0.584259259259 0.0145833333333 0.037037037037
0 0.705989583333 0.555092592593 0.0161458333333 0.0416666666667
0 0.57890625 0.541203703704 0.0130208333333 0.0416666666667
0 0.546354166667 0.605092592593 0.0125 0.0342592592593
0 0.489583333333 0.547222222222 0.0135416666667 0.0222222222222
0 0.471354166667 0.57037037037 0.015625 0.0425925925926
0 0.327083333333 0.635185185185 0.0208333333333 0.0592592592593
0 0.399479166667 0.587037037037 0.0197916666667 0.0537037037037
0 0.21484375 0.622222222222 0.0234375 0.0351851851852
0 0.40859375 0.415277777778 0.0171875 0.0416666666667
0 0.437239583333 0.281944444444 0.0151041666667 0.0490740740741
0 0.356770833333 0.205092592593 0.0197916666667 0.0601851851852
0 0.308854166667 0.228240740741 0.0177083333333 0.037962962963
0 0.29921875 0.251851851852 0.0192708333333 0.0611111111111
0 0.2046875 0.222222222222 0.0208333333333 0.0592592592593
0 0.11640625 0.32962962963 0.0296875 0.0740740740741
0 0.0125 0.227777777778 0.0229166666667 0.087037037037
0 0.0596354166667 0.546759259259 0.0286458333333 0.0675925925926
0 0.109114583333 0.580555555556 0.0255208333333 0.0611111111111
0 0.157552083333 0.208796296296 0.0265625 0.0546296296296
0 0.0890625 0.0736111111111 0.021875 0.0453703703704
0 0.0703125 0.0958333333333 0.0229166666667 0.037962962963
0 0.630208333333 0.322222222222 0.0114583333333 0.0203703703704
0 0.664322916667 0.374537037037 0.0140625 0.037962962963
0 0.648697916667 0.417592592593 0.0130208333333 0.0388888888889
0 0.606510416667 0.581018518519 0.0130208333333 0.0268518518519
