0 0.933333333333 0.155555555556 0.0364583333333 0.0703703703704
0 0.865625 0.506944444444 0.0385416666667 0.100925925926
0 0.730729166667 0.0425925925926 0.0333333333333 0.0555555555556
0 0.73125 0.35 0.021875 0.0685185185185
0 0.660677083333 0.270833333333 0.0213541666667 0.0601851851852
0 0.725520833333 0.483333333333 0.0322916666667 0.0759259259259
0 0.64140625 0.598611111111 0.0255208333333 0.0638888888889
0 0.70625 0.67037037037 0.0239583333333 0.0648148148148
0 0.567447916667 0.660185185185 0.0234375 0.0611111111111
0 0.5 0.513888888889 0.0177083333333 0.0444444444444
0 0.464583333333 0.549074074074 0.0177083333333 0.05
0 0.425520833333 0.603240740741 0.015625 0.0435185185185
0 0.44140625 0.344444444444 0.0161458333333 0.0425925925926
0 0.431510416667 0.314814814815 0.0119791666667 0.0388888888889
0 0.386979166667 0.42962962963 0.0114583333333 0.0333333333333
0 0.36796875 0.404166666667 0.0109375 0.0305555555556
0 0.369270833333 0.536111111111 0.0104166666667 0.0259259259259
0 0.4171875 0.348148148148 0.009375 0.0240740740741
0 0.388802083333 0.562962962963 0.00885416666667 0.0277777777778
0 0.4296875 0.531481481481 0.0104166666667 0.0333333333333
0 0.503385416667 0.580092592593 0.0109375 0.0268518518519
0 0.497135416667 0.597222222222 0.0140625 0.0185185185185
0 0.67421875 0.154166666667 0.0140625 0.0342592592593
