0 0.134525660964 0.415655339806 0.0248833592535 0.0546116504854
0 0.262052877138 0.468446601942 0.0233281493002 0.0509708737864
0 0.316485225505 0.177791262136 0.0171073094868 0.0327669902913
0 0.435458786936 0.203883495146 0.0217729393468 0.0436893203883
0 0.456842923795 0.17536407767 0.0178849144635 0.0351941747573
0 0.375583203733 0.356796116505 0.0202177293935 0.0388349514563
0 0.412130637636 0.384708737864 0.0186625194401 0.0364077669903
0 0.388413685848 0.404126213592 0.0178849144635 0.0461165048544
0 0.347978227061 0.254854368932 0.0178849144635 0.0412621359223
0 0.53965785381 0.444174757282 0.0155520995334 0.0339805825243
0 0.477449455677 0.391383495146 0.0171073094868 0.0424757281553
0 0.614307931571 0.381674757282 0.0186625194401 0.0400485436893
0 0.561041990669 0.168689320388 0.0132192846034 0.0339805825243
0 0.573094867807 0.200849514563 0.0155520995334 0.0351941747573
0 0.672239502333 0.271844660194 0.0147744945568 0.0266990291262
0 0.707620528771 0.240291262136 0.0171073094868 0.0461165048544
0 0.746111975117 0.180218446602 0.0116640746501 0.0327669902913
0 0.728615863142 0.389563106796 0.0155520995334 0.0339805825243
0 0.693234836703 0.405339805825 0.0116640746501 0.0218446601942
0 0.670684292379 0.365291262136 0.0132192846034 0.0339805825243
0 0.155132192846 0.104368932039 0.0178849144635 0.0339805825243
0 0.0478227060653 0.0625 0.0225505443235 0.0449029126214
0 0.163685847589 0.452063106796 0.0178849144635 0.0351941747573
0 0.180793157076 0.430218446602 0.0178849144635 0.0327669902913
