0 0.966918714556 0.482456140351 0.0296156269691 0.0389016018307
0 0.902961562697 0.47292143402 0.0390674228103 0.0640732265446
0 0.788279773157 0.371853546911 0.0214240705734 0.0297482837529
0 0.76149968494 0.724256292906 0.0359168241966 0.0450038138825
0 0.618777567738 0.671624713959 0.0214240705734 0.0282227307399
0 0.763390044108 0.532418001526 0.0283553875236 0.044241037376
0 0.726843100189 0.657513348589 0.0233144297417 0.0518688024409
0 0.526465028355 0.602212051869 0.0182734719597 0.0327993897788
0 0.50220541903 0.602212051869 0.0189035916824 0.0358504958047
0 0.466288594833 0.547673531655 0.0176433522369 0.0366132723112
0 0.442344045369 0.473302822273 0.0151228733459 0.0327993897788
0 0.431001890359 0.461098398169 0.0126023944549 0.0205949656751
0 0.611531190926 0.352784134249 0.0157529930687 0.025171624714
0 0.4404536862 0.276887871854 0.0151228733459 0.0259344012204
0 0.458097038437 0.265446224256 0.0163831127914 0.0320366132723
0 0.488027725268 0.271548436308 0.0157529930687 0.0335621662853
0 0.734089477001 0.758199847445 0.0226843100189 0.0320366132723
0 0.493698802773 0.436308161709 0.0144927536232 0.0274599542334
0 0.584436042848 0.412280701754 0.0182734719597 0.0343249427918
