0 0.791257869621 0.25024635692 0.0346715328467 0.0762867647059
0 0.764189743101 0.217158121626 0.029197080292 0.0487132352941
0 0.684810181057 0.263114003979 0.0249391727494 0.0523897058824
0 0.547036458429 0.366974298097 0.0231143552311 0.0523897058824
0 0.481951300278 0.314584592214 0.0231143552311 0.0523897058824
0 0.430552273514 0.210264739273 0.0188564476886 0.0422794117647
0 0.526051056969 0.525522092214 0.0212895377129 0.0514705882353
0 0.479822346507 0.571937533391 0.0188564476886 0.0376838235294
0 0.582924536288 0.619272092214 0.0267639902676 0.0349264705882
0 0.632498745534 0.580209592214 0.0298053527981 0.0652573529412
0 0.429944001008 0.528739003979 0.0164233576642 0.0376838235294
0 0.421428185923 0.554474298097 0.0188564476886 0.0340073529412
0 0.779700692006 0.739216945155 0.0273722627737 0.0689338235294
