0 0.965958136823 0.891428142034 0.0573625073921 0.16403785489
0 0.754249088922 0.468189445925 0.0668243642815 0.211356466877
0 0.711375049892 0.368294598396 0.0508574807806 0.120925341746
0 0.843841046344 0.781543809752 0.053222945003 0.108307045216
0 0.571516977745 0.860408163065 0.0526315789474 0.141955835962
0 0.575656540134 0.304151591035 0.0372560615021 0.0704521556257
0 0.306584984842 0.252101117849 0.063276167948 0.136698212408
0 0.200434777863 0.779966522686 0.0567711413365 0.166140904311
0 0.111729869525 0.67744286338 0.0473092844471 0.110410094637
0 0.132427681471 0.0896405500257 0.0390301596688 0.114616193481
0 0.215218929253 0.0775480158511 0.0413956238912 0.103049421661
0 0.0318954520207 0.594372411224 0.0378474275577 0.0998948475289
