0 0.58671875 0.221296296296 0.0171875 0.0481481481481
0 0.574739583333 0.187962962963 0.0213541666667 0.0648148148148
0 0.54296875 0.168518518519 0.0213541666667 0.0648148148148
0 0.379166666667 0.170833333333 0.0208333333333 0.0490740740741
0 0.468229166667 0.408333333333 0.0197916666667 0.0518518518519
0 0.505989583333 0.506944444444 0.0171875 0.0601851851852
0 0.4484375 0.599074074074 0.0229166666667 0.0666666666667
0 0.388020833333 0.653703703704 0.0229166666667 0.0611111111111
0 0.36171875 0.627777777778 0.0213541666667 0.0462962962963
0 0.383333333333 0.284259259259 0.025 0.0703703703704
0 0.242708333333 0.119444444444 0.028125 0.0574074074074
0 0.12734375 0.301388888889 0.0369791666667 0.0787037037037
0 0.108854166667 0.538888888889 0.0354166666667 0.105555555556
0 0.03359375 0.608333333333 0.0494791666667 0.0833333333333
0 0.0513020833333 0.681481481481 0.0307291666667 0.0555555555556
0 0.2296875 0.659259259259 0.0270833333333 0.0518518518519
0 0.173958333333 0.024537037037 0.0291666666667 0.0435185185185
0 0.2859375 0.164814814815 0.021875 0.0351851851852
0 0.521354166667 0.502777777778 0.0135416666667 0.0333333333333
