0 0.59448733048 0.285525165949 0.0171875 0.0481481481481
0 0.582508163814 0.252191832615 0.0213541666667 0.0648148148148
0 0.55073733048 0.232747388171 0.0213541666667 0.0648148148148
0 0.386935247147 0.235062202986 0.0208333333333 0.0490740740741
0 0.475997747147 0.472562202986 0.0197916666667 0.0518518518519
0 0.513758163814 0.571173314097 0.0171875 0.0601851851852
0 0.45620608048 0.663302943726 0.0229166666667 0.0666666666667
0 0.395789413814 0.717932573356 0.0229166666667 0.0611111111111
0 0.36948733048 0.69200664743 0.0213541666667 0.0462962962963
0 0.391101913814 0.348488128912 0.025 0.0703703703704
0 0.250476913814 0.183673314097 0.028125 0.0574074074074
0 0.13511233048 0.365617758541 0.0369791666667 0.0787037037037
0 0.116622747147 0.603117758541 0.0354166666667 0.105555555556
0 0.0413623304802 0.672562202986 0.0494791666667 0.0833333333333
0 0.0590706638136 0.745710351134 0.0307291666667 0.0555555555556
0 0.23745608048 0.723488128912 0.0270833333333 0.0518518518519
0 0.181726913814 0.0887659066894 0.0291666666667 0.0435185185185
0 0.29370608048 0.229043684467 0.021875 0.0351851851852
0 0.529122747147 0.56700664743 0.0135416666667 0.0333333333333
