0 0.839839754029 0.254790811204 0.0203081232493 0.0732538330494
0 0.833187092965 0.196017387013 0.0224089635854 0.0647359454855
0 0.777514824057 0.207942429603 0.0217086834734 0.0885860306644
0 0.789069445906 0.686647710693 0.0196078431373 0.0715502555366
0 0.659167485121 0.803342770318 0.0217086834734 0.0902896081772
0 0.540820146186 0.900446688546 0.0217086834734 0.0902896081772
0 0.618201098567 0.828044644253 0.015406162465 0.0511073253833
0 0.635357961312 0.863819772022 0.0217086834734 0.0545144804089
0 0.640610062152 0.29823203778 0.015406162465 0.0477001703578
0 0.727794936102 0.248828289909 0.0175070028011 0.0579216354344
0 0.716940594365 0.549509720914 0.0196078431373 0.0494037478705
0 0.48584815739 0.380003758393 0.0196078431373 0.06132879046
0 0.44978373162 0.514586381902 0.0203081232493 0.0749574105622
0 0.332836952909 0.398743111034 0.0273109243697 0.0851788756388
0 0.41547000613 0.703683485821 0.0217086834734 0.0681431005111
0 0.366450398287 0.766715853793 0.0217086834734 0.0749574105622
0 0.399013423497 0.800787404049 0.0196078431373 0.0817717206133
0 0.383257120976 0.860412616996 0.0175070028011 0.0340715502555
0 0.282416784841 0.785455206434 0.0217086834734 0.0783645655877
0 0.156016224617 0.283751628921 0.0238095238095 0.0902896081772
0 0.144461602768 0.362967983265 0.0273109243697 0.0783645655877
0 0.186478409491 0.913223519892 0.0245098039216 0.0783645655877
0 0.159867765233 0.869782293316 0.0231092436975 0.0732538330494
0 0.07478373162 0.757346177473 0.0168067226891 0.0732538330494
0 0.090890174197 0.780344473896 0.0168067226891 0.0715502555366
0 0.0985932554295 0.339969686843 0.0294117647059 0.0528109028961
