0 0.212737127371 0.351479289941 0.0243902439024 0.0426035502959
0 0.267841011743 0.350887573964 0.029810298103 0.0556213017751
0 0.348690153568 0.286982248521 0.0271002710027 0.0437869822485
0 0.313459801265 0.571597633136 0.0307136404697 0.0591715976331
0 0.452122854562 0.786982248521 0.037037037037 0.0639053254438
0 0.525745257453 0.29349112426 0.0415537488708 0.0757396449704
0 0.795844625113 0.750887573964 0.0505871725384 0.0816568047337
0 0.717253839205 0.801775147929 0.0415537488708 0.0958579881657
0 0.742999096658 0.54201183432 0.0587172538392 0.118343195266
0 0.801716350497 0.482840236686 0.0496838301716 0.0733727810651
0 0.72854561879 0.0763313609467 0.0478771454381 0.0721893491124
0 0.832429990967 0.105917159763 0.0605239385727 0.112426035503
0 0.984191508582 0.862130177515 0.0280036133695 0.105325443787
