0 0.743540698973 0.221164563045 0.0377987770984 0.11123986095
0 0.770778053059 0.742022036974 0.035575319622 0.112398609502
0 0.470055429379 0.893818097229 0.0266814897165 0.0869061413673
0 0.0859531503352 0.725220182976 0.0233463035019 0.0741599073001
0 0.0795607100906 0.764617633729 0.0205669816565 0.0440324449594
0 0.158493450502 0.766935130832 0.0205669816565 0.0463499420626
0 0.201295006922 0.670759001052 0.0227904391329 0.0741599073001
0 0.249099342664 0.77272887359 0.023902167871 0.0463499420626
0 0.305797508312 0.702045211945 0.0261256253474 0.0857473928158
0 0.40835448441 0.818499441377 0.0233463035019 0.0822711471611
0 0.117637419374 0.364270009164 0.0277932184547 0.0822711471611
0 0.1962922276 0.438429916464 0.0261256253474 0.0822711471611
0 0.0384267467777 0.186402106499 0.0283490828238 0.0741599073001
0 0.356659098084 0.246077656904 0.0233463035019 0.0521436848204
0 0.38389645217 0.284316359106 0.0233463035019 0.0892236384705
0 0.415858653392 0.182346486568 0.0261256253474 0.0961761297798
0 0.580394506644 0.754768271041 0.0205669816565 0.0753186558517
0 0.603740810146 0.718847065942 0.023902167871 0.0428736964079
0 0.457826413259 0.488835478457 0.0244580322401 0.0672074159907
0 0.589010404365 0.247236405456 0.0244580322401 0.0915411355736
0 0.69017771954 0.216529568839 0.0244580322401 0.0579374275782
0 0.87166743605 0.0531460230687 0.0283490828238 0.0625724217845
0 0.824418964677 0.396714968607 0.0183435241801 0.0660486674392
0 0.839983167011 0.411199325502 0.0183435241801 0.0625724217845
0 0.935313906311 0.825451932686 0.0233463035019 0.0753186558517
0 0.479227191469 0.294165721794 0.023902167871 0.0672074159907
