0 0.208867932817 0.486291377286 0.0447916666667 0.101851851852
0 0.319284599484 0.681661747657 0.034375 0.0851851851852
0 0.139336682817 0.665921006916 0.0390625 0.0685185185185
0 0.213034599484 0.131661747657 0.0375 0.0777777777778
0 0.116420016151 0.0344395254343 0.0328125 0.0555555555556
0 0.508347099484 0.633976562471 0.028125 0.0768518518519
0 0.458086682817 0.388143229138 0.0286458333333 0.0685185185185
0 0.545065849484 0.273328414323 0.0182291666667 0.0555555555556
0 0.577617932817 0.623791377286 0.0197916666667 0.0638888888889
0 0.604961682817 0.597402488397 0.0182291666667 0.0537037037037
0 0.597149182817 0.277032118027 0.0203125 0.0611111111111
0 0.705742932817 0.559902488397 0.0177083333333 0.0398148148148
0 0.736211682817 0.594161747657 0.0130208333333 0.0361111111111
0 0.784128349484 0.563143229138 0.0130208333333 0.0259259259259
0 0.722670016151 0.564069155064 0.0151041666667 0.037037037037
0 0.730222099484 0.363143229138 0.0135416666667 0.0481481481481
0 0.646107516151 0.404346932842 0.0130208333333 0.0398148148148
0 0.777617932817 0.324717303212 0.0135416666667 0.0416666666667
0 0.745065849484 0.257587673582 0.0140625 0.0388888888889
0 0.706524182817 0.227032118027 0.0171875 0.0481481481481
0 0.487253349484 0.185828414323 0.0213541666667 0.0694444444444
0 0.321628349484 0.391846932842 0.0234375 0.0425925925926
0 0.300795016151 0.290458043953 0.0203125 0.037962962963
0 0.231524182817 0.431661747657 0.0265625 0.0611111111111
