0 0.489558472554 0.406275140788 0.00894988066826 0.0193081255028
0 0.52714797136 0.510056315366 0.00775656324582 0.0128720836685
0 0.526551312649 0.520917135961 0.00775656324582 0.0152855993564
0 0.551312649165 0.514481094127 0.00835322195704 0.0104585679807
0 0.560859188544 0.485518905873 0.00954653937947 0.016894609815
0 0.599045346062 0.479887369268 0.0107398568019 0.0217216411907
0 0.639319809069 0.490748189863 0.0101431980907 0.0193081255028
0 0.659009546539 0.496379726468 0.0113365155131 0.0193081255028
0 0.548627684964 0.434835076428 0.00894988066826 0.0185036202735
0 0.603221957041 0.368865647627 0.00954653937947 0.0217216411907
0 0.607398568019 0.345937248592 0.0107398568019 0.02252614642
0 0.520883054893 0.425583266291 0.0119331742243 0.0257441673371
0 0.677804295943 0.32059533387 0.0107398568019 0.0201126307321
0 0.701372315036 0.329847144006 0.0101431980907 0.02252614642
0 0.740453460621 0.423974255833 0.0119331742243 0.0241351568785
0 0.777446300716 0.278358809332 0.0119331742243 0.02252614642
0 0.765513126492 0.332662912309 0.0155131264916 0.0233306516492
0 0.761336515513 0.398230088496 0.0143198090692 0.0257441673371
0 0.756264916468 0.428801287208 0.0125298329356 0.0257441673371
0 0.823985680191 0.413515687852 0.0119331742243 0.0209171359614
0 0.858890214797 0.428801287208 0.0161097852029 0.0289621882542
0 0.912589498807 0.384553499598 0.0125298329356 0.0241351568785
0 0.926312649165 0.390989541432 0.0161097852029 0.0273531777957
0 0.885143198091 0.183024939662 0.0125298329356 0.0217216411907
0 0.892899761337 0.238133547868 0.0161097852029 0.0289621882542
