0 0.7547487313 0.790184719912 0.05625 0.143518518519
0 0.699019564633 0.330925460653 0.05 0.14537037037
0 0.6484987313 0.733703238431 0.0322916666667 0.0898148148148
0 0.6195924813 0.650832868061 0.0213541666667 0.0555555555556
0 0.4742799813 0.681388423616 0.0182291666667 0.05
0 0.524540397966 0.319814349542 0.0208333333333 0.0527777777778
0 0.4281862313 0.357314349542 0.0145833333333 0.0333333333333
0 0.416988314633 0.359166201394 0.0109375 0.0314814814815
0 0.549019564633 0.488332868061 0.0260416666667 0.0675925925926
0 0.603707064633 0.0415736088014 0.0239583333333 0.0351851851852
