0 0.320210787353 0.147498132935 0.0204587724737 0.0321135175504
0 0.463422194668 0.253174010456 0.0154990700558 0.0373412994772
0 0.487290762554 0.306572068708 0.0136391816491 0.0261389096341
0 0.483880967142 0.283420463032 0.0167389956603 0.0306198655713
0 0.21946683199 0.0690814040329 0.0235585864848 0.0276325616131
0 0.234655920645 0.228155339806 0.0254184748915 0.0455563853622
0 0.295722256665 0.217699775952 0.0272783632982 0.0365944734877
0 0.357408555487 0.418222554145 0.0142591444513 0.03286034354
0 0.279913205208 0.436146377894 0.0204587724737 0.0388349514563
0 0.346559206448 0.340179238237 0.0198388096714 0.0321135175504
0 0.188158710477 0.40926064227 0.0204587724737 0.0313666915609
0 0.20830750155 0.436146377894 0.0235585864848 0.0373412994772
0 0.10291382517 0.429051530993 0.0260384376937 0.0500373412995
0 0.370737755735 0.420463032114 0.0123992560446 0.0253920836445
