0 0.527604166667 0.140740740741 0.0197916666667 0.0592592592593
0 0.583072916667 0.123148148148 0.0223958333333 0.0722222222222
0 0.561458333333 0.30462962963 0.0208333333333 0.0648148148148
0 0.4875 0.256018518519 0.0135416666667 0.0546296296296
0 0.65546875 0.298611111111 0.0192708333333 0.062037037037
0 0.692708333333 0.36712962963 0.0197916666667 0.0546296296296
0 0.6421875 0.564351851852 0.0166666666667 0.0472222222222
0 0.596875 0.583796296296 0.0197916666667 0.0527777777778
0 0.56328125 0.624537037037 0.0192708333333 0.0601851851852
0 0.536979166667 0.643055555556 0.0208333333333 0.0638888888889
0 0.77421875 0.615740740741 0.0161458333333 0.05
0 0.752864583333 0.601851851852 0.0192708333333 0.0351851851852
0 0.693489583333 0.540740740741 0.0182291666667 0.0592592592593
0 0.786458333333 0.273148148148 0.01875 0.0351851851852
0 0.808333333333 0.247222222222 0.01875 0.0407407407407
0 0.8546875 0.430092592593 0.0197916666667 0.0324074074074
0 0.830989583333 0.576388888889 0.0182291666667 0.0416666666667
0 0.863802083333 0.638425925926 0.0213541666667 0.0472222222222
0 0.930989583333 0.593981481481 0.0151041666667 0.0398148148148
0 0.9453125 0.329166666667 0.015625 0.025
0 0.989583333333 0.353240740741 0.015625 0.0398148148148
0 0.900520833333 0.541666666667 0.0135416666667 0.0203703703704
0 0.795833333333 0.327314814815 0.015625 0.0361111111111
