0 0.232175677265 0.792174848853 0.0213903743316 0.0349442379182
0 0.178402652904 0.535669272645 0.0231729055258 0.0438661710037
0 0.0441186362667 0.564665555173 0.0184194890077 0.0245353159851
0 0.260993264906 0.416710164838 0.0184194890077 0.0260223048327
0 0.312389581008 0.419684142533 0.020202020202 0.0349442379182
0 0.281789462173 0.353513138816 0.0184194890077 0.031970260223
0 0.141563674888 0.472843993834 0.0160427807487 0.017843866171
0 0.423797780652 0.484368157403 0.0160427807487 0.0230483271375
0 0.346851850765 0.580278938072 0.020202020202 0.0438661710037
0 0.371510198952 0.657602358147 0.0172311348782 0.0304832713755
0 0.346554762232 0.702212023574 0.0184194890077 0.0364312267658
0 0.456477519214 0.638271503128 0.0207961972668 0.0349442379182
0 0.143643294615 0.669126521716 0.0225787284611 0.0327137546468
0 0.125817982672 0.643475964095 0.0190136660725 0.0260223048327
0 0.490345611905 0.288457376734 0.0219845513963 0.0431226765799
0 0.486186372452 0.436412767069 0.0207961972668 0.0460966542751
0 0.580066348685 0.558345852571 0.0219845513963 0.0475836431227
0 0.628491779463 0.542732469671 0.0154486036839 0.0282527881041
0 0.597000395031 0.428606075619 0.017825311943 0.0334572490706
0 0.627897602399 0.498494551455 0.017825311943 0.0349442379182
0 0.576501286296 0.287342135098 0.0184194890077 0.039405204461
0 0.583334322541 0.250910908333 0.017825311943 0.0379182156134
0 0.640969497823 0.235669272645 0.020202020202 0.0416356877323
0 0.657309367105 0.415966670414 0.0160427807487 0.02156133829
0 0.703061001091 0.490316112794 0.0196078431373 0.0423791821561
0 0.725936818085 0.167639532868 0.020202020202 0.0468401486989
0 0.785948701626 0.0694982689274 0.0285204991087 0.0379182156134
0 0.863488808578 0.363550313537 0.0243612596554 0.0267657992565
0 0.898545255399 0.3405019864 0.0196078431373 0.0237918215613
