0 0.517730496454 0.268987341772 0.0202634245187 0.0316455696203
0 0.601823708207 0.303797468354 0.0283687943262 0.0400843881857
0 0.579533941236 0.479430379747 0.0283687943262 0.045358649789
0 0.677811550152 0.247890295359 0.0243161094225 0.0295358649789
0 0.671225937183 0.276371308017 0.0233029381966 0.0274261603376
0 0.747213779129 0.261603375527 0.0293819655522 0.0379746835443
0 0.730496453901 0.310126582278 0.03242147923 0.035864978903
0 0.739614994934 0.5 0.03242147923 0.0464135021097
0 0.919452887538 0.410337552743 0.0435663627153 0.0632911392405
0 0.732522796353 0.737341772152 0.0385005065856 0.0485232067511
