0 0.78655234657 0.323621227888 0.0243682310469 0.0374609781478
0 0.731498194946 0.323100936524 0.0297833935018 0.0489073881374
0 0.650722021661 0.266909469303 0.0270758122744 0.0385015608741
0 0.685920577617 0.517169614984 0.0306859205776 0.0520291363163
0 0.54738267148 0.706555671176 0.0370036101083 0.0561914672216
0 0.473826714801 0.272632674298 0.0415162454874 0.0665972944849
0 0.203971119134 0.674817898023 0.0505415162455 0.0718002081165
0 0.282490974729 0.719562955255 0.0415162454874 0.0842872008325
0 0.256768953069 0.491155046826 0.0586642599278 0.104058272633
0 0.198104693141 0.43912591051 0.0496389891697 0.0645161290323
0 0.271209386282 0.0816857440166 0.0478339350181 0.0634755463059
0 0.167418772563 0.107700312175 0.0604693140794 0.098855359001
0 0.0157942238267 0.772632674298 0.0279783393502 0.0926118626431
