0 0.0411458333333 0.736574074074 0.0427083333333 0.0990740740741
0 0.08515625 0.223148148148 0.0505208333333 0.142592592593
0 0.36796875 0.0546296296296 0.0380208333333 0.0925925925926
0 0.418489583333 0.225462962963 0.0453125 0.0953703703704
0 0.45234375 0.537037037037 0.0432291666667 0.124074074074
0 0.551822916667 0.653240740741 0.0526041666667 0.143518518519
0 0.5109375 0.694444444444 0.0375 0.12962962963
0 0.771875 0.662962962963 0.046875 0.131481481481
0 0.97265625 0.874074074074 0.0463541666667 0.101851851852
0 0.703645833333 0.0490740740741 0.0375 0.0833333333333
