0 0.13326575919 0.461004232163 0.0136098509397 0.027373823781
0 0.11576737941 0.405828868604 0.0162022034997 0.0213857998289
0 0.237283905658 0.437907568348 0.0168502916397 0.027373823781
0 0.271632577077 0.406256584601 0.0129617627997 0.0256629597947
0 0.176363620499 0.502920399828 0.0168502916397 0.0239520958084
0 0.214276776688 0.566650083318 0.0162022034997 0.0299401197605
0 0.251217800667 0.572210391273 0.0162022034997 0.0290846877673
0 0.240200302288 0.592313043112 0.0136098509397 0.0265183917879
0 0.153032447459 0.647916122668 0.0168502916397 0.0230966638152
0 0.258022726137 0.608993966979 0.0129617627997 0.0171086398631
0 0.383103737155 0.558523479383 0.0142579390797 0.0222412318221
0 0.400602116934 0.530294223609 0.0116655865198 0.0222412318221
0 0.355884035275 0.36391270094 0.0129617627997 0.0265183917879
0 0.461522402093 0.393425104704 0.0103694102398 0.0205303678358
0 0.437219096844 0.481106884002 0.0123136746598 0.0248075278015
0 0.477076517453 0.450739048245 0.0129617627997 0.0205303678358
0 0.521470555042 0.444751024293 0.00842514581983 0.0153977758768
0 0.527627392372 0.452449912231 0.00907323395982 0.0119760479042
0 0.500731734562 0.469558552095 0.00842514581983 0.0119760479042
0 0.485501663273 0.364340416936 0.0103694102398 0.0205303678358
0 0.503648131192 0.312159065354 0.00907323395982 0.0205303678358
0 0.462170490233 0.484956327971 0.0103694102398 0.0119760479042
0 0.374354547265 0.381449056799 0.0123136746598 0.0256629597947
0 0.319915143506 0.544408851496 0.0174983797797 0.0230966638152
0 0.249597580317 0.423792940461 0.00907323395982 0.0128314798973
