0 0.235935706085 0.854358974359 0.0424799081515 0.100512820513
0 0.0562571756602 0.700512820513 0.0493685419059 0.104615384615
0 0.345866819747 0.747179487179 0.0361653272101 0.0974358974359
0 0.0783582089552 0.0933333333333 0.0419058553387 0.106666666667
0 0.325774971297 0.0620512820513 0.0373134328358 0.107692307692
0 0.377439724455 0.190769230769 0.0315729047072 0.0923076923077
0 0.479334098737 0.621538461538 0.0275545350172 0.0820512820513
0 0.694890929966 0.629230769231 0.0212399540758 0.0523076923077
0 0.702353616533 0.66358974359 0.0200918484501 0.0430769230769
0 0.630597014925 0.673333333333 0.0189437428243 0.0441025641026
0 0.529563719862 0.685641025641 0.0246842709529 0.0420512820513
0 0.588691159587 0.586153846154 0.0223880597015 0.0666666666667
0 0.588978185993 0.370769230769 0.0241102181401 0.0748717948718
0 0.665327210103 0.309743589744 0.0229621125144 0.0738461538462
0 0.460964408726 0.214358974359 0.0229621125144 0.065641025641
0 0.735648679679 0.168717948718 0.0235361653272 0.0605128205128
0 0.405281285878 0.148717948718 0.0241102181401 0.0574358974359
0 0.255740528129 0.394871794872 0.0361653272101 0.0861538461538
0 0.0157864523536 0.658974358974 0.0304247990815 0.0502564102564
