0 0.403639618138 0.312152501986 0.022076372315 0.0524225575854
0 0.342780429594 0.397934868944 0.0208830548926 0.0540111199365
0 0.339797136038 0.339952343129 0.0196897374702 0.042891183479
0 0.348150357995 0.259332803813 0.0208830548926 0.0436854646545
0 0.213902147971 0.291104050834 0.0208830548926 0.0262112787927
0 0.300119331742 0.618745035743 0.0250596658711 0.0492454328832
0 0.434665871122 0.638602065131 0.0184964200477 0.0317712470214
0 0.455548926014 0.603653693407 0.0173031026253 0.0285941223193
0 0.271181384248 0.683876092137 0.0316229116945 0.0587768069897
0 0.203162291169 0.709293089754 0.0328162291169 0.042891183479
0 0.0689140811456 0.384829229547 0.0340095465394 0.0563939634631
0 0.0650357995227 0.494042891183 0.0286396181384 0.0524225575854
0 0.207935560859 0.509531374106 0.0256563245823 0.0309769658459
