0 0.773177083333 0.568055555556 0.0182291666667 0.0435185185185
0 0.76171875 0.596759259259 0.0182291666667 0.0361111111111
0 0.8296875 0.610185185185 0.0197916666667 0.0444444444444
0 0.877083333333 0.536574074074 0.025 0.0601851851852
0 0.972916666667 0.625462962963 0.028125 0.037962962963
0 0.892708333333 0.352777777778 0.0260416666667 0.0666666666667
0 0.811458333333 0.312962962963 0.0229166666667 0.0685185185185
0 0.7859375 0.297222222222 0.01875 0.0444444444444
0 0.736458333333 0.206944444444 0.0197916666667 0.0490740740741
0 0.897135416667 0.147685185185 0.0213541666667 0.0416666666667
