0 0.750435365963 0.516486884869 0.0661458333333 0.175
0 0.81319578263 0.422968366351 0.0552083333333 0.125
0 0.77569578263 0.785931329313 0.046875 0.0953703703704
0 0.70460203263 0.835468366351 0.0411458333333 0.122222222222
0 0.541060365963 0.23222762561 0.0307291666667 0.0768518518519
0 0.401737449297 0.237783181165 0.021875 0.0527777777778
0 0.416841615963 0.203060958943 0.01875 0.0444444444444
0 0.35147703263 0.317875773758 0.0223958333333 0.0611111111111
0 0.319966615963 0.326672070054 0.015625 0.0398148148148
0 0.38741453263 0.555375773758 0.0223958333333 0.0583333333333
0 0.47569578263 0.816486884869 0.03125 0.0824074074074
