0 0.925131926121 0.501372369625 0.037598944591 0.060384263495
0 0.835422163588 0.335773101555 0.0270448548813 0.0420860018298
0 0.910290237467 0.680695333943 0.0303430079156 0.0768526989936
0 0.775395778364 0.722323879231 0.028364116095 0.0393412625801
0 0.653693931398 0.653247941446 0.0184696569921 0.0365965233303
0 0.626978891821 0.660567246112 0.0217678100264 0.0439158279963
0 0.579155672823 0.602470265325 0.0197889182058 0.0484903934126
0 0.537269129288 0.519213174748 0.0217678100264 0.0411710887466
0 0.699208443272 0.327996340348 0.0211081794195 0.0338517840805
0 0.553100263852 0.27813357731 0.0191292875989 0.0439158279963
0 0.522427440633 0.281335773102 0.0171503957784 0.0393412625801
0 0.505936675462 0.300091491308 0.0158311345646 0.0365965233303
0 0.680079155673 0.406221408966 0.0224274406332 0.0494053064959
0 0.586081794195 0.465233302836 0.0178100263852 0.0375114364135
0 0.789577836412 0.355443732845 0.0197889182058 0.035681610247
0 0.690303430079 0.736962488564 0.0204485488127 0.0503202195791
