0 0.0971853425385 0.265172735761 0.0308019118428 0.078431372549
0 0.167817312799 0.327264239029 0.0308019118428 0.0812324929972
0 0.0862984599044 0.59477124183 0.0292087095061 0.0728291316527
0 0.197026022305 0.664332399627 0.0254912373871 0.077497665733
0 0.311205523101 0.105042016807 0.0265533722783 0.0662931839402
0 0.364312267658 0.14939309057 0.0286776420605 0.0989729225023
0 0.376526818906 0.0401493930906 0.0318640467339 0.0746965452848
0 0.510886882634 0.0513538748833 0.0276155071694 0.0802987861811
0 0.289962825279 0.573295985061 0.0286776420605 0.0765639589169
0 0.383165161976 0.712418300654 0.0260223048327 0.0765639589169
0 0.413436006373 0.8081232493 0.0355815188529 0.105508870215
0 0.579394583112 0.654528478058 0.0456718003186 0.119514472456
0 0.614179500797 0.0639589169001 0.0355815188529 0.101774042951
0 0.980084970791 0.166666666667 0.036643653744 0.0830999066293
0 0.837227827934 0.662464985994 0.0419543281997 0.140989729225
0 0.867498672331 0.675536881419 0.0292087095061 0.142857142857
0 0.875464684015 0.746031746032 0.0345193839618 0.110177404295
0 0.971322357939 0.527077497666 0.0499203398832 0.107376283847
