0 0.136440888842 0.64737151661 0.0346129641284 0.0434782608696
0 0.17010986304 0.794887044561 0.0289490245437 0.0605590062112
0 0.303527106589 0.804203814747 0.0226557583386 0.0326086956522
0 0.199058887583 0.488210025927 0.0239144115796 0.0326086956522
0 0.245629057502 0.495197603567 0.0176211453744 0.0248447204969
0 0.328070844789 0.452107541455 0.0163624921334 0.0287267080745
0 0.355761216092 0.516936734002 0.0201384518565 0.0372670807453
0 0.45141886241 0.547604435865 0.0163624921334 0.0318322981366
0 0.504596961844 0.583318721579 0.0169918187539 0.0333850931677
0 0.409883305456 0.720741081828 0.0176211453744 0.0333850931677
0 0.435685696897 0.723458473132 0.0176211453744 0.0341614906832
0 0.473445294128 0.662511268163 0.0176211453744 0.0395962732919
0 0.385968893877 0.799933628411 0.0163624921334 0.0380434782609
0 0.460858761718 0.380678970026 0.0163624921334 0.0364906832298
0 0.491066439503 0.378737976238 0.0138451856514 0.0310559006211
0 0.508372921567 0.391936734002 0.0132158590308 0.0248447204969
