0 0.140147019517 0.50958343436 0.0729166666667 0.196296296296
0 0.23441785285 0.840138989915 0.04375 0.124074074074
0 0.14848035285 0.791527878804 0.0479166666667 0.113888888889
0 0.40707410285 0.219305656582 0.0359375 0.0972222222222
0 0.470615769517 0.828564915841 0.0296875 0.0916666666667
0 0.58285535285 0.553564915841 0.025 0.0694444444444
0 0.55551160285 0.198472323249 0.0234375 0.0796296296296
0 0.620094936183 0.301713063989 0.0223958333333 0.0675925925926
0 0.657594936183 0.30958343436 0.0182291666667 0.0425925925926
0 0.0810324361833 0.427638989915 0.0442708333333 0.121296296296
