0 0.241835290268 0.253841697052 0.0354166666667 0.0888888888889
0 0.216314456934 0.670045400756 0.0333333333333 0.0898148148148
0 0.498085290268 0.791341697052 0.025 0.0694444444444
0 0.857981123601 0.65661947483 0.021875 0.0592592592593
0 0.863970706934 0.688100956312 0.0192708333333 0.0351851851852
0 0.790012373601 0.689952808163 0.0192708333333 0.037037037037
0 0.749908206934 0.613100956312 0.0213541666667 0.0592592592593
0 0.705116540268 0.694582437793 0.0223958333333 0.037037037037
0 0.651991540268 0.638100956312 0.0244791666667 0.0685185185185
0 0.555897790268 0.731156511867 0.021875 0.0657407407407
0 0.828293623601 0.368193548904 0.0260416666667 0.0657407407407
0 0.754595706934 0.427452808163 0.0244791666667 0.0657407407407
0 0.902512373601 0.226063919275 0.0265625 0.0592592592593
0 0.604335290268 0.27374910446 0.021875 0.0416666666667
0 0.578814456934 0.304304660015 0.021875 0.0712962962963
0 0.548866540268 0.222823178534 0.0244791666667 0.0768518518519
0 0.394699873601 0.680230585941 0.0192708333333 0.0601851851852
0 0.372824873601 0.651526882237 0.0223958333333 0.0342592592593
0 0.509543623601 0.467730585941 0.0229166666667 0.0537037037037
0 0.386626956934 0.274675030386 0.0229166666667 0.0731481481481
0 0.291835290268 0.250137993349 0.0229166666667 0.0462962962963
0 0.121783206934 0.119582437793 0.0265625 0.05
0 0.166054040268 0.39411947483 0.0171875 0.0527777777778
0 0.151470706934 0.405693548904 0.0171875 0.05
0 0.0621477902676 0.736712067423 0.021875 0.0601851851852
0 0.489491540268 0.312175030386 0.0223958333333 0.0537037037037
