0 0.896036387264 0.489868891538 0.0909681611436 0.252681764005
0 0.778427550357 0.915375446961 0.0545808966862 0.159713945173
0 0.885640025991 0.852800953516 0.0597790773229 0.146603098927
0 0.563027940221 0.11620977354 0.0448343079922 0.125148986889
0 0.48375568551 0.900476758045 0.037037037037 0.11799761621
0 0.343729694607 0.546483909416 0.0311890838207 0.0893921334923
0 0.377842755036 0.0893921334923 0.0292397660819 0.102502979738
0 0.297270955166 0.222288438617 0.0279402209227 0.0870083432658
0 0.250487329435 0.23241954708 0.0227420402859 0.0548271752086
0 0.969785575049 0.384386174017 0.0552306692658 0.156138259833
