0 0.923524882556 0.291743415073 0.0446650124069 0.0461192350956
0 0.673524882556 0.247873898762 0.0483870967742 0.0551181102362
0 0.334815205136 0.183756913385 0.0359801488834 0.0596175478065
0 0.267817686526 0.188256350956 0.0334987593052 0.0528683914511
0 0.232457885037 0.2118783982 0.0322580645161 0.0416197975253
0 0.406155155509 0.440787284589 0.0421836228288 0.0494938132733
0 0.296974014069 0.511653426321 0.0322580645161 0.0584926884139
0 0.394988902407 0.634263100112 0.0471464019851 0.0674915635546
0 0.50603108603 0.724251851518 0.0483870967742 0.0629921259843
0 0.565584435906 0.717502695163 0.0508684863524 0.0584926884139
0 0.667941756005 0.854735541057 0.0496277915633 0.0832395950506
