0 0.486560595682 0.360845733095 0.015006002401 0.0244897959184
0 0.517773080676 0.282886549421 0.016206482593 0.0351020408163
0 0.571794689319 0.340437569829 0.0174069627851 0.0326530612245
0 0.64892554166 0.287784508605 0.0144057623049 0.025306122449
0 0.582899131096 0.276355937176 0.0144057623049 0.0269387755102
0 0.644123620892 0.442070222891 0.0144057623049 0.025306122449
0 0.617412936618 0.461662059625 0.016206482593 0.0367346938776
0 0.717653032657 0.469008998401 0.0174069627851 0.0367346938776
0 0.621314497242 0.26125389636 0.0144057623049 0.0212244897959
0 0.721554593281 0.286560018809 0.0180072028812 0.0342857142857
0 0.762070799763 0.486151855544 0.0174069627851 0.0318367346939
0 0.793583404805 0.500437569829 0.0192076830732 0.0342857142857
0 0.824195649703 0.471457977993 0.0168067226891 0.0334693877551
0 0.865011976234 0.426560018809 0.0144057623049 0.0285714285714
0 0.765072000244 0.32125389636 0.016206482593 0.0334693877551
0 0.810390127495 0.184927365748 0.0192076830732 0.0302040816327
0 0.848505373593 0.120029406564 0.0138055222089 0.0212244897959
0 0.867713056666 0.189417161666 0.0210084033613 0.0375510204082
0 0.916932744541 0.329825324931 0.0222088835534 0.0424489795918
