0 0.421576433121 0.403530895334 0.0199044585987 0.0479192938209
0 0.439092356688 0.391551071879 0.0167197452229 0.0340479192938
0 0.359872611465 0.412988650694 0.0207006369427 0.0491803278689
0 0.283041401274 0.263556116015 0.0230891719745 0.0428751576293
0 0.495222929936 0.340479192938 0.0191082802548 0.0353089533417
0 0.417993630573 0.611601513241 0.0175159235669 0.0327868852459
0 0.421974522293 0.636822194199 0.0175159235669 0.0327868852459
0 0.34275477707 0.552332912989 0.0183121019108 0.0453972257251
0 0.368630573248 0.62421185372 0.015923566879 0.0252206809584
0 0.275079617834 0.59709962169 0.0199044585987 0.0517023959647
0 0.251592356688 0.537200504414 0.0238853503185 0.0580075662043
0 0.125 0.56998738966 0.0254777070064 0.0680958385876
0 0.214570063694 0.218789407314 0.0230891719745 0.061790668348
0 0.185111464968 0.129886506936 0.0278662420382 0.0655737704918
0 0.031449044586 0.588902900378 0.0342356687898 0.0680958385876
0 0.0959394904459 0.313366960908 0.031050955414 0.046658259773
0 0.375 0.250945775536 0.0222929936306 0.0353089533417
