0 0.750600240096 0.110476190476 0.0258103241297 0.0761904761905
0 0.742797118848 0.292380952381 0.0222088835534 0.0438095238095
0 0.762304921969 0.259523809524 0.0228091236495 0.0371428571429
0 0.834333733493 0.194761904762 0.0240096038415 0.0447619047619
0 0.670768307323 0.121904761905 0.0270108043217 0.0666666666667
0 0.660264105642 0.167142857143 0.0264105642257 0.06
0 0.62725090036 0.154285714286 0.0240096038415 0.047619047619
0 0.58943577431 0.350952380952 0.0192076830732 0.0428571428571
0 0.481392557023 0.52 0.015606242497 0.032380952381
0 0.664165666267 0.56619047619 0.0126050420168 0.0333333333333
0 0.635054021609 0.635714285714 0.015606242497 0.0390476190476
0 0.52731092437 0.626666666667 0.0174069627851 0.0514285714286
0 0.588835534214 0.610476190476 0.0192076830732 0.032380952381
0 0.561224489796 0.580952380952 0.015606242497 0.047619047619
0 0.452280912365 0.547142857143 0.0138055222089 0.0352380952381
0 0.429771908764 0.598095238095 0.0120048019208 0.0266666666667
0 0.402160864346 0.562380952381 0.00960384153661 0.0238095238095
0 0.388655462185 0.54380952381 0.00900360144058 0.0209523809524
0 0.402460984394 0.454761904762 0.0102040816327 0.0257142857143
0 0.432773109244 0.39619047619 0.0144057623049 0.032380952381
0 0.386554621849 0.434285714286 0.0108043217287 0.0247619047619
