0 0.515507486846 0.215076110605 0.0226364846871 0.0253012048193
0 0.446932253823 0.460256833496 0.0372836218375 0.0433734939759
0 0.381685915607 0.185558038316 0.0319573901465 0.0313253012048
0 0.299795103357 0.243389363617 0.0332889480692 0.0409638554217
0 0.17596021654 0.301823098557 0.0332889480692 0.0301204819277
0 0.283150629323 0.203027917834 0.034620505992 0.0228915662651
0 0.45026114863 0.267485749159 0.0226364846871 0.021686746988
0 0.412311747831 0.299413460002 0.0319573901465 0.0325301204819
0 0.341739177924 0.6337508094 0.0319573901465 0.033734939759
0 0.299129324396 0.513268881689 0.034620505992 0.0409638554217
