0 0.573746312684 0.649611398964 0.0344149459194 0.0608808290155
0 0.552114060964 0.689766839378 0.0344149459194 0.050518134715
0 0.680432645034 0.708549222798 0.0373647984267 0.0621761658031
0 0.769911504425 0.605569948187 0.047197640118 0.0841968911917
0 0.950835791544 0.729922279793 0.0530973451327 0.0531088082902
0 0.799410029499 0.348445595855 0.0491642084562 0.0932642487047
0 0.646017699115 0.29274611399 0.0432645034415 0.0958549222798
0 0.597836774828 0.270725388601 0.0353982300885 0.0621761658031
0 0.504424778761 0.144430051813 0.0373647984267 0.0686528497409
0 0.807767944936 0.0615284974093 0.0403146509341 0.0582901554404
