0 0.0629648758374 0.365158380019 0.0336787564767 0.0693802035153
0 0.087900108998 0.332318417021 0.0278497409326 0.0444033302498
0 0.167239487236 0.367471053469 0.0233160621762 0.0481036077706
0 0.3064881919 0.450727297687 0.0220207253886 0.0481036077706
0 0.367369020915 0.396148204255 0.0220207253886 0.0481036077706
0 0.413029642677 0.294853107123 0.0187823834197 0.0379278445883
0 0.333690264438 0.594575586309 0.020725388601 0.0471785383904
0 0.380322388791 0.633428500278 0.0181347150259 0.0342275670675
0 0.281876792936 0.686157454949 0.0259067357513 0.0323774283071
0 0.231682492418 0.655167630712 0.0291450777202 0.059204440333
0 0.427602181537 0.589025170028 0.0155440414508 0.0342275670675
0 0.43666953905 0.611226835153 0.0181347150259 0.0305272895467
0 0.0950244613296 0.815204633488 0.0265544041451 0.0629047178538
