0 0.871241675662 0.0492997828508 0.0369791666667 0.0722222222222
0 0.801710425662 0.0923553384064 0.0489583333333 0.117592592593
0 0.641554175662 0.0428183013694 0.0265625 0.0555555555556
0 0.761345842329 0.599299782851 0.0453125 0.0833333333333
0 0.592335425662 0.648373856925 0.0270833333333 0.0518518518519
0 0.682960425662 0.307633116184 0.0354166666667 0.0814814814815
0 0.697543758996 0.529855338406 0.0291666666667 0.0962962962963
0 0.468637508996 0.626151634703 0.0223958333333 0.0592592592593
0 0.443637508996 0.647910893962 0.0234375 0.0657407407407
0 0.384002092329 0.597910893962 0.021875 0.0675925925926
0 0.327752092329 0.507170153221 0.01875 0.0601851851852
0 0.311345842329 0.498836819888 0.0151041666667 0.037962962963
0 0.451450008996 0.172910893962 0.0192708333333 0.0453703703704
0 0.244158342329 0.212725708777 0.0182291666667 0.0472222222222
0 0.257439592329 0.179392375443 0.0197916666667 0.0583333333333
0 0.290772925662 0.161336819888 0.01875 0.0611111111111
0 0.747022925662 0.675225708777 0.028125 0.0574074074074
0 0.365512508996 0.405781264332 0.0182291666667 0.05
0 0.448585425662 0.287262745814 0.021875 0.062962962963
