0 0.378125 0.351851851852 0.0177083333333 0.0481481481481
0 0.391666666667 0.333333333333 0.0145833333333 0.0333333333333
0 0.326302083333 0.387037037037 0.0182291666667 0.05
0 0.2375 0.274074074074 0.0208333333333 0.0425925925926
0 0.4328125 0.260185185185 0.0166666666667 0.0351851851852
0 0.405989583333 0.555555555556 0.0151041666667 0.0333333333333
0 0.413020833333 0.579166666667 0.015625 0.0324074074074
0 0.33203125 0.52962962963 0.0161458333333 0.0462962962963
0 0.365104166667 0.588888888889 0.0135416666667 0.0259259259259
0 0.2796875 0.601388888889 0.0177083333333 0.0527777777778
0 0.251041666667 0.553703703704 0.021875 0.0592592592593
0 0.14609375 0.637962962963 0.0234375 0.0685185185185
0 0.171354166667 0.259259259259 0.0208333333333 0.062962962963
0 0.132552083333 0.184722222222 0.0255208333333 0.0675925925926
0 0.06796875 0.695833333333 0.0307291666667 0.0694444444444
0 0.0828125 0.400462962963 0.028125 0.0472222222222
0 0.315364583333 0.223148148148 0.0203125 0.0351851851852
