0 0.159375 0.200925925926 0.0208333333333 0.0462962962963
0 0.217708333333 0.294907407407 0.0135416666667 0.0268518518519
0 0.0963541666667 0.210185185185 0.0208333333333 0.05
0 0.101041666667 0.164351851852 0.0208333333333 0.025
0 0.0489583333333 0.174537037037 0.0229166666667 0.037962962963
0 0.0158854166667 0.206481481481 0.0223958333333 0.0388888888889
0 0.168229166667 0.315277777778 0.0145833333333 0.025
0 0.13984375 0.328703703704 0.0182291666667 0.0351851851852
0 0.105989583333 0.501851851852 0.0234375 0.0555555555556
0 0.0151041666667 0.491666666667 0.0208333333333 0.0462962962963
