0 0.0446394319607 0.673290860396 0.041184041184 0.0883280757098
0 0.107702495024 0.225867095937 0.048906048906 0.127234490011
0 0.385694773016 0.110725140101 0.037323037323 0.0820189274448
0 0.427522314844 0.26687655966 0.043758043758 0.0851735015773
0 0.44714908447 0.54553060803 0.0418275418275 0.110410094637
0 0.537882675204 0.66014680151 0.0508365508366 0.127234490011
0 0.497020384342 0.691692542835 0.036036036036 0.114616193481
0 0.748307385629 0.694847116968 0.0456885456885 0.116719242902
0 0.932670319992 0.904626296778 0.045045045045 0.0904311251314
0 0.707766845088 0.144899693203 0.0366795366795 0.074658254469
