0 0.604275228992 0.415020151467 0.0104166666667 0.0287037037037
0 0.589431478992 0.584001632949 0.00885416666667 0.0185185185185
0 0.592816895658 0.599279410727 0.00833333333333 0.0231481481481
0 0.564431478992 0.604372003319 0.00885416666667 0.0148148148148
0 0.547504395658 0.569649781097 0.0104166666667 0.025
0 0.505056478992 0.583538669986 0.0119791666667 0.0324074074074
0 0.464431478992 0.622890521838 0.0109375 0.0296296296296
0 0.444900228992 0.642334966282 0.0125 0.0277777777778
0 0.548025228992 0.49048311443 0.009375 0.0277777777778
0 0.473285645658 0.429372003319 0.0109375 0.0314814814815
0 0.463389812325 0.399279410727 0.0119791666667 0.0342592592593
0 0.575629395658 0.460853484801 0.0135416666667 0.0388888888889
0 0.381618978992 0.405297929245 0.0119791666667 0.0296296296296
0 0.358702312325 0.432149781097 0.0109375 0.0333333333333
0 0.339691895658 0.588168299615 0.0135416666667 0.0361111111111
0 0.264431478992 0.403446077393 0.0130208333333 0.0333333333333
0 0.290473145658 0.473816447764 0.0171875 0.0351851851852
0 0.311046062325 0.563631262578 0.015625 0.0388888888889
0 0.323806478992 0.604372003319 0.0140625 0.0388888888889
0 0.247504395658 0.622427558875 0.0135416666667 0.0305555555556
0 0.213910645658 0.664094225541 0.0182291666667 0.0435185185185
0 0.145421062325 0.633075707023 0.0135416666667 0.0351851851852
0 0.132400228992 0.650668299615 0.0177083333333 0.0407407407407
0 0.125889812325 0.332149781097 0.0140625 0.0314814814815
0 0.130837728992 0.414557188504 0.0177083333333 0.0425925925926
