0 0.617979485722 0.296257626813 0.0194524495677 0.0521276595745
0 0.604290724915 0.292534222557 0.0136887608069 0.0446808510638
0 0.613296488603 0.219129967238 0.0187319884726 0.0468085106383
0 0.499463635577 0.165406562983 0.021613832853 0.0436170212766
0 0.553137987163 0.329768265111 0.0194524495677 0.036170212766
0 0.382028477076 0.183491669366 0.0244956772334 0.05
0 0.322950667278 0.18561932894 0.021613832853 0.0457446808511
0 0.309982367566 0.163278903408 0.0187319884726 0.0372340425532
0 0.374463635577 0.495193797025 0.0252161383285 0.0521276595745
0 0.517475162955 0.581895924685 0.0187319884726 0.036170212766
0 0.524679773906 0.617534222557 0.0158501440922 0.0372340425532
0 0.254506863243 0.446257626813 0.021613832853 0.0329787234043
0 0.167691301284 0.294129967238 0.0208933717579 0.0372340425532
0 0.226048649987 0.120725711919 0.0194524495677 0.0329787234043
0 0.241538563531 0.164342733196 0.021613832853 0.0414893617021
