0 0.7828125 0.781481481481 0.0385416666667 0.0907407407407
0 0.945833333333 0.642592592593 0.0447916666667 0.0944444444444
0 0.683072916667 0.684722222222 0.0328125 0.087962962963
0 0.92578125 0.0944444444444 0.0380208333333 0.0962962962963
0 0.701302083333 0.0662037037037 0.0338541666667 0.0972222222222
0 0.654427083333 0.182407407407 0.0286458333333 0.0833333333333
0 0.561979166667 0.571296296296 0.025 0.0740740740741
0 0.36640625 0.578240740741 0.0192708333333 0.0472222222222
0 0.359635416667 0.609259259259 0.0182291666667 0.0388888888889
0 0.424739583333 0.618055555556 0.0171875 0.0398148148148
0 0.51640625 0.629166666667 0.0223958333333 0.037962962963
0 0.462760416667 0.539351851852 0.0203125 0.0601851851852
0 0.4625 0.344907407407 0.021875 0.0675925925926
0 0.393229166667 0.289814814815 0.0208333333333 0.0666666666667
0 0.578645833333 0.203703703704 0.0208333333333 0.0592592592593
0 0.329427083333 0.1625 0.0213541666667 0.0546296296296
0 0.629166666667 0.144444444444 0.021875 0.0518518518519
0 0.76484375 0.366666666667 0.0328125 0.0777777777778
0 0.982552083333 0.605092592593 0.0276041666667 0.0453703703704
