0 0.511979166667 0.361574074074 0.0104166666667 0.0287037037037
0 0.526822916667 0.530555555556 0.00885416666667 0.0185185185185
0 0.5234375 0.545833333333 0.00833333333333 0.0231481481481
0 0.551822916667 0.550925925926 0.00885416666667 0.0148148148148
0 0.56875 0.516203703704 0.0104166666667 0.025
0 0.611197916667 0.530092592593 0.0119791666667 0.0324074074074
0 0.651822916667 0.569444444444 0.0109375 0.0296296296296
0 0.671354166667 0.588888888889 0.0125 0.0277777777778
0 0.568229166667 0.437037037037 0.009375 0.0277777777778
0 0.64296875 0.375925925926 0.0109375 0.0314814814815
0 0.652864583333 0.345833333333 0.0119791666667 0.0342592592593
0 0.540625 0.407407407407 0.0135416666667 0.0388888888889
0 0.734635416667 0.351851851852 0.0119791666667 0.0296296296296
0 0.757552083333 0.378703703704 0.0109375 0.0333333333333
0 0.7765625 0.534722222222 0.0135416666667 0.0361111111111
0 0.851822916667 0.35 0.0130208333333 0.0333333333333
0 0.82578125 0.42037037037 0.0171875 0.0351851851852
0 0.805208333333 0.510185185185 0.015625 0.0388888888889
0 0.792447916667 0.550925925926 0.0140625 0.0388888888889
0 0.86875 0.568981481481 0.0135416666667 0.0305555555556
0 0.90234375 0.610648148148 0.0182291666667 0.0435185185185
0 0.970833333333 0.57962962963 0.0135416666667 0.0351851851852
0 0.983854166667 0.597222222222 0.0177083333333 0.0407407407407
0 0.990364583333 0.278703703704 0.0140625 0.0314814814815
0 0.985416666667 0.361111111111 0.0177083333333 0.0425925925926
