0 0.172395833333 0.281481481481 0.0197916666667 0.05
0 0.18671875 0.211574074074 0.0192708333333 0.0490740740741
0 0.115364583333 0.228703703704 0.0213541666667 0.0425925925926
0 0.170833333333 0.346296296296 0.0197916666667 0.0462962962963
0 0.191666666667 0.605555555556 0.0125 0.0333333333333
0 0.0705729166667 0.55787037037 0.0192708333333 0.0416666666667
0 0.0526041666667 0.552314814815 0.0135416666667 0.0398148148148
0 0.0591145833333 0.306944444444 0.0182291666667 0.0453703703704
0 0.00989583333333 0.353703703704 0.0114583333333 0.0333333333333
0 0.0458333333333 0.322685185185 0.0125 0.0268518518519
