0 0.224640252261 0.132037352915 0.0260416666667 0.0592592592593
0 0.416567335595 0.160741056619 0.0192708333333 0.0685185185185
0 0.463702752261 0.219537352915 0.0166666666667 0.0472222222222
0 0.450421502261 0.187129945508 0.0203125 0.0564814814815
0 0.0876610855948 0.105185501063 0.0291666666667 0.0518518518519
0 0.171515252261 0.332037352915 0.0322916666667 0.0851851851852
0 0.229588168928 0.260278093656 0.0338541666667 0.0675925925926
0 0.378546502261 0.507037352915 0.0151041666667 0.0611111111111
0 0.306671502261 0.604722538101 0.0255208333333 0.0712962962963
0 0.334015252261 0.398704019582 0.025 0.0592592592593
0 0.200942335595 0.648241056619 0.0255208333333 0.0583333333333
0 0.232973585595 0.670463278841 0.0291666666667 0.0694444444444
0 0.122036085595 0.756574389952 0.0322916666667 0.0935185185185
0 0.393129835595 0.498704019582 0.0151041666667 0.0462962962963
