0 0.0294117647059 0.218390804598 0.0359052711994 0.0638569604087
0 0.0355233002292 0.364623243934 0.038961038961 0.0804597701149
0 0.18563789152 0.693486590038 0.0336134453782 0.0485312899106
0 0.228800611154 0.64687100894 0.0267379679144 0.0549169859515
0 0.271581359817 0.676883780332 0.0236822001528 0.0613026819923
0 0.344155844156 0.600893997446 0.022154316272 0.0523627075351
0 0.381970970206 0.665389527458 0.0213903743316 0.0485312899106
0 0.211993888464 0.268837803321 0.0236822001528 0.0727969348659
0 0.24064171123 0.245849297573 0.0244461420932 0.0446998722861
0 0.282276546982 0.219029374202 0.0236822001528 0.0651340996169
0 0.355233002292 0.429118773946 0.0198624904507 0.0408684546616
0 0.0420168067227 0.671775223499 0.0152788388083 0.0740740740741
0 0.0974025974026 0.586845466156 0.0267379679144 0.0344827586207
0 0.470970206264 0.586845466156 0.0145148968678 0.0344827586207
0 0.458365164248 0.320561941252 0.0137509549274 0.0229885057471
0 0.49923605806 0.33908045977 0.0145148968678 0.0395913154534
0 0.427425515661 0.54533844189 0.0145148968678 0.0229885057471
0 0.408708938121 0.564495530013 0.0183346065699 0.0280970625798
0 0.580595874714 0.51724137931 0.0122230710466 0.0332056194125
0 0.549656226127 0.552362707535 0.0114591291062 0.0319284802043
0 0.503819709702 0.524265644955 0.0145148968678 0.0319284802043
0 0.613063407181 0.314814814815 0.00993124522536 0.0242656449553
0 0.594728800611 0.298212005109 0.0114591291062 0.0319284802043
0 0.288388082506 0.316730523627 0.022154316272 0.0434227330779
0 0.511841100076 0.327586206897 0.0106951871658 0.0191570881226
0 0.377769289534 0.295657726692 0.00993124522536 0.029374201788
0 0.605805958747 0.298212005109 0.0106951871658 0.0268199233716
