0 0.02578125 0.0537037037037 0.0369791666667 0.0722222222222
0 0.0953125 0.0967592592593 0.0489583333333 0.117592592593
0 0.25546875 0.0472222222222 0.0265625 0.0555555555556
0 0.135677083333 0.603703703704 0.0453125 0.0833333333333
0 0.3046875 0.652777777778 0.0270833333333 0.0518518518519
0 0.2140625 0.312037037037 0.0354166666667 0.0814814814815
0 0.199479166667 0.534259259259 0.0291666666667 0.0962962962963
0 0.428385416667 0.630555555556 0.0223958333333 0.0592592592593
0 0.453385416667 0.652314814815 0.0234375 0.0657407407407
0 0.513020833333 0.602314814815 0.021875 0.0675925925926
0 0.569270833333 0.511574074074 0.01875 0.0601851851852
0 0.585677083333 0.503240740741 0.0151041666667 0.037962962963
0 0.445572916667 0.177314814815 0.0192708333333 0.0453703703704
0 0.652864583333 0.21712962963 0.0182291666667 0.0472222222222
0 0.639583333333 0.183796296296 0.0197916666667 0.0583333333333
0 0.60625 0.165740740741 0.01875 0.0611111111111
0 0.15 0.67962962963 0.028125 0.0574074074074
0 0.531510416667 0.410185185185 0.0182291666667 0.05
0 0.4484375 0.291666666667 0.021875 0.062962962963
