0 0.109354413702 0.792069632495 0.0395256916996 0.0754352030948
0 0.098814229249 0.398452611219 0.0461133069829 0.106382978723
0 0.337615283267 0.201160541586 0.0349143610013 0.0696324951644
0 0.39953886693 0.315280464217 0.0415019762846 0.0715667311412
0 0.4604743083 0.53916827853 0.0395256916996 0.0938104448743
0 0.561594202899 0.600096711799 0.0480895915679 0.107350096712
0 0.528985507246 0.6416827853 0.034255599473 0.0976789168279
0 0.761198945982 0.551257253385 0.0428194993412 0.0986460348162
0 0.963109354414 0.657640232108 0.0421607378129 0.0773694390716
0 0.639986824769 0.11170212766 0.0349143610013 0.0628626692456
