0 0.45019476906 0.771835132483 0.0690038953812 0.20314033366
0 0.205898720089 0.0883218842002 0.0545353366722 0.129538763494
0 0.649972175849 0.846418056919 0.0545353366722 0.148184494603
0 0.787979966611 0.50883218842 0.0367278797997 0.0853778213935
0 0.866444073456 0.581943081452 0.0400667779633 0.090284592738
0 0.925153032832 0.151619234544 0.0461880912632 0.0951913640824
0 0.908736783528 0.682041216879 0.0255982192543 0.0588812561335
0 0.980244852532 0.318449460255 0.0217028380634 0.0480863591757
0 0.5367278798 0.175171736997 0.0350584307179 0.081452404318
0 0.0762381747357 0.379293424926 0.131329994435 0.157998037291
0 0.269894268225 0.320902845927 0.0322760155815 0.090284592738
