0 0.317947971069 0.799442768355 0.0385416666667 0.0907407407407
0 0.154927137736 0.660553879466 0.0447916666667 0.0944444444444
0 0.417687554403 0.702683509096 0.0328125 0.087962962963
0 0.174979221069 0.112405731318 0.0380208333333 0.0962962962963
0 0.399458387736 0.0841649905776 0.0338541666667 0.0972222222222
0 0.446333387736 0.200368694281 0.0286458333333 0.0833333333333
0 0.538781304403 0.58925758317 0.025 0.0740740740741
0 0.734354221069 0.596202027615 0.0192708333333 0.0472222222222
0 0.741125054403 0.627220546133 0.0182291666667 0.0388888888889
0 0.676020887736 0.636016842429 0.0171875 0.0398148148148
0 0.584354221069 0.647127953541 0.0223958333333 0.037962962963
0 0.638000054403 0.557313138726 0.0203125 0.0601851851852
0 0.638260471069 0.362868694281 0.021875 0.0675925925926
0 0.707531304403 0.307776101689 0.0208333333333 0.0666666666667
0 0.522114637736 0.221664990578 0.0208333333333 0.0592592592593
0 0.771333387736 0.180461286874 0.0213541666667 0.0546296296296
0 0.471593804403 0.162405731318 0.021875 0.0518518518519
0 0.335916721069 0.384627953541 0.0328125 0.0777777777778
0 0.118208387736 0.623053879466 0.0276041666667 0.0453703703704
