0 0.55703125 0.630555555556 0.0411458333333 0.112962962963
0 0.720052083333 0.0842592592593 0.0390625 0.0796296296296
0 0.676041666667 0.246759259259 0.0416666666667 0.0990740740741
0 0.641666666667 0.539351851852 0.040625 0.130555555556
0 0.214322916667 0.80462962963 0.0432291666667 0.1
0 0.188802083333 0.706481481481 0.0328125 0.0759259259259
0 0.0861979166667 0.57962962963 0.0338541666667 0.087037037037
0 0.59140625 0.673611111111 0.0307291666667 0.106481481481
0 0.415364583333 0.103240740741 0.0296875 0.0898148148148
0 0.36953125 0.640277777778 0.0411458333333 0.108333333333
0 0.318489583333 0.0768518518519 0.0286458333333 0.0740740740741
0 0.170833333333 0.142592592593 0.0364583333333 0.1
0 0.10546875 0.0907407407407 0.0348958333333 0.0574074074074
0 0.17890625 0.0388888888889 0.0348958333333 0.0703703703704
0 0.50078125 0.0435185185185 0.0494791666667 0.0759259259259
