0 0.3537875697 0.296601340297 0.0171875 0.0361111111111
0 0.4053500697 0.204471710667 0.0182291666667 0.0518518518519
0 0.4498813197 0.315582821778 0.0197916666667 0.0481481481481
0 0.544933403033 0.285490229186 0.0161458333333 0.037962962963
0 0.476704236367 0.231786525482 0.0161458333333 0.0398148148148
0 0.5037875697 0.498916155112 0.0161458333333 0.037037037037
0 0.470714653033 0.511879118075 0.01875 0.0555555555556
0 0.576704236367 0.578082821778 0.0192708333333 0.0546296296296
0 0.521495903033 0.232712451408 0.0161458333333 0.0305555555556
0 0.623579236367 0.324842081037 0.0203125 0.05
0 0.6201938197 0.628082821778 0.0197916666667 0.0472222222222
0 0.6506625697 0.665119858815 0.0213541666667 0.0509259259259
0 0.6905063197 0.641971710667 0.01875 0.0490740740741
0 0.744672986367 0.601693932889 0.0166666666667 0.0425925925926
0 0.661860486367 0.397990229186 0.0177083333333 0.05
0 0.742329236367 0.232249488445 0.0213541666667 0.0444444444444
0 0.7983188197 0.162805044 0.015625 0.0314814814815
0 0.802745903033 0.271138377334 0.0234375 0.0555555555556
0 0.822797986367 0.495212451408 0.025 0.062962962963
