0 0.584967320261 0.238938053097 0.0245098039216 0.070796460177
0 0.567401960784 0.240202275601 0.0187908496732 0.0606826801517
0 0.564950980392 0.143489254109 0.0236928104575 0.0619469026549
0 0.417483660131 0.124525916561 0.0277777777778 0.0594184576485
0 0.512663398693 0.308470290771 0.0253267973856 0.0480404551201
0 0.279411764706 0.197218710493 0.031045751634 0.0682680151707
0 0.208741830065 0.225663716814 0.0285947712418 0.0619469026549
0 0.188725490196 0.202907711757 0.0245098039216 0.0493046776233
0 0.328839869281 0.594184576485 0.031862745098 0.070796460177
0 0.517156862745 0.642225031606 0.0245098039216 0.0480404551201
0 0.53227124183 0.684576485461 0.0204248366013 0.0518331226296
0 0.174836601307 0.583438685209 0.0277777777778 0.0442477876106
0 0.0420751633987 0.428571428571 0.0269607843137 0.0505689001264
0 0.0792483660131 0.184576485461 0.0245098039216 0.0455120101138
0 0.106617647059 0.233881163085 0.0285947712418 0.0556257901391
