0 0.152083333333 0.115740740741 0.034375 0.0925925925926
0 0.323177083333 0.14537037037 0.0369791666667 0.103703703704
0 0.265364583333 0.121759259259 0.0296875 0.062037037037
0 0.35078125 0.610648148148 0.0348958333333 0.117592592593
0 0.131510416667 0.643055555556 0.0286458333333 0.0824074074074
0 0.164322916667 0.601388888889 0.0369791666667 0.0453703703704
0 0.437760416667 0.075 0.0213541666667 0.0537037037037
0 0.404166666667 0.325462962963 0.028125 0.0675925925926
0 0.597395833333 0.627314814815 0.0197916666667 0.0527777777778
0 0.622135416667 0.651851851852 0.0234375 0.062962962963
0 0.687239583333 0.603240740741 0.0265625 0.0675925925926
0 0.483072916667 0.648148148148 0.0213541666667 0.0481481481481
0 0.74453125 0.509722222222 0.0213541666667 0.062037037037
0 0.613020833333 0.171296296296 0.0177083333333 0.05
0 0.532552083333 0.184722222222 0.0223958333333 0.0398148148148
0 0.70546875 0.402777777778 0.0203125 0.0518518518519
0 0.616666666667 0.285185185185 0.0239583333333 0.0648148148148
0 0.790625 0.13287037037 0.025 0.0731481481481
0 0.828125 0.144444444444 0.025 0.0703703703704
0 0.845052083333 0.176388888889 0.0234375 0.0564814814815
0 0.765885416667 0.493055555556 0.0182291666667 0.0546296296296
