0 0.472334682861 0.282924107143 0.0188933873144 0.0546875
0 0.508097165992 0.19921875 0.0175438596491 0.0502232142857
0 0.542847503374 0.32421875 0.0182186234818 0.0613839285714
0 0.602564102564 0.151227678571 0.0229419703104 0.0502232142857
0 0.628205128205 0.56640625 0.025641025641 0.0658482142857
0 0.673414304993 0.555803571429 0.025641025641 0.0558035714286
0 0.532051282051 0.608258928571 0.0168690958165 0.0424107142857
0 0.726383265857 0.52734375 0.0209176788124 0.0368303571429
0 0.750674763833 0.279575892857 0.0209176788124 0.0546875
0 0.709851551957 0.186383928571 0.0229419703104 0.0647321428571
0 0.824561403509 0.186383928571 0.0269905533063 0.0803571428571
0 0.877867746289 0.62890625 0.0215924426451 0.0435267857143
0 0.88967611336 0.131696428571 0.0290148448043 0.0758928571429
0 0.974021592443 0.557477678571 0.0209176788124 0.0636160714286
0 0.978744939271 0.627232142857 0.0168690958165 0.0580357142857
0 0.956140350877 0.162946428571 0.0269905533063 0.0736607142857
0 0.655195681511 0.369419642857 0.0269905533063 0.0334821428571
0 0.617408906883 0.325334821429 0.0175438596491 0.0279017857143
0 0.490890688259 0.580915178571 0.0155195681511 0.0412946428571
