0 0.724595469256 0.284009546539 0.021359223301 0.0620525059666
0 0.709708737864 0.241050119332 0.0265372168285 0.0835322195704
0 0.670226537217 0.215990453461 0.0265372168285 0.0835322195704
0 0.466666666667 0.218973747017 0.0258899676375 0.063245823389
0 0.577346278317 0.525059665871 0.0245954692557 0.0668257756563
0 0.62427184466 0.65214797136 0.021359223301 0.0775656324582
0 0.552750809061 0.770883054893 0.0284789644013 0.0859188544153
0 0.477669902913 0.841288782816 0.0284789644013 0.0787589498807
0 0.44498381877 0.807875894988 0.0265372168285 0.0596658711217
0 0.471844660194 0.365155131265 0.031067961165 0.090692124105
0 0.297087378641 0.152744630072 0.0349514563107 0.0739856801909
0 0.153721682848 0.38723150358 0.0459546925566 0.101431980907
0 0.13074433657 0.693317422434 0.0440129449838 0.136038186158
0 0.037216828479 0.782816229117 0.0614886731392 0.107398568019
0 0.0592233009709 0.877088305489 0.0381877022654 0.0715990453461
0 0.280906148867 0.848448687351 0.0336569579288 0.0668257756563
0 0.211650485437 0.0304295942721 0.0362459546926 0.0560859188544
0 0.350809061489 0.211217183771 0.0271844660194 0.0453460620525
0 0.643365695793 0.646778042959 0.0168284789644 0.0429594272076
