0 0.518167380468 0.33502325927 0.0105876124934 0.0420054200542
0 0.503080032665 0.58231323217 0.00899947061938 0.0271002710027
0 0.506521006725 0.604670955747 0.00847008999471 0.0338753387534
0 0.477669762681 0.612123530273 0.00899947061938 0.0216802168022
0 0.460464892379 0.561310522143 0.0105876124934 0.0365853658537
0 0.417320371468 0.581635725395 0.0121757543674 0.0474254742547
0 0.376028682744 0.639223801275 0.0111169931181 0.0433604336043
0 0.356176909319 0.667679085828 0.0127051349921 0.0406504065041
0 0.460994273003 0.445456863606 0.00952885124404 0.0406504065041
0 0.385028153363 0.356025969297 0.0111169931181 0.0460704607046
0 0.374969921495 0.311988028918 0.0121757543674 0.050135501355
0 0.489051446111 0.402096430002 0.0137638962414 0.0569105691057
0 0.291857163422 0.320795616994 0.0121757543674 0.0433604336043
0 0.268564415936 0.360091009948 0.0111169931181 0.0487804878049
0 0.249242023136 0.588410793145 0.0137638962414 0.0528455284553
0 0.172746522871 0.318085589893 0.0132345156167 0.0487804878049
0 0.199215554105 0.421066619704 0.0174695606141 0.0514905149051
0 0.220126088779 0.552502934067 0.0158814187401 0.0569105691057
0 0.233095914083 0.612123530273 0.0142932768661 0.0569105691057
0 0.155541652569 0.6385462945 0.0137638962414 0.0447154471545
0 0.121396602278 0.699521904256 0.0185283218634 0.0636856368564
0 0.0517830501342 0.654128950327 0.0137638962414 0.0514905149051
0 0.0385485345175 0.67987420778 0.0179989412388 0.059620596206
0 0.0319312767091 0.213749546533 0.0142932768661 0.0460704607046
0 0.0369603926435 0.334345752495 0.0179989412388 0.0623306233062
