0 0.114583333333 0.185185185185 0.0291666666667 0.0592592592593
0 0.203125 0.0791666666667 0.025 0.0787037037037
0 0.314322916667 0.149537037037 0.0234375 0.075
0 0.262239583333 0.237037037037 0.0286458333333 0.0740740740741
0 0.297916666667 0.505555555556 0.0260416666667 0.0703703703704
0 0.388020833333 0.222222222222 0.0229166666667 0.05
0 0.482552083333 0.293055555556 0.0223958333333 0.0657407407407
0 0.59453125 0.214351851852 0.0192708333333 0.0564814814815
0 0.6453125 0.263888888889 0.0208333333333 0.0518518518519
0 0.521354166667 0.379166666667 0.01875 0.0601851851852
0 0.387239583333 0.397222222222 0.0223958333333 0.0666666666667
0 0.436197916667 0.586574074074 0.0213541666667 0.0712962962963
0 0.478385416667 0.63287037037 0.0223958333333 0.0638888888889
0 0.547916666667 0.650462962963 0.0197916666667 0.062037037037
0 0.507291666667 0.669444444444 0.0260416666667 0.0388888888889
0 0.594791666667 0.598611111111 0.0208333333333 0.0490740740741
0 0.662760416667 0.475925925926 0.0244791666667 0.087037037037
0 0.70390625 0.628703703704 0.0203125 0.05
0 0.680208333333 0.60787037037 0.0197916666667 0.0361111111111
0 0.759895833333 0.230092592593 0.0177083333333 0.0490740740741
0 0.81328125 0.246759259259 0.0192708333333 0.0546296296296
0 0.847135416667 0.299537037037 0.0192708333333 0.0398148148148
0 0.805989583333 0.409722222222 0.0255208333333 0.0546296296296
0 0.88984375 0.298611111111 0.0203125 0.0509259259259
0 0.927864583333 0.406018518519 0.0171875 0.0435185185185
0 0.90078125 0.5875 0.0213541666667 0.0527777777778
0 0.845052083333 0.60462962963 0.0223958333333 0.0666666666667
0 0.8703125 0.60787037037 0.01875 0.0546296296296
0 0.965885416667 0.277314814815 0.0213541666667 0.0472222222222
