0 0.69790814748 0.196994108691 0.0261031696706 0.0384294068505
0 0.674912498008 0.241689179702 0.0273461777502 0.0593149540518
0 0.626435182905 0.191146155475 0.0285891858297 0.0634920634921
0 0.822519707455 0.472683331749 0.0316967060286 0.0584795321637
0 0.910151777063 0.505682496327 0.0292106898695 0.0526315789474
0 0.860120701861 0.458898870596 0.0236171535115 0.0342522974102
0 0.728051093409 0.588389263244 0.0242386575513 0.0593149540518
0 0.673669489928 0.663159522225 0.0273461777502 0.0534670008354
0 0.545950409754 0.61178107611 0.0242386575513 0.0409356725146
0 0.521711752203 0.602591435341 0.0217526413922 0.0292397660819
0 0.626745934925 0.401672471264 0.0267246737104 0.0434419381788
0 0.477895717399 0.323560524731 0.0223741454319 0.0526315789474
0 0.580754635982 0.297662446202 0.0242386575513 0.0392648287385
0 0.842407836728 0.0934017945724 0.0267246737104 0.0384294068505
0 0.376279806896 0.345281493821 0.0217526413922 0.0342522974102
0 0.328734747853 0.370344150462 0.0298321939093 0.0710108604845
0 0.233955381787 0.338180407772 0.0205096333126 0.0384294068505
0 0.143215791979 0.438848745283 0.0242386575513 0.0275689223058
0 0.301077818083 0.505682496327 0.0267246737104 0.0409356725146
0 0.375969054876 0.665665787889 0.0285891858297 0.0517961570593
0 0.147566320258 0.808105219802 0.0254816656308 0.0459482038429
0 0.123638414727 0.840686673436 0.0211311373524 0.0593149540518
0 0.274974648412 0.758815328407 0.0279676817899 0.0442773600668
0 0.0624202668085 0.547035879785 0.030453697949 0.046783625731
