0 0.4328125 0.759722222222 0.034375 0.125
0 0.302604166667 0.557407407407 0.0291666666667 0.062962962963
0 0.152083333333 0.638425925926 0.0375 0.106481481481
0 0.11640625 0.628240740741 0.0192708333333 0.0842592592593
0 0.375 0.146296296296 0.0354166666667 0.112962962963
0 0.123177083333 0.0949074074074 0.0348958333333 0.0824074074074
0 0.0986979166667 0.159259259259 0.0171875 0.0574074074074
0 0.11953125 0.158796296296 0.0255208333333 0.0546296296296
0 0.383854166667 0.256944444444 0.0239583333333 0.062037037037
0 0.0205729166667 0.184722222222 0.0255208333333 0.0472222222222
0 0.0395833333333 0.242592592593 0.0260416666667 0.05
