0 0.576822916667 0.266203703704 0.0151041666667 0.0398148148148
0 0.571875 0.234259259259 0.0166666666667 0.0351851851852
0 0.53046875 0.240740740741 0.0161458333333 0.0481481481481
0 0.5390625 0.500925925926 0.0145833333333 0.0388888888889
0 0.442447916667 0.564351851852 0.0161458333333 0.0490740740741
0 0.354427083333 0.61712962963 0.0161458333333 0.0490740740741
0 0.411979166667 0.577777777778 0.0114583333333 0.0277777777778
0 0.424739583333 0.597222222222 0.0161458333333 0.0296296296296
0 0.428645833333 0.289814814815 0.0114583333333 0.0259259259259
0 0.493489583333 0.262962962963 0.0130208333333 0.0314814814815
0 0.485416666667 0.426388888889 0.0145833333333 0.0268518518519
0 0.313541666667 0.334259259259 0.0145833333333 0.0333333333333
0 0.28671875 0.407407407407 0.0151041666667 0.0407407407407
0 0.199739583333 0.344444444444 0.0203125 0.0462962962963
0 0.261197916667 0.510185185185 0.0161458333333 0.037037037037
0 0.224739583333 0.544444444444 0.0161458333333 0.0407407407407
0 0.248958333333 0.562962962963 0.0145833333333 0.0444444444444
0 0.237239583333 0.59537037037 0.0130208333333 0.0185185185185
0 0.162239583333 0.55462962963 0.0161458333333 0.0425925925926
0 0.0682291666667 0.281944444444 0.0177083333333 0.0490740740741
0 0.0596354166667 0.325 0.0203125 0.0425925925926
0 0.0908854166667 0.624074074074 0.0182291666667 0.0425925925926
0 0.07109375 0.600462962963 0.0171875 0.0398148148148
0 0.0078125 0.539351851852 0.0125 0.0398148148148
0 0.0197916666667 0.551851851852 0.0125 0.0388888888889
0 0.0255208333333 0.3125 0.021875 0.0287037037037
