0 0.0995492623226 0.320818530071 0.0336749633968 0.0436456996149
0 0.234981180331 0.297711983216 0.0468521229868 0.0564826700899
0 0.346987036847 0.503745359339 0.0483162518302 0.0629011553273
0 0.289153947535 0.182821097465 0.0409956076135 0.0397946084724
0 0.303063171547 0.217480917748 0.0395314787701 0.0372272143774
0 0.388714708882 0.146877580135 0.0468521229868 0.0526315789474
0 0.406284255002 0.21106243251 0.0527086383602 0.0500641848524
0 0.567338427769 0.410677323396 0.0527086383602 0.0641848523748
0 0.726928471693 0.182821097465 0.0702781844802 0.0860077021823
0 0.746694211078 0.671267824038 0.0629575402635 0.0667522464698
