0 0.601906972819 0.423965534966 0.0161082474227 0.0282776349614
0 0.596752333644 0.446244883724 0.0161082474227 0.0231362467866
0 0.656675014056 0.429535372156 0.0173969072165 0.0291345329906
0 0.68502552952 0.365696468985 0.0212628865979 0.0385604113111
0 0.779419859417 0.386262021684 0.0244845360825 0.0248500428449
0 0.669561611995 0.244016948848 0.0225515463918 0.0437017994859
0 0.594819343953 0.248729888008 0.0199742268041 0.044558697515
0 0.570656972819 0.248301438994 0.0167525773196 0.0282776349614
0 0.514922436737 0.209741027683 0.0173969072165 0.031705227078
0 0.641211096531 0.11291155039 0.0186855670103 0.0265638389032
