0 0.0421875 0.0703703703704 0.0427083333333 0.0648148148148
0 0.0901041666667 0.126851851852 0.0364583333333 0.101851851852
0 0.135416666667 0.0402777777778 0.0375 0.0694444444444
0 0.225260416667 0.168055555556 0.0296875 0.0638888888889
0 0.355989583333 0.157407407407 0.0255208333333 0.0796296296296
0 0.46484375 0.143518518519 0.0244791666667 0.0518518518519
0 0.194010416667 0.357407407407 0.0338541666667 0.0722222222222
0 0.125 0.710648148148 0.0322916666667 0.0842592592593
0 0.209895833333 0.783333333333 0.040625 0.0925925925926
0 0.348177083333 0.624537037037 0.0265625 0.0787037037037
0 0.373177083333 0.589814814815 0.0265625 0.0388888888889
0 0.53984375 0.596759259259 0.0307291666667 0.0787037037037
0 0.51640625 0.156481481481 0.0348958333333 0.105555555556
0 0.6109375 0.0708333333333 0.0208333333333 0.0490740740741
0 0.583854166667 0.326388888889 0.0270833333333 0.0675925925926
0 0.663020833333 0.650462962963 0.0260416666667 0.0601851851852
0 0.787239583333 0.639814814815 0.0234375 0.0574074074074
0 0.816927083333 0.671759259259 0.0276041666667 0.0675925925926
0 0.90390625 0.618518518519 0.0317708333333 0.087037037037
0 0.7140625 0.168055555556 0.021875 0.0398148148148
0 0.811979166667 0.267592592593 0.03125 0.062962962963
0 0.87265625 0.24537037037 0.0213541666667 0.0462962962963
0 0.766666666667 0.343981481481 0.0291666666667 0.0805555555556
0 0.97421875 0.506944444444 0.0286458333333 0.0787037037037
0 0.805729166667 0.138888888889 0.021875 0.0518518518519
0 0.923697916667 0.390740740741 0.0223958333333 0.0518518518519
