0 0.146614583333 0.842592592593 0.0505208333333 0.144444444444
0 0.333072916667 0.469907407407 0.0588541666667 0.186111111111
0 0.370833333333 0.381944444444 0.0447916666667 0.106481481481
0 0.254166666667 0.745833333333 0.046875 0.0953703703704
0 0.494010416667 0.815277777778 0.0463541666667 0.125
0 0.490364583333 0.325462962963 0.0328125 0.062037037037
0 0.72734375 0.27962962963 0.0557291666667 0.12037037037
0 0.820833333333 0.744444444444 0.05 0.146296296296
0 0.898958333333 0.654166666667 0.0416666666667 0.0972222222222
0 0.880729166667 0.136574074074 0.034375 0.100925925926
0 0.8078125 0.125925925926 0.0364583333333 0.0907407407407
0 0.969270833333 0.581018518519 0.0333333333333 0.087962962963
