0 0.566308839812 0.266809876308 0.0562770562771 0.0923994038748
0 0.755342028845 0.111817327873 0.047619047619 0.080476900149
0 0.651445924949 0.120759205667 0.044733044733 0.0715350223547
0 0.651445924949 0.270535658722 0.041847041847 0.070044709389
0 0.37294664645 0.330893333834 0.0620490620491 0.101341281669
0 0.290695564199 0.646094526085 0.0505050505051 0.0730253353204
0 0.422008695512 0.61107217139 0.0505050505051 0.0774962742176
0 0.533119806623 0.713158609542 0.047619047619 0.0581222056632
0 0.657217930721 0.66323312519 0.047619047619 0.0745156482861
0 0.691128464632 0.699000636368 0.037518037518 0.0655737704918
0 0.158660932164 0.742964868856 0.0692640692641 0.0581222056632
0 0.101662375165 0.114052797321 0.0649350649351 0.0879284649776
