0 0.485527530934 0.4128670296 0.0135416666667 0.0296296296296
0 0.378235864268 0.613792955526 0.0229166666667 0.0518518518519
0 0.429017114268 0.320737399971 0.0203125 0.037962962963
0 0.371725447601 0.336015177748 0.0203125 0.05
0 0.294642114268 0.332311474045 0.0203125 0.037037037037
0 0.376152530934 0.289718881452 0.0208333333333 0.0259259259259
0 0.437871280934 0.431848511082 0.0140625 0.025
0 0.409746280934 0.443422585156 0.0192708333333 0.0388888888889
0 0.275371280934 0.728607770341 0.0192708333333 0.0407407407407
0 0.290996280934 0.593422585156 0.0213541666667 0.05
