0 0.905729166667 0.553240740741 0.0166666666667 0.0416666666667
0 0.8203125 0.593518518519 0.015625 0.0388888888889
0 0.783854166667 0.371759259259 0.0114583333333 0.025
0 0.704166666667 0.391666666667 0.0145833333333 0.0333333333333
0 0.68984375 0.369907407407 0.0119791666667 0.0268518518519
0 0.744270833333 0.508333333333 0.0135416666667 0.0296296296296
0 0.719791666667 0.52962962963 0.0125 0.0277777777778
0 0.735677083333 0.544444444444 0.0119791666667 0.0351851851852
0 0.762760416667 0.430555555556 0.0119791666667 0.0314814814815
0 0.634375 0.575 0.0104166666667 0.0259259259259
0 0.676041666667 0.534722222222 0.0114583333333 0.0324074074074
0 0.584375 0.527314814815 0.0125 0.0305555555556
0 0.620052083333 0.364814814815 0.00885416666667 0.0259259259259
0 0.611979166667 0.389351851852 0.0104166666667 0.0268518518519
0 0.545572916667 0.443518518519 0.00989583333333 0.0203703703704
0 0.521875 0.419444444444 0.0114583333333 0.0351851851852
0 0.49609375 0.373611111111 0.0078125 0.025
0 0.5078125 0.533333333333 0.0104166666667 0.0259259259259
0 0.531510416667 0.54537037037 0.0078125 0.0166666666667
0 0.546614583333 0.514814814815 0.00885416666667 0.0259259259259
0 0.891927083333 0.315740740741 0.0119791666667 0.0259259259259
0 0.963802083333 0.283796296296 0.0151041666667 0.0342592592593
0 0.886197916667 0.581018518519 0.0119791666667 0.0268518518519
0 0.874739583333 0.564351851852 0.0119791666667 0.025
