0 0.962739276865 0.75708636978 0.0427083333333 0.0990740740741
0 0.918728860199 0.243660443854 0.0505208333333 0.142592592593
0 0.635916360199 0.0751419253352 0.0380208333333 0.0925925925926
0 0.585395526865 0.245975258669 0.0453125 0.0953703703704
0 0.551541360199 0.557549332743 0.0432291666667 0.124074074074
0 0.452062193532 0.673753036446 0.0526041666667 0.143518518519
0 0.492947610199 0.71495674015 0.0375 0.12962962963
0 0.232010110199 0.683475258669 0.046875 0.131481481481
0 0.0312288601987 0.89458636978 0.0463541666667 0.101851851852
0 0.300239276865 0.0695863697797 0.0375 0.0833333333333
