0 0.786979166667 0.772685185185 0.05625 0.143518518519
0 0.73125 0.313425925926 0.05 0.14537037037
0 0.680729166667 0.716203703704 0.0322916666667 0.0898148148148
0 0.651822916667 0.633333333333 0.0213541666667 0.0555555555556
0 0.506510416667 0.663888888889 0.0182291666667 0.05
0 0.556770833333 0.302314814815 0.0208333333333 0.0527777777778
0 0.460416666667 0.339814814815 0.0145833333333 0.0333333333333
0 0.44921875 0.341666666667 0.0109375 0.0314814814815
0 0.58125 0.470833333333 0.0260416666667 0.0675925925926
0 0.6359375 0.0240740740741 0.0239583333333 0.0351851851852
