0 0.2046875 0.6625 0.0322916666667 0.075
0 0.184114583333 0.696296296296 0.0286458333333 0.0722222222222
0 0.248958333333 0.607407407407 0.0291666666667 0.0814814814815
0 0.179947916667 0.0333333333333 0.0286458333333 0.0537037037037
0 0.2453125 0.0347222222222 0.025 0.0546296296296
0 0.210416666667 0.0263888888889 0.0270833333333 0.0398148148148
0 0.227864583333 0.251388888889 0.0296875 0.0824074074074
0 0.3328125 0.247222222222 0.028125 0.0851851851852
0 0.394010416667 0.227777777778 0.0192708333333 0.0537037037037
0 0.397395833333 0.331944444444 0.025 0.0546296296296
0 0.327864583333 0.543055555556 0.0223958333333 0.0675925925926
0 0.374479166667 0.574537037037 0.01875 0.0583333333333
0 0.336979166667 0.583333333333 0.01875 0.05
0 0.50390625 0.267592592593 0.0192708333333 0.062962962963
0 0.527864583333 0.246759259259 0.0171875 0.0453703703704
0 0.557291666667 0.223611111111 0.0197916666667 0.0564814814815
0 0.699739583333 0.325 0.0140625 0.0277777777778
0 0.605208333333 0.419444444444 0.0166666666667 0.0444444444444
0 0.474739583333 0.620833333333 0.0213541666667 0.0342592592593
0 0.496354166667 0.593981481481 0.0166666666667 0.0435185185185
0 0.524479166667 0.626851851852 0.01875 0.0537037037037
0 0.58515625 0.584259259259 0.0192708333333 0.0444444444444
0 0.6140625 0.649537037037 0.0197916666667 0.0472222222222
0 0.739322916667 0.346296296296 0.0151041666667 0.0444444444444
0 0.656770833333 0.543981481481 0.0145833333333 0.0231481481481
0 0.691666666667 0.596296296296 0.0135416666667 0.0388888888889
0 0.806770833333 0.550462962963 0.0135416666667 0.0361111111111
0 0.73046875 0.539351851852 0.0140625 0.0324074074074
0 0.859635416667 0.332407407407 0.0119791666667 0.0277777777778
0 0.837760416667 0.311574074074 0.0151041666667 0.0324074074074
0 0.569010416667 0.570833333333 0.0119791666667 0.0212962962963
