0 0.0715059588299 0.307443365696 0.0314192849404 0.0906148867314
0 0.143553629469 0.379180151025 0.0314192849404 0.0938511326861
0 0.0604008667389 0.688241639698 0.0297941495125 0.084142394822
0 0.173347778982 0.768608414239 0.0260021668472 0.0895361380798
0 0.289815817985 0.122437971953 0.0270855904659 0.0765911542611
0 0.343986998917 0.173678532902 0.0292524377031 0.114347357066
0 0.356446370531 0.0474649406688 0.032502708559 0.0862998921251
0 0.493499458288 0.0604099244876 0.0281690140845 0.0927723840345
0 0.268147345612 0.663430420712 0.0292524377031 0.0884573894283
0 0.363217768147 0.824163969795 0.0265438786566 0.0884573894283
0 0.394095341278 0.93473570658 0.0362946912243 0.121898597627
0 0.56338028169 0.757281553398 0.0465872156013 0.1380798274
0 0.5988624052 0.0749730312837 0.0362946912243 0.11758360302
0 0.97210184182 0.193635382956 0.0373781148429 0.0960086299892
0 0.826381365114 0.766450916936 0.0427952329361 0.162891046386
0 0.857258938245 0.781553398058 0.0297941495125 0.165048543689
0 0.865384615385 0.862998921251 0.0352112676056 0.127292340885
0 0.963163596966 0.61003236246 0.0509209100758 0.12405609493
