0 0.756078009934 0.260694609963 0.0144451739987 0.0327022375215
0 0.708802895029 0.231004420634 0.0144451739987 0.0318416523236
0 0.710116092665 0.318353818225 0.0157583716349 0.0361445783133
0 0.64544110908 0.239179980015 0.0190413657255 0.0327022375215
0 0.594883000085 0.300281529068 0.0177281680893 0.0344234079174
0 0.523642028319 0.345031959361 0.0196979645437 0.0413080895009
0 0.565992652088 0.59546225196 0.0177281680893 0.0413080895009
0 0.721278272574 0.480574128035 0.0170715692712 0.0335628227194
0 0.693372822803 0.500797880187 0.0164149704531 0.0309810671256
0 0.528566519455 0.519300461943 0.0177281680893 0.026678141136
0 0.469800925233 0.342019911168 0.0183847669074 0.0370051635112
0 0.456340649461 0.378164489481 0.0177281680893 0.0421686746988
0 0.464876434097 0.523603387932 0.0203545633618 0.0387263339071
0 0.493766782094 0.644085315643 0.0164149704531 0.0318416523236
0 0.494423380912 0.598044007554 0.0203545633618 0.039586919105
0 0.428435199691 0.668181701185 0.0275771503611 0.0542168674699
0 0.3345415687 0.519730754541 0.0262639527249 0.0499139414802
0 0.360148922606 0.358371029929 0.0249507550886 0.0490533562823
0 0.273477878614 0.767579291547 0.0302035456336 0.0516351118761
0 0.255421411116 0.570074988621 0.0242941562705 0.0318416523236
0 0.245244129435 0.665169652992 0.0196979645437 0.039586919105
0 0.806636118929 0.443999257123 0.0144451739987 0.0223752151463
0 0.767240189842 0.486598224421 0.0131319763624 0.0283993115318
