0 0.928143712575 0.450932684509 0.0335329341317 0.0681265206813
0 0.770658682635 0.479724249797 0.014371257485 0.0267639902676
0 0.86497005988 0.26399026764 0.0341317365269 0.0624493106245
0 0.771856287425 0.273722627737 0.0179640718563 0.036496350365
0 0.882934131737 0.424168694242 0.0173652694611 0.029197080292
0 0.896107784431 0.455393349554 0.0209580838323 0.0397404703974
0 0.87994011976 0.448905109489 0.011377245509 0.0300081103001
0 0.816167664671 0.448905109489 0.0107784431138 0.0267639902676
0 0.700898203593 0.323600973236 0.011377245509 0.0178426601784
0 0.691616766467 0.32603406326 0.00838323353293 0.0162206001622
