0 0.945971267958 0.481063364894 0.0655840099938 0.0779315367808
0 0.628044971893 0.375091041515 0.0455965021861 0.0903131828114
0 0.648657089319 0.300072833212 0.0405996252342 0.0553532410779
0 0.706745783885 0.508375819374 0.0331043098064 0.0480699198835
0 0.668019987508 0.568827385288 0.0331043098064 0.0670065549891
0 0.382261086821 0.327385287691 0.0299812617114 0.0487982520029
0 0.250468457214 0.400218499636 0.0237351655215 0.0371449380918
0 0.222673329169 0.477785870357 0.0256089943785 0.0378732702112
0 0.193316677077 0.506554989075 0.0193628981886 0.0327749453751
0 0.329793878826 0.603787327021 0.0212367270456 0.0378732702112
