0 0.123697916667 0.703703703704 0.0255208333333 0.0592592592593
0 0.162760416667 0.282407407407 0.0286458333333 0.0759259259259
0 0.0130208333333 0.214814814815 0.021875 0.0425925925926
0 0.2921875 0.175925925926 0.021875 0.0444444444444
0 0.344010416667 0.222685185185 0.0244791666667 0.0601851851852
0 0.336979166667 0.1 0.021875 0.0555555555556
0 0.14765625 0.160185185185 0.0192708333333 0.0296296296296
0 0.43515625 0.408333333333 0.0192708333333 0.0388888888889
0 0.3203125 0.486574074074 0.025 0.0768518518519
0 0.3171875 0.62037037037 0.0208333333333 0.0518518518519
0 0.275 0.665277777778 0.021875 0.0638888888889
0 0.4125 0.661574074074 0.025 0.0601851851852
0 0.07734375 0.45 0.0276041666667 0.0555555555556
0 0.06875 0.398148148148 0.0229166666667 0.0444444444444
0 0.576302083333 0.175925925926 0.0265625 0.0740740740741
0 0.5171875 0.389814814815 0.025 0.0796296296296
0 0.56953125 0.645833333333 0.0265625 0.0824074074074
0 0.625260416667 0.6625 0.0182291666667 0.0490740740741
0 0.634895833333 0.468981481481 0.021875 0.0583333333333
0 0.641145833333 0.597222222222 0.0208333333333 0.0611111111111
0 0.666145833333 0.244907407407 0.021875 0.0675925925926
0 0.68671875 0.196759259259 0.0213541666667 0.0657407407407
0 0.751822916667 0.222222222222 0.0244791666667 0.0722222222222
0 0.701822916667 0.5 0.0192708333333 0.037037037037
0 0.721875 0.646759259259 0.0239583333333 0.0731481481481
0 0.864583333333 0.19212962963 0.0239583333333 0.0805555555556
0 0.963020833333 0.0967592592593 0.034375 0.0657407407407
0 0.934375 0.592592592593 0.0291666666667 0.0462962962963
0 0.979166666667 0.5875 0.0239583333333 0.0416666666667
