0 0.0680403226936 0.398113926652 0.0394648829431 0.0607902735562
0 0.067705874533 0.598721829387 0.0334448160535 0.0851063829787
0 0.201819586908 0.66913722959 0.0260869565217 0.0455927051672
0 0.169043667175 0.225368232629 0.0274247491639 0.0455927051672
0 0.215197513329 0.254750198182 0.0207357859532 0.0354609929078
0 0.30984634276 0.237019701728 0.01872909699 0.0405268490375
0 0.323224269182 0.329724868901 0.0227424749164 0.0536980749747
0 0.413525272526 0.40976539575 0.01872909699 0.0455927051672
0 0.460013566841 0.478661039114 0.019397993311 0.047619047619
0 0.330247680553 0.610373298486 0.0207357859532 0.047619047619
0 0.356334637075 0.624557695649 0.0207357859532 0.0496453900709
0 0.4095118946 0.565287178931 0.0200668896321 0.0567375886525
0 0.287772764165 0.699025780755 0.01872909699 0.0547112462006
0 0.462354703964 0.204598222498 0.01872909699 0.0526849037487
0 0.494127279215 0.215743105983 0.0167224080268 0.0425531914894
0 0.508508550118 0.240059215406 0.0147157190635 0.0344478216819
