0 0.62893081761 0.303014553015 0.0181691125087 0.0426195426195
0 0.611460517121 0.279625779626 0.0223619846261 0.0561330561331
0 0.575821104123 0.275987525988 0.0223619846261 0.0571725571726
0 0.408805031447 0.345634095634 0.0223619846261 0.0426195426195
0 0.536687631027 0.511434511435 0.020964360587 0.045738045738
0 0.590845562544 0.580561330561 0.0188679245283 0.0530145530146
0 0.546470999301 0.682952182952 0.0237596086653 0.0582120582121
0 0.493011879804 0.754158004158 0.0244584206848 0.0530145530146
0 0.462264150943 0.742723492723 0.0230607966457 0.0405405405405
0 0.430817610063 0.440228690229 0.025856044724 0.0613305613306
0 0.261355695318 0.357588357588 0.0293501048218 0.049896049896
0 0.172257162823 0.560810810811 0.0384346610762 0.0675675675676
0 0.190076869322 0.77130977131 0.0363382250175 0.0914760914761
0 0.124039133473 0.861746361746 0.0510132774284 0.0727650727651
0 0.153738644305 0.91683991684 0.0321453529001 0.047817047817
0 0.332285115304 0.824324324324 0.0286512928022 0.045738045738
0 0.176450034941 0.305093555094 0.0300489168414 0.0384615384615
0 0.312718378756 0.378378378378 0.0230607966457 0.031185031185
0 0.605870020964 0.570686070686 0.0139762403913 0.029106029106
