0 0.589879154079 0.377537212449 0.0377643504532 0.110960757781
0 0.460347432024 0.184709066306 0.0324773413897 0.0960757780785
0 0.53247734139 0.198240866035 0.0302114803625 0.085250338295
0 0.530211480363 0.379566982409 0.0287009063444 0.0825439783491
0 0.723942598187 0.459404600812 0.0430513595166 0.120433017591
0 0.776812688822 0.843707713126 0.0339879154079 0.0879566982409
0 0.68580060423 0.797699594046 0.0347432024169 0.0906630581867
0 0.606873111782 0.918809201624 0.0324773413897 0.0676589986468
0 0.520770392749 0.854533152909 0.0324773413897 0.0879566982409
0 0.496601208459 0.89648173207 0.0249244712991 0.0771312584574
0 0.867824773414 0.964140730717 0.0468277945619 0.0690121786198
0 0.916540785498 0.204330175913 0.0445619335347 0.105548037889
