0 0.744270833333 0.177777777778 0.0354166666667 0.0888888888889
0 0.769791666667 0.593981481481 0.0333333333333 0.0898148148148
0 0.488020833333 0.715277777778 0.025 0.0694444444444
0 0.128125 0.580555555556 0.021875 0.0592592592593
0 0.122135416667 0.612037037037 0.0192708333333 0.0351851851852
0 0.19609375 0.613888888889 0.0192708333333 0.037037037037
0 0.236197916667 0.537037037037 0.0213541666667 0.0592592592593
0 0.280989583333 0.618518518519 0.0223958333333 0.037037037037
0 0.334114583333 0.562037037037 0.0244791666667 0.0685185185185
0 0.430208333333 0.655092592593 0.021875 0.0657407407407
0 0.1578125 0.29212962963 0.0260416666667 0.0657407407407
0 0.231510416667 0.351388888889 0.0244791666667 0.0657407407407
0 0.08359375 0.15 0.0265625 0.0592592592593
0 0.381770833333 0.197685185185 0.021875 0.0416666666667
0 0.407291666667 0.228240740741 0.021875 0.0712962962963
0 0.437239583333 0.146759259259 0.0244791666667 0.0768518518519
0 0.59140625 0.604166666667 0.0192708333333 0.0601851851852
0 0.61328125 0.575462962963 0.0223958333333 0.0342592592593
0 0.4765625 0.391666666667 0.0229166666667 0.0537037037037
0 0.599479166667 0.198611111111 0.0229166666667 0.0731481481481
0 0.694270833333 0.174074074074 0.0229166666667 0.0462962962963
0 0.864322916667 0.0435185185185 0.0265625 0.05
0 0.820052083333 0.318055555556 0.0171875 0.0527777777778
0 0.834635416667 0.32962962963 0.0171875 0.05
0 0.923958333333 0.660648148148 0.021875 0.0601851851852
0 0.496614583333 0.236111111111 0.0223958333333 0.0537037037037
