0 0.732552083333 0.248611111111 0.0140625 0.037962962963
0 0.72734375 0.219907407407 0.0182291666667 0.0398148148148
0 0.680989583333 0.231481481481 0.0182291666667 0.0481481481481
0 0.640625 0.25462962963 0.0145833333333 0.0333333333333
0 0.689322916667 0.501851851852 0.0161458333333 0.0462962962963
0 0.5875 0.561574074074 0.015625 0.0435185185185
0 0.56640625 0.593981481481 0.0119791666667 0.0324074074074
0 0.55625 0.575925925926 0.0125 0.0277777777778
0 0.502083333333 0.613888888889 0.0145833333333 0.0407407407407
0 0.47265625 0.573611111111 0.00989583333333 0.0231481481481
0 0.63125 0.42962962963 0.0166666666667 0.0351851851852
0 0.566927083333 0.3625 0.0151041666667 0.0361111111111
0 0.709114583333 0.346759259259 0.0151041666667 0.0268518518519
0 0.636458333333 0.337962962963 0.0125 0.0277777777778
0 0.572135416667 0.287962962963 0.0130208333333 0.0296296296296
0 0.4625 0.341203703704 0.0135416666667 0.0287037037037
0 0.36484375 0.356481481481 0.0171875 0.0444444444444
0 0.43828125 0.412037037037 0.0140625 0.0351851851852
0 0.415625 0.511111111111 0.015625 0.0388888888889
0 0.38515625 0.540740740741 0.0151041666667 0.0388888888889
0 0.395572916667 0.590277777778 0.0130208333333 0.0231481481481
0 0.405208333333 0.556481481481 0.0135416666667 0.0407407407407
0 0.275260416667 0.610185185185 0.0151041666667 0.037037037037
0 0.25859375 0.586574074074 0.0140625 0.0361111111111
0 0.210416666667 0.533796296296 0.0135416666667 0.0324074074074
0 0.198958333333 0.541203703704 0.0125 0.0324074074074
0 0.1734375 0.563888888889 0.0135416666667 0.0222222222222
0 0.130208333333 0.568518518519 0.0145833333333 0.0222222222222
0 0.153645833333 0.518981481481 0.0145833333333 0.0342592592593
0 0.0893229166667 0.543981481481 0.0151041666667 0.0287037037037
0 0.08515625 0.564351851852 0.0119791666667 0.0175925925926
0 0.331770833333 0.547685185185 0.0135416666667 0.0453703703704
0 0.147916666667 0.416666666667 0.0145833333333 0.0351851851852
0 0.106510416667 0.383333333333 0.0151041666667 0.037037037037
0 0.06328125 0.303703703704 0.0161458333333 0.0296296296296
0 0.249479166667 0.346759259259 0.0125 0.0398148148148
0 0.257552083333 0.309722222222 0.0151041666667 0.0398148148148
0 0.352604166667 0.325 0.0125 0.0222222222222
