0 0.850691915513 0.114516129032 0.040786598689 0.0870967741935
0 0.811361981063 0.094623655914 0.0349599417334 0.0559139784946
0 0.735615440641 0.191935483871 0.0291332847779 0.0612903225806
0 0.609978150036 0.387634408602 0.0269482884195 0.0612903225806
0 0.524034959942 0.36935483871 0.0269482884195 0.0612903225806
0 0.438091769847 0.286559139785 0.0225782957028 0.0483870967742
0 0.628914785142 0.572580645161 0.0254916241806 0.0591397849462
0 0.590313182811 0.650537634409 0.0225782957028 0.0430107526882
0 0.717771303714 0.639784946237 0.0313182811362 0.0408602150538
0 0.76256372906 0.568279569892 0.0349599417334 0.0741935483871
0 0.522942461763 0.633870967742 0.0189366351056 0.0440860215054
0 0.520757465404 0.666666666667 0.0218499635834 0.0387096774194
0 0.968317552804 0.652688172043 0.0327749453751 0.0795698924731
