0 0.949781659389 0.516375545852 0.0330630068621 0.0327510917031
0 0.899875233936 0.52037845706 0.0280723643169 0.0509461426492
0 0.886462882096 0.454512372635 0.0286961946351 0.0356622998544
0 0.787585776669 0.472707423581 0.0230817217717 0.0327510917031
0 0.691203992514 0.401746724891 0.0199625701809 0.0407569141194
0 0.611977542109 0.339883551674 0.0187149095446 0.0262008733624
0 0.765439800374 0.582605531295 0.0262008733624 0.0371179039301
0 0.731752963194 0.792940320233 0.0249532127261 0.0429403202329
0 0.650031191516 0.786026200873 0.0311915159077 0.0465793304221
0 0.583593262633 0.637918486172 0.0205864004991 0.0400291120815
0 0.572988147224 0.607714701601 0.0205864004991 0.0203784570597
0 0.445414847162 0.527292576419 0.0237055520898 0.0400291120815
0 0.569868995633 0.320596797671 0.0268247036806 0.0531295487627
0 0.519026824704 0.230349344978 0.016219588272 0.0254730713246
0 0.477542108546 0.370815138282 0.0205864004991 0.0342066957787
0 0.339051777916 0.491994177584 0.0205864004991 0.0305676855895
0 0.247660636307 0.424308588064 0.0187149095446 0.0291120815138
0 0.217404865876 0.425400291121 0.0218340611354 0.0342066957787
0 0.164379288833 0.355167394469 0.024329382408 0.0436681222707
0 0.417342482845 0.227074235808 0.0174672489083 0.0203784570597
0 0.319089207735 0.227074235808 0.024329382408 0.0320232896652
0 0.278540237056 0.185589519651 0.0168434185901 0.0232896652111
0 0.334996880848 0.287481804949 0.0224578914535 0.0407569141194
0 0.138178415471 0.264556040757 0.0218340611354 0.0400291120815
0 0.354959451029 0.166302765648 0.0174672489083 0.0269286754003
0 0.204616344354 0.232168850073 0.0174672489083 0.0262008733624
