0 0.215289720886 0.281777795165 0.0328490208465 0.0434462444772
0 0.35837247515 0.257109164827 0.0233733417562 0.0309278350515
0 0.137589152345 0.397020799584 0.0277953253316 0.0559646539028
0 0.210236025371 0.528464098553 0.0252684775742 0.0287187039764
0 0.327418590121 0.584796940968 0.0157927984839 0.0279823269514
0 0.342579676666 0.610570136844 0.01958307012 0.0324005891016
0 0.403539878814 0.614988398995 0.017687934302 0.0353460972018
0 0.473659904082 0.599892669981 0.0189513581807 0.0301914580265
0 0.45597196978 0.360201948332 0.017687934302 0.0250368188513
0 0.581050933773 0.447462625799 0.0164245104232 0.0331369661267
0 0.600634003893 0.473604010188 0.0151610865445 0.0294550810015
0 0.602844995681 0.497904452014 0.0132659507265 0.0265095729013
0 0.430703492206 0.420953052897 0.0202147820594 0.0360824742268
0 0.466711072749 0.52956866409 0.0151610865445 0.0279823269514
0 0.380482393027 0.304973671454 0.0170562223626 0.0265095729013
0 0.261720548428 0.604679120644 0.0183196462413 0.0368188512518
