0 0.743697478992 0.153903345725 0.0240096038415 0.0342007434944
0 0.651260504202 0.134200743494 0.0204081632653 0.0438661710037
0 0.576830732293 0.222676579926 0.0192076830732 0.0423791821561
0 0.635954381753 0.248327137546 0.0234093637455 0.0416356877323
0 0.661764705882 0.413382899628 0.0210084033613 0.0401486988848
0 0.532713085234 0.295910780669 0.0186074429772 0.0282527881041
0 0.471488595438 0.376951672862 0.0186074429772 0.0371747211896
0 0.366446578631 0.383271375465 0.016206482593 0.031970260223
0 0.335834333733 0.433457249071 0.0174069627851 0.0297397769517
0 0.457983193277 0.442379182156 0.015606242497 0.0342007434944
0 0.568727490996 0.392936802974 0.0186074429772 0.0379182156134
0 0.567827130852 0.51970260223 0.0180072028812 0.0401486988848
0 0.543517406963 0.563940520446 0.0186074429772 0.0364312267658
0 0.491596638655 0.604832713755 0.0168067226891 0.0349442379182
0 0.527611044418 0.597397769517 0.0216086434574 0.0230483271375
0 0.443577430972 0.597026022305 0.0168067226891 0.0282527881041
0 0.364645858343 0.559107806691 0.0198079231693 0.0490706319703
0 0.362545018007 0.662081784387 0.0168067226891 0.0289962825279
0 0.37725090036 0.640148698885 0.016206482593 0.0208178438662
0 0.237695078031 0.465427509294 0.0144057623049 0.0282527881041
0 0.198379351741 0.498141263941 0.016206482593 0.0312267657993
0 0.182172869148 0.542379182156 0.016206482593 0.0230483271375
0 0.236794717887 0.585873605948 0.0210084033613 0.0312267657993
0 0.147659063625 0.560966542751 0.0168067226891 0.0289962825279
0 0.139255702281 0.637546468401 0.0144057623049 0.0245353159851
0 0.197178871549 0.726394052045 0.0174069627851 0.0297397769517
0 0.245198079232 0.711152416357 0.0186074429772 0.0379182156134
0 0.22569027611 0.724163568773 0.015606242497 0.0312267657993
0 0.0828331332533 0.582899628253 0.0180072028812 0.0267657992565
