0 0.263108517487 0.236538510669 0.0139593908629 0.0413306451613
0 0.280557756066 0.151861091315 0.0247461928934 0.0514112903226
0 0.349402933731 0.279381252605 0.0190355329949 0.0483870967742
0 0.305303948959 0.276861091315 0.0184010152284 0.0473790322581
0 0.312283644391 0.16345383325 0.0158629441624 0.0262096774194
0 0.420786182462 0.264764317121 0.0133248730964 0.0332661290323
0 0.507080598705 0.291982059056 0.0120558375635 0.0352822580645
0 0.515646588553 0.282405446153 0.011421319797 0.0262096774194
0 0.548006994644 0.266276413895 0.0164974619289 0.0403225806452
0 0.40016435505 0.331296575185 0.0177664974619 0.0352822580645
0 0.286902933731 0.470913510669 0.0171319796954 0.0403225806452
0 0.357334405812 0.450248188089 0.0145939086294 0.0433467741935
0 0.377321715457 0.472929639702 0.0152284263959 0.0322580645161
0 0.406509532715 0.480490123573 0.0139593908629 0.039314516129
0 0.443628822056 0.513252220347 0.0158629441624 0.0241935483871
0 0.510253187538 0.535429639702 0.0133248730964 0.0362903225806
0 0.317042527639 0.504179639702 0.0152284263959 0.0302419354839
0 0.260570446421 0.517788510669 0.0177664974619 0.0352822580645
0 0.26342577637 0.48905867196 0.0184010152284 0.0322580645161
0 0.602892781446 0.314663510669 0.0120558375635 0.0342741935484
0 0.683159278908 0.344905446153 0.011421319797 0.0181451612903
0 0.7136161317 0.363554639702 0.0139593908629 0.0332661290323
0 0.718057756066 0.299038510669 0.011421319797 0.0171370967742
0 0.575608517487 0.406397381637 0.0145939086294 0.0262096774194
0 0.616217654543 0.516276413895 0.0133248730964 0.0302419354839
0 0.631446080939 0.503171575185 0.0120558375635 0.0161290322581
0 0.561331867741 0.515268349379 0.0126903553299 0.0302419354839
0 0.572753187538 0.564159478411 0.0139593908629 0.0332661290323
0 0.674593289061 0.55155867196 0.0120558375635 0.0262096774194
0 0.704415624086 0.511740123573 0.0120558375635 0.0272177419355
0 0.730430852512 0.547022381637 0.0120558375635 0.0211693548387
0 0.789123745913 0.563655446153 0.0139593908629 0.0282258064516
0 0.826243035254 0.542990123573 0.0145939086294 0.0332661290323
0 0.775798872817 0.549038510669 0.011421319797 0.0252016129032
0 0.796420700228 0.400853026798 0.0133248730964 0.0292338709677
0 0.85321004033 0.508211897766 0.0126903553299 0.0302419354839
0 0.891915624086 0.342385284863 0.0126903553299 0.0352822580645
0 0.911585674847 0.346921575185 0.0139593908629 0.0282258064516
0 0.919834405812 0.365570768734 0.0126903553299 0.0272177419355
0 0.867803948959 0.506195768734 0.010152284264 0.0262096774194
0 0.565773492106 0.439159478411 0.010152284264 0.0151209677419
0 0.448070446421 0.27282883325 0.0133248730964 0.0332661290323
