0 0.261363636364 0.151079136691 0.0265151515152 0.0503597122302
0 0.309659090909 0.272482014388 0.0258838383838 0.0557553956835
0 0.36773989899 0.33678057554 0.0258838383838 0.0530575539568
0 0.411931818182 0.199190647482 0.022095959596 0.0386690647482
0 0.491477272727 0.277428057554 0.0195707070707 0.0422661870504
0 0.536616161616 0.25404676259 0.020202020202 0.0404676258993
0 0.55523989899 0.287769784173 0.0258838383838 0.0593525179856
0 0.604166666667 0.223471223022 0.0277777777778 0.0692446043165
0 0.766414141414 0.318794964029 0.0239898989899 0.0620503597122
0 0.61773989899 0.44559352518 0.0271464646465 0.0548561151079
0 0.248106060606 0.477967625899 0.0189393939394 0.0368705035971
0 0.238320707071 0.504496402878 0.0208333333333 0.0305755395683
0 0.302398989899 0.527428057554 0.0176767676768 0.033273381295
0 0.347537878788 0.479316546763 0.0208333333333 0.044964028777
0 0.43529040404 0.531025179856 0.0208333333333 0.0530575539568
0 0.381313131313 0.560251798561 0.0214646464646 0.0269784172662
0 0.52178030303 0.64118705036 0.0258838383838 0.0593525179856
0 0.584911616162 0.726169064748 0.0258838383838 0.0602517985612
0 0.719381313131 0.67131294964 0.0284090909091 0.0602517985612
0 0.751262626263 0.653776978417 0.0265151515152 0.0305755395683
0 0.925505050505 0.317895683453 0.030303030303 0.0440647482014
