0 0.663817710663 0.312904810954 0.0194239785666 0.0643015521064
0 0.643723939732 0.412683081464 0.0167448091092 0.0443458980044
0 0.581768146028 0.41878064244 0.020093770931 0.0543237250554
0 0.609229632967 0.434301706741 0.0174146014735 0.0410199556541
0 0.639705185546 0.316785077029 0.0167448091092 0.0432372505543
0 0.447809673155 0.353370442883 0.020093770931 0.0454545454545
0 0.514119117227 0.459800598094 0.0187541862023 0.0454545454545
0 0.617602037522 0.663791728914 0.0194239785666 0.0454545454545
0 0.635016638995 0.692616562617 0.0194239785666 0.0432372505543
0 0.538566538527 0.620000154635 0.0180843938379 0.0465631929047
0 0.576409807113 0.690399267717 0.0174146014735 0.0388026607539
0 0.503402439397 0.642173103637 0.0174146014735 0.0465631929047
0 0.436423202961 0.67654117459 0.020093770931 0.0266075388027
0 0.622290584072 0.302926983903 0.0154052243804 0.0332594235033
0 0.362411146698 0.31900237193 0.0167448091092 0.0321507760532
0 0.366764797066 0.348935853083 0.0187541862023 0.0476718403548
0 0.308157965184 0.27299350275 0.0247823174816 0.059866962306
0 0.237159974561 0.463680864169 0.0261219022103 0.039911308204
0 0.323898085747 0.694833857517 0.0227729403885 0.0543237250554
0 0.239504247837 0.649379312063 0.0227729403885 0.0609756097561
0 0.21237765708 0.729756252196 0.027461486939 0.059866962306
0 0.185585962505 0.300155365278 0.0247823174816 0.0609756097561
0 0.125304649712 0.631086629136 0.0247823174816 0.0509977827051
0 0.531868614883 0.286297272151 0.012726054923 0.0332594235033
