0 0.0549479166667 0.290277777778 0.0421875 0.0768518518519
0 0.0330729166667 0.539814814815 0.0359375 0.107407407407
0 0.16796875 0.666666666667 0.0276041666667 0.0574074074074
0 0.18125 0.10462962963 0.0291666666667 0.0574074074074
0 0.227083333333 0.154166666667 0.021875 0.0435185185185
0 0.329427083333 0.159722222222 0.0192708333333 0.0509259259259
0 0.333333333333 0.27962962963 0.0239583333333 0.0666666666667
0 0.420833333333 0.406018518519 0.0197916666667 0.0564814814815
0 0.462760416667 0.505092592593 0.0203125 0.0583333333333
0 0.3109375 0.631481481481 0.021875 0.0592592592593
0 0.33671875 0.656481481481 0.0213541666667 0.0611111111111
0 0.399739583333 0.598148148148 0.0213541666667 0.0703703703704
0 0.255729166667 0.72962962963 0.0197916666667 0.0685185185185
0 0.495052083333 0.164351851852 0.0192708333333 0.0657407407407
0 0.52734375 0.187037037037 0.0171875 0.0537037037037
0 0.540104166667 0.221296296296 0.015625 0.0425925925926
