0 0.113738687952 0.274716226219 0.0291666666667 0.0592592592593
0 0.202280354618 0.168697707701 0.025 0.0787037037037
0 0.313478271285 0.239068078071 0.0234375 0.075
0 0.261394937952 0.326568078071 0.0286458333333 0.0740740740741
0 0.297072021285 0.595086596589 0.0260416666667 0.0703703703704
0 0.387176187952 0.311753263256 0.0229166666667 0.05
0 0.481707437952 0.382586596589 0.0223958333333 0.0657407407407
0 0.593686604618 0.303882892886 0.0192708333333 0.0564814814815
0 0.644467854618 0.353419929923 0.0208333333333 0.0518518518519
0 0.520509521285 0.468697707701 0.01875 0.0601851851852
0 0.386394937952 0.486753263256 0.0223958333333 0.0666666666667
0 0.435353271285 0.676105115108 0.0213541666667 0.0712962962963
0 0.477540771285 0.722401411404 0.0223958333333 0.0638888888889
0 0.547072021285 0.739994003997 0.0197916666667 0.062037037037
0 0.506447021285 0.758975485478 0.0260416666667 0.0388888888889
0 0.593947021285 0.688142152145 0.0208333333333 0.0490740740741
0 0.661915771285 0.56545696696 0.0244791666667 0.087037037037
0 0.703061604618 0.718234744738 0.0203125 0.05
0 0.679363687952 0.697401411404 0.0197916666667 0.0361111111111
0 0.759051187952 0.319623633626 0.0177083333333 0.0490740740741
0 0.812436604618 0.336290300293 0.0192708333333 0.0546296296296
0 0.846290771285 0.389068078071 0.0192708333333 0.0398148148148
0 0.805144937952 0.499253263256 0.0255208333333 0.0546296296296
0 0.888999104618 0.388142152145 0.0203125 0.0509259259259
0 0.927019937952 0.495549559552 0.0171875 0.0435185185185
0 0.899936604618 0.677031041034 0.0213541666667 0.0527777777778
0 0.844207437952 0.694160670664 0.0223958333333 0.0666666666667
0 0.869467854618 0.697401411404 0.01875 0.0546296296296
0 0.965040771285 0.366845855849 0.0213541666667 0.0472222222222
