0 0.444376152428 0.0892655367232 0.0233558696988 0.0723163841808
0 0.5098340504 0.0677966101695 0.0264290104487 0.0881355932203
0 0.484326982176 0.289265536723 0.0245851259988 0.0790960451977
0 0.39704978488 0.229943502825 0.0159803318992 0.0666666666667
0 0.595267363245 0.281920903955 0.0227412415489 0.0757062146893
0 0.639213275968 0.365536723164 0.0233558696988 0.0666666666667
0 0.579594345421 0.606214689266 0.019668100799 0.0576271186441
0 0.526121696374 0.629943502825 0.0233558696988 0.064406779661
0 0.486478180701 0.679661016949 0.0227412415489 0.0734463276836
0 0.455439459127 0.702259887006 0.0245851259988 0.0779661016949
0 0.735402581438 0.668926553672 0.019053472649 0.0610169491525
0 0.710202827289 0.65197740113 0.0227412415489 0.0429378531073
0 0.640135218193 0.577401129944 0.0215119852489 0.0723163841808
0 0.749846342963 0.250847457627 0.0221266133989 0.0429378531073
0 0.775660725261 0.219209039548 0.0221266133989 0.0497175141243
0 0.830362630608 0.442372881356 0.0233558696988 0.0395480225989
0 0.802397049785 0.620903954802 0.0215119852489 0.0508474576271
0 0.841118623233 0.696610169492 0.0251997541487 0.0576271186441
0 0.920405654579 0.642372881356 0.0178242163491 0.0485875706215
0 0.937307928703 0.319209039548 0.0184388444991 0.0305084745763
0 0.989551321451 0.348587570621 0.0184388444991 0.0485875706215
0 0.884449907806 0.578531073446 0.0159803318992 0.0248587570621
0 0.760909649662 0.316949152542 0.0184388444991 0.0440677966102
