0 0.890460526316 0.34352189781 0.0375 0.0483576642336
0 0.847368421053 0.36496350365 0.0315789473684 0.0675182481752
0 0.821381578947 0.289689781022 0.0361842105263 0.0574817518248
0 0.889144736842 0.705748175182 0.0388157894737 0.0611313868613
0 0.746052631579 0.738594890511 0.0289473684211 0.0629562043796
0 0.666118421053 0.760948905109 0.0322368421053 0.0620437956204
0 0.732236842105 0.349908759124 0.0276315789474 0.0465328467153
0 0.625328947368 0.296076642336 0.0230263157895 0.0574817518248
0 0.702302631579 0.29151459854 0.0256578947368 0.0501824817518
0 0.532236842105 0.246350364964 0.0223684210526 0.0383211678832
0 0.483881578947 0.236770072993 0.0309210526316 0.0684306569343
0 0.413815789474 0.143248175182 0.0223684210526 0.036496350365
0 0.404934210526 0.330748175182 0.0243421052632 0.0556569343066
0 0.306578947368 0.170620437956 0.0236842105263 0.0328467153285
0 0.223684210526 0.116332116788 0.0236842105263 0.0392335766423
0 0.201644736842 0.205748175182 0.0322368421053 0.0520072992701
0 0.231907894737 0.276916058394 0.0269736842105 0.0556569343066
0 0.144407894737 0.168795620438 0.0243421052632 0.0346715328467
0 0.405263157895 0.244069343066 0.0184210526316 0.0447080291971
0 0.355592105263 0.170164233577 0.0164473684211 0.0410583941606
0 0.732894736842 0.484945255474 0.0315789473684 0.0574817518248
0 0.569407894737 0.616788321168 0.0243421052632 0.0565693430657
0 0.551644736842 0.58302919708 0.0256578947368 0.0346715328467
0 0.406578947368 0.528740875912 0.0276315789474 0.0574817518248
0 0.172368421053 0.482664233577 0.0236842105263 0.043795620438
0 0.139473684211 0.494069343066 0.0263157894737 0.0520072992701
0 0.0651315789474 0.425182481752 0.0236842105263 0.0693430656934
0 0.288815789474 0.535127737226 0.0236842105263 0.0428832116788
