0 0.094395280236 0.832240437158 0.0424778761062 0.0994535519126
0 0.23185840708 0.569398907104 0.0412979351032 0.100546448087
0 0.333333333333 0.783606557377 0.0342182890855 0.0830601092896
0 0.238643067847 0.215300546448 0.03598820059 0.0918032786885
0 0.15191740413 0.128415300546 0.034808259587 0.0754098360656
0 0.227433628319 0.0551912568306 0.0312684365782 0.0732240437158
0 0.470796460177 0.46393442623 0.0283185840708 0.0885245901639
0 0.522713864307 0.74262295082 0.0294985250737 0.0907103825137
0 0.60412979351 0.730054644809 0.023598820059 0.0699453551913
0 0.635693215339 0.701639344262 0.0182890855457 0.0633879781421
0 0.566076696165 0.334972677596 0.0206489675516 0.0688524590164
0 0.626253687316 0.331693989071 0.0206489675516 0.0732240437158
0 0.754572271386 0.662295081967 0.0212389380531 0.0502732240437
0 0.79616519174 0.706557377049 0.0171091445428 0.0469945355191
0 0.788200589971 0.424043715847 0.0176991150442 0.0568306010929
0 0.758407079646 0.264480874317 0.0206489675516 0.0502732240437
0 0.808259587021 0.290710382514 0.0176991150442 0.048087431694
0 0.849262536873 0.372677595628 0.0171091445428 0.0546448087432
0 0.85604719764 0.667213114754 0.0165191740413 0.0382513661202
0 0.686430678466 0.471038251366 0.0171091445428 0.0371584699454
0 0.173746312684 0.757923497268 0.0336283185841 0.0754098360656
0 0.50383480826 0.239890710383 0.0283185840708 0.0732240437158
