0 0.904649852169 0.148501052503 0.0321130378934 0.0690661478599
0 0.822440475162 0.292469924098 0.0256904303147 0.0729571984436
0 0.734129620955 0.345971869623 0.0327552986513 0.0690661478599
0 0.590584341571 0.206380429935 0.0282594733462 0.0583657587549
0 0.533102003742 0.146555527211 0.028901734104 0.0535019455253
0 0.501310096228 0.186438795693 0.0308285163776 0.0885214007782
0 0.445754540672 0.0726255661214 0.0378933847142 0.102140077821
0 0.376069248444 0.372722842386 0.0372511239563 0.0642023346304
0 0.356480295329 0.797333737328 0.0404624277457 0.09046692607
0 0.465985754545 0.706866811258 0.0359666024406 0.0807392996109
0 0.610173294686 0.588189768456 0.0301862556198 0.0807392996109
0 0.73252396906 0.555115838495 0.0269749518304 0.0651750972763
0 0.668940154031 0.649960196472 0.0308285163776 0.0447470817121
0 0.781014656279 0.641205332658 0.0224791265254 0.0447470817121
0 0.856801425708 0.602294826822 0.0211946050096 0.0583657587549
0 0.869646640865 0.633423231491 0.0122029543995 0.0408560311284
0 0.192061541315 0.114940741219 0.0404624277457 0.0972762645914
0 0.173757109715 0.659687822931 0.0462427745665 0.0875486381323
0 0.127514335149 0.623695605032 0.043673731535 0.0525291828794
0 0.706833538746 0.138773426044 0.0256904303147 0.0554474708171
