0 0.867991845056 0.431362725451 0.0336391437309 0.0591182364729
0 0.720693170234 0.429358717435 0.0346585117227 0.061122244489
0 0.770642201835 0.377254509018 0.0305810397554 0.0490981963928
0 0.854230377166 0.320641282565 0.032619775739 0.0501002004008
0 0.67380224261 0.184869739479 0.032619775739 0.0290581162325
0 0.469418960245 0.561623246493 0.0377166156983 0.0551102204409
0 0.602956167176 0.740480961924 0.0275229357798 0.0360721442886
0 0.659021406728 0.736973947896 0.0275229357798 0.0330661322645
0 0.376656472987 0.581162324649 0.0479102956167 0.0661322645291
0 0.275739041794 0.520541082164 0.0499490316004 0.0490981963928
0 0.423037716616 0.0881763527054 0.0530071355759 0.064128256513
0 0.318552497452 0.174849699399 0.0438328236493 0.0591182364729
0 0.465851172273 0.359719438878 0.0387359836901 0.0340681362725
