0 0.111458333333 0.705092592593 0.0375 0.0842592592593
0 0.2328125 0.482407407407 0.0364583333333 0.0851851851852
0 0.322395833333 0.663888888889 0.0302083333333 0.0703703703704
0 0.238802083333 0.182407407407 0.0317708333333 0.0777777777778
0 0.162239583333 0.108796296296 0.0307291666667 0.0638888888889
0 0.22890625 0.0467592592593 0.0276041666667 0.062037037037
0 0.44375 0.393055555556 0.025 0.075
0 0.489583333333 0.629166666667 0.0260416666667 0.0768518518519
0 0.561458333333 0.618518518519 0.0208333333333 0.0592592592593
0 0.589322916667 0.594444444444 0.0161458333333 0.0537037037037
0 0.527864583333 0.283796296296 0.0182291666667 0.0583333333333
0 0.580989583333 0.281018518519 0.0182291666667 0.062037037037
0 0.694270833333 0.561111111111 0.01875 0.0425925925926
0 0.730989583333 0.598611111111 0.0151041666667 0.0398148148148
0 0.723958333333 0.359259259259 0.015625 0.0481481481481
0 0.69765625 0.224074074074 0.0182291666667 0.0425925925926
0 0.741666666667 0.246296296296 0.015625 0.0407407407407
0 0.777864583333 0.315740740741 0.0151041666667 0.0462962962963
0 0.783854166667 0.565277777778 0.0145833333333 0.0324074074074
0 0.634114583333 0.399074074074 0.0151041666667 0.0314814814815
0 0.181510416667 0.64212962963 0.0296875 0.0638888888889
0 0.472916666667 0.203240740741 0.025 0.062037037037
