0 0.684752365053 0.307142857143 0.0139120756817 0.075
0 0.681135225376 0.399107142857 0.0133555926544 0.0696428571429
0 0.626599888703 0.275 0.0111296605454 0.0535714285714
0 0.750973845298 0.709821428571 0.0116861435726 0.0660714285714
0 0.764607679466 0.714285714286 0.0122426265999 0.075
0 0.665553700612 0.789285714286 0.0111296605454 0.0571428571429
0 0.820534223706 0.382142857143 0.00946021146355 0.05
0 0.908458542014 0.471428571429 0.00612131329994 0.025
0 0.904006677796 0.484821428571 0.00612131329994 0.0267857142857
0 0.889816360601 0.742857142857 0.00890372843628 0.0357142857143
0 0.85141903172 0.71875 0.0100166944908 0.0446428571429
0 0.853088480801 0.552678571429 0.0111296605454 0.0482142857143
0 0.790762381747 0.375892857143 0.0100166944908 0.0410714285714
0 0.755425709516 0.342857142857 0.0116861435726 0.0535714285714
0 0.761825264329 0.374107142857 0.00890372843628 0.0410714285714
0 0.786032276016 0.420535714286 0.00946021146355 0.0446428571429
0 0.718419588203 0.24375 0.00890372843628 0.0339285714286
