0 0.207291666667 0.298148148148 0.0145833333333 0.0481481481481
0 0.21953125 0.19537037037 0.0255208333333 0.0592592592593
0 0.300520833333 0.331944444444 0.0197916666667 0.0564814814815
0 0.254166666667 0.3375 0.01875 0.0546296296296
0 0.253645833333 0.202777777778 0.015625 0.0296296296296
0 0.37421875 0.300925925926 0.0140625 0.037037037037
0 0.46640625 0.316666666667 0.0119791666667 0.0407407407407
0 0.475 0.303703703704 0.0114583333333 0.0296296296296
0 0.507552083333 0.278240740741 0.0161458333333 0.0472222222222
0 0.357291666667 0.38287037037 0.0177083333333 0.0398148148148
0 0.248177083333 0.568518518519 0.0171875 0.0462962962963
0 0.320572916667 0.530555555556 0.0151041666667 0.05
0 0.34296875 0.553240740741 0.0151041666667 0.037962962963
0 0.373697916667 0.556018518519 0.0140625 0.0453703703704
0 0.415104166667 0.587962962963 0.015625 0.0277777777778
0 0.486458333333 0.600925925926 0.0135416666667 0.0425925925926
0 0.281770833333 0.601388888889 0.015625 0.0342592592593
0 0.223697916667 0.628240740741 0.0182291666667 0.0398148148148
0 0.224479166667 0.593981481481 0.01875 0.037962962963
0 0.568489583333 0.324537037037 0.0119791666667 0.0398148148148
0 0.6546875 0.344444444444 0.0114583333333 0.0203703703704
0 0.687760416667 0.360185185185 0.0140625 0.0388888888889
0 0.688020833333 0.283796296296 0.0114583333333 0.0194444444444
0 0.545833333333 0.437037037037 0.0145833333333 0.0296296296296
0 0.595833333333 0.558333333333 0.0135416666667 0.0351851851852
0 0.6109375 0.539351851852 0.0125 0.0175925925926
0 0.538541666667 0.56712962963 0.0125 0.0342592592593
0 0.55390625 0.622685185185 0.0140625 0.037962962963
0 0.659635416667 0.587962962963 0.0119791666667 0.0296296296296
0 0.688020833333 0.536111111111 0.0125 0.0314814814815
0 0.717708333333 0.572222222222 0.0125 0.0240740740741
0 0.78046875 0.580092592593 0.0140625 0.0324074074074
0 0.817708333333 0.549074074074 0.0145833333333 0.0388888888889
0 0.765364583333 0.565277777778 0.0109375 0.0287037037037
0 0.776822916667 0.387962962963 0.0140625 0.0333333333333
0 0.84375 0.502777777778 0.0125 0.0351851851852
0 0.87265625 0.301388888889 0.0130208333333 0.0398148148148
0 0.894010416667 0.302314814815 0.0140625 0.0324074074074
0 0.903645833333 0.323148148148 0.0125 0.0314814814815
0 0.85859375 0.497685185185 0.00989583333333 0.0305555555556
0 0.537760416667 0.477314814815 0.00989583333333 0.0157407407407
0 0.403385416667 0.305092592593 0.0130208333333 0.037962962963
