0 0.195516811955 0.341858482523 0.0261519302615 0.0392156862745
0 0.233188044832 0.362745098039 0.0280199252802 0.0622335890878
0 0.253424657534 0.283034953112 0.0286425902864 0.0647911338448
0 0.203922789539 0.67220801364 0.0317559153176 0.0605285592498
0 0.143212951432 0.76683716965 0.0298879202989 0.0537084398977
0 0.166251556663 0.688832054561 0.0236612702366 0.0358056265985
0 0.330635118306 0.700767263427 0.0249066002491 0.0613810741688
0 0.406911581569 0.723358908781 0.0280199252802 0.0554134697357
0 0.493462017435 0.583120204604 0.0242839352428 0.0426257459506
0 0.510273972603 0.556692242114 0.0217932752179 0.0289855072464
0 0.339352428394 0.463341858483 0.027397260274 0.0451832907076
0 0.432752179328 0.28431372549 0.0224159402242 0.0554134697357
0 0.335616438356 0.339727195226 0.0249066002491 0.0400682011935
0 0.0314445828144 0.36231884058 0.0267745952677 0.0392156862745
0 0.526774595268 0.226342710997 0.0224159402242 0.0349531116795
0 0.577521793275 0.211849957374 0.0305105853051 0.074168797954
0 0.644146948941 0.112958226769 0.0205479452055 0.0400682011935
0 0.761519302615 0.130861040068 0.0249066002491 0.0281329923274
0 0.656288916563 0.306905370844 0.027397260274 0.0426257459506
0 0.658779576588 0.500852514919 0.0286425902864 0.0537084398977
0 0.909090909091 0.450127877238 0.0261519302615 0.0477408354646
0 0.942714819427 0.460784313725 0.0211706102117 0.0622335890878
0 0.782067247821 0.504262574595 0.0286425902864 0.0451832907076
0 0.874221668742 0.162404092072 0.0311332503113 0.0485933503836
