0 0.346116497835 0.308729525643 0.0196575776791 0.0451781059948
0 0.396211615147 0.331318578641 0.0145846544071 0.0330147697654
0 0.380358729921 0.314811193758 0.0196575776791 0.0399652476108
0 0.363871729287 0.551996250231 0.0171211160431 0.0399652476108
0 0.309654861817 0.496392427468 0.0215599239062 0.0364900086881
0 0.17744179904 0.352604417042 0.0247305009512 0.0338835794961
0 0.314093669681 0.64148365249 0.0228281547242 0.0503909643788
0 0.258291513688 0.707078787155 0.0253646163602 0.0512597741095
0 0.228488089465 0.702734738502 0.0228281547242 0.0390964378801
0 0.17744179904 0.804819881855 0.0259987317692 0.0608166811468
0 0.0556916405112 0.380840733289 0.0234622701332 0.0330147697654
