0 0.277065983344 0.104442344045 0.0237027546445 0.0482041587902
0 0.27130044843 0.205576559546 0.026265214606 0.0500945179584
0 0.221652786675 0.148393194707 0.0256245996156 0.0378071833648
0 0.216207559257 0.410207939509 0.0301089045484 0.0642722117202
0 0.202434336963 0.517485822306 0.0230621396541 0.0425330812854
0 0.154067905189 0.546313799622 0.026265214606 0.0529300567108
0 0.29532351057 0.573724007561 0.0269058295964 0.0529300567108
0 0.34465086483 0.383270321361 0.0204996796925 0.0330812854442
0 0.422165278668 0.390831758034 0.0256245996156 0.0595463137996
0 0.441704035874 0.596880907372 0.026265214606 0.0614366729679
0 0.496796925048 0.248109640832 0.0237027546445 0.0595463137996
0 0.497757847534 0.622400756144 0.0166559897502 0.0349716446125
0 0.517937219731 0.576086956522 0.0211402946829 0.0463137996219
0 0.520499679693 0.48393194707 0.0198590647021 0.047258979206
0 0.569186418962 0.326086956522 0.0172966047406 0.0529300567108
0 0.24535554132 0.387051039698 0.0192184497117 0.0368620037807
0 0.592889173607 0.299149338374 0.0185778347213 0.0463137996219
0 0.643177450352 0.339319470699 0.0217809096733 0.0510396975425
0 0.733824471493 0.34640831758 0.0198590647021 0.0519848771267
0 0.809737347854 0.298676748582 0.0179372197309 0.0302457466919
0 0.819026265215 0.310491493384 0.0134529147982 0.038752362949
0 0.848174247277 0.451323251418 0.0192184497117 0.0500945179584
0 0.580717488789 0.631379962193 0.0198590647021 0.0529300567108
0 0.785393978219 0.639413988658 0.0217809096733 0.0330812854442
0 0.835682254965 0.691398865784 0.0198590647021 0.0349716446125
0 0.748238308776 0.635160680529 0.0217809096733 0.0283553875236
0 0.576553491352 0.522211720227 0.0166559897502 0.0274102079395
0 0.890775144138 0.34640831758 0.0211402946829 0.0406427221172
0 0.93465727098 0.421077504726 0.0230621396541 0.0444234404537
0 0.903267136451 0.683837429112 0.0204996796925 0.0349716446125
