0 0.51875 0.257407407407 0.01875 0.0592592592593
0 0.478645833333 0.168055555556 0.0177083333333 0.0546296296296
0 0.448177083333 0.310648148148 0.0182291666667 0.0675925925926
0 0.379427083333 0.125925925926 0.0234375 0.0537037037037
0 0.369270833333 0.589814814815 0.0260416666667 0.0722222222222
0 0.322395833333 0.582407407407 0.0260416666667 0.0611111111111
0 0.4703125 0.625 0.0166666666667 0.0462962962963
0 0.26640625 0.557407407407 0.0213541666667 0.0407407407407
0 0.231770833333 0.285648148148 0.0208333333333 0.0601851851852
0 0.2703125 0.177777777778 0.0229166666667 0.0703703703704
0 0.151822916667 0.191203703704 0.0276041666667 0.087962962963
0 0.114322916667 0.6875 0.0213541666667 0.0472222222222
0 0.0825520833333 0.137037037037 0.0296875 0.0833333333333
0 0.0122395833333 0.619444444444 0.0213541666667 0.0703703703704
0 0.00989583333333 0.697222222222 0.0166666666667 0.062962962963
0 0.0151041666667 0.180092592593 0.0270833333333 0.0805555555556
0 0.33359375 0.373611111111 0.0276041666667 0.0361111111111
0 0.37109375 0.320833333333 0.0171875 0.0305555555556
0 0.511458333333 0.589351851852 0.015625 0.0453703703704
