0 0.402948323466 0.180861560941 0.0262096774194 0.0581092801388
0 0.348848861101 0.222492089996 0.0255376344086 0.0529054640069
0 0.328015527767 0.177826001531 0.0268817204301 0.0364267129228
0 0.192598861101 0.0503325063009 0.0235215053763 0.0398959236774
0 0.177477893359 0.424573616448 0.0295698924731 0.0511708586297
0 0.139171441746 0.40766121402 0.0241935483871 0.031222896791
0 0.0854080008858 0.443654275598 0.0295698924731 0.0563746747615
0 0.263499398735 0.553368065711 0.0228494623656 0.050303555941
0 0.309534344972 0.637496426509 0.0248655913978 0.0572419774501
0 0.444278968628 0.607574483751 0.0215053763441 0.0442324371206
0 0.470152624542 0.598901456865 0.0221774193548 0.0268863833478
0 0.381442947122 0.389014206214 0.0248655913978 0.040763226366
0 0.539709076155 0.335241439519 0.0215053763441 0.0511708586297
0 0.437222517015 0.294478213153 0.0221774193548 0.0390286209887
0 0.637827355724 0.37253545513 0.0215053763441 0.0303555941023
0 0.686214452499 0.402023746544 0.0322580645161 0.0667823070252
0 0.783996710563 0.387713252181 0.0208333333333 0.0329575021683
0 0.702679506262 0.537322965971 0.0262096774194 0.0424978317433
0 0.612289721316 0.683029817663 0.0268817204301 0.0529054640069
0 0.707047785832 0.791009002398 0.0241935483871 0.0416305290546
0 0.831039721316 0.856056704046 0.0248655913978 0.0468343451865
0 0.851873054649 0.893350719657 0.0208333333333 0.050303555941
0 0.939910689058 0.617982116015 0.0248655913978 0.0459670424978
0 0.868338108413 0.498294344983 0.0228494623656 0.0286209887251
0 0.879762839595 0.644434848018 0.0268817204301 0.0555073720729
