0 0.501041666667 0.316666666667 0.0135416666667 0.0333333333333
0 0.555989583333 0.317592592593 0.0171875 0.0518518518519
0 0.58671875 0.228240740741 0.0161458333333 0.0361111111111
0 0.58984375 0.261574074074 0.0151041666667 0.0324074074074
0 0.626041666667 0.269907407407 0.0177083333333 0.037962962963
0 0.626302083333 0.216666666667 0.0182291666667 0.0481481481481
0 0.739583333333 0.292592592593 0.0229166666667 0.0685185185185
0 0.585416666667 0.506018518519 0.01875 0.0490740740741
0 0.671354166667 0.456481481481 0.01875 0.0537037037037
0 0.658333333333 0.410648148148 0.0197916666667 0.0472222222222
0 0.716145833333 0.680555555556 0.0208333333333 0.05
0 0.88515625 0.131481481481 0.0286458333333 0.0518518518519
0 0.96484375 0.159722222222 0.0359375 0.075
0 0.95390625 0.0240740740741 0.0265625 0.0388888888889
0 0.940104166667 0.480555555556 0.0385416666667 0.0944444444444
0 0.96953125 0.434722222222 0.0296875 0.0601851851852
0 0.91328125 0.637962962963 0.0296875 0.0574074074074
0 0.854427083333 0.677777777778 0.0276041666667 0.0777777777778
