0 0.279611171187 0.0772276166912 0.0309548793284 0.104615384615
0 0.239212430369 0.189022488486 0.0299055613851 0.0964102564103
0 0.202748631838 0.139278898742 0.0314795383001 0.0646153846154
0 0.0209542981549 0.0638942833579 0.0278069254984 0.0717948717949
0 0.137428589865 0.651073770537 0.0351521511018 0.0912820512821
0 0.0925702477876 0.659278898742 0.0283315844701 0.0564102564103
0 0.05085985954 0.762868642332 0.0351521511018 0.101538461538
0 0.269642650726 0.772099411563 0.0267576075551 0.0912820512821
0 0.345980531103 0.859791719255 0.0293809024134 0.104615384615
0 0.471636354818 0.693637873101 0.0246589716684 0.08
0 0.494983679057 0.657740437204 0.0262329485834 0.0471794871795
0 0.331027750411 0.41517633464 0.0299055613851 0.0728205128205
0 0.472423343276 0.192099411563 0.0251836306401 0.0923076923077
0 0.354112745164 0.220817360281 0.0267576075551 0.0697435897436
0 0.584700363213 0.161843001307 0.0251836306401 0.054358974359
0 0.643986827011 0.164407103871 0.0377754459601 0.121025641026
0 0.73790078294 0.0546635141271 0.0241343126967 0.0594871794872
0 0.708519880526 0.356714796178 0.0314795383001 0.0769230769231
0 0.668383469194 0.659791719255 0.0320041972718 0.0964102564103
0 0.802171506969 0.741330180794 0.0288562434418 0.0748717948718
0 0.950387666465 0.730560950025 0.0293809024134 0.0841025641026
0 0.98475282911 0.769535308999 0.0246589716684 0.0902564102564
0 0.976620615049 0.268509667973 0.0293809024134 0.0830769230769
0 0.862244959225 0.149535308999 0.0272822665268 0.0502564102564
0 0.925466365311 0.362868642332 0.0320041972718 0.0994871794872
