0 0.15703125 0.471759259259 0.0661458333333 0.175
0 0.0942708333333 0.378240740741 0.0552083333333 0.125
0 0.131770833333 0.741203703704 0.046875 0.0953703703704
0 0.202864583333 0.790740740741 0.0411458333333 0.122222222222
0 0.36640625 0.1875 0.0307291666667 0.0768518518519
0 0.505729166667 0.193055555556 0.021875 0.0527777777778
0 0.490625 0.158333333333 0.01875 0.0444444444444
0 0.555989583333 0.273148148148 0.0223958333333 0.0611111111111
0 0.5875 0.281944444444 0.015625 0.0398148148148
0 0.520052083333 0.510648148148 0.0223958333333 0.0583333333333
0 0.431770833333 0.771759259259 0.03125 0.0824074074074
