0 0.297933884298 0.246052631579 0.0404958677686 0.115789473684
0 0.436776859504 0.366447368421 0.0388429752066 0.119736842105
0 0.417768595041 0.246052631579 0.0355371900826 0.0947368421053
0 0.369834710744 0.0894736842105 0.0388429752066 0.0973684210526
0 0.610743801653 0.0348684210526 0.0380165289256 0.0565789473684
0 0.601239669421 0.776315789474 0.0454545454545 0.107894736842
0 0.380991735537 0.934868421053 0.0330578512397 0.0697368421053
0 0.330578512397 0.882894736842 0.0314049586777 0.0631578947368
0 0.677685950413 0.883552631579 0.0578512396694 0.130263157895
0 0.803719008264 0.875 0.0603305785124 0.0947368421053
0 0.896280991736 0.0980263157895 0.0636363636364 0.125
0 0.948347107438 0.315789473684 0.0520661157025 0.115789473684
0 0.711983471074 0.473026315789 0.0471074380165 0.0671052631579
