0 0.635585970915 0.665769644779 0.0393498716852 0.0785791173305
0 0.739520958084 0.558665231432 0.0350727117194 0.0645855758881
0 0.671086398631 0.442411194833 0.0350727117194 0.0516684607104
0 0.869118905047 0.227664155005 0.0290846877673 0.0505920344456
0 0.846022241232 0.192142088267 0.0325064157399 0.0635091496233
0 0.795979469632 0.168460710441 0.0299401197605 0.0742734122713
0 0.520958083832 0.155543595264 0.0325064157399 0.0570505920344
0 0.534644995723 0.734660925727 0.0410607356715 0.0699677072121
0 0.489307100086 0.706135629709 0.0376390076989 0.0624327233584
0 0.252780153978 0.742734122713 0.0504704875962 0.0602798708288
0 0.351582549187 0.145317545748 0.0427715996578 0.0495156081808
0 0.27630453379 0.0888051668461 0.0513259195894 0.0699677072121
0 0.0290846877673 0.595263724435 0.0581693755346 0.133476856835
0 0.0461933276305 0.297093649085 0.0427715996578 0.0688912809473
0 0.0782720273738 0.30947255113 0.0367835757057 0.0850376749193
0 0.525662959795 0.297093649085 0.0419161676647 0.0688912809473
