0 0.886979166667 0.318055555556 0.0239583333333 0.0472222222222
0 0.981510416667 0.384259259259 0.0234375 0.05
0 0.823697916667 0.3 0.0171875 0.0462962962963
0 0.955989583333 0.517592592593 0.0213541666667 0.0574074074074
0 0.912239583333 0.550462962963 0.0223958333333 0.0546296296296
0 0.930729166667 0.578703703704 0.0177083333333 0.05
0 0.738541666667 0.621759259259 0.0166666666667 0.0398148148148
0 0.704947916667 0.588888888889 0.0161458333333 0.0481481481481
0 0.691927083333 0.336574074074 0.0140625 0.0435185185185
0 0.709375 0.290740740741 0.0166666666667 0.0444444444444
0 0.64609375 0.540740740741 0.0119791666667 0.0407407407407
0 0.591145833333 0.417592592593 0.0125 0.0351851851852
0 0.55234375 0.381944444444 0.0161458333333 0.0472222222222
0 0.5171875 0.32037037037 0.0104166666667 0.0333333333333
0 0.53671875 0.541203703704 0.00989583333333 0.025
0 0.531770833333 0.556944444444 0.0104166666667 0.0212962962963
0 0.567708333333 0.565277777778 0.0104166666667 0.0231481481481
0 0.589583333333 0.520833333333 0.0135416666667 0.0305555555556
0 0.619010416667 0.570833333333 0.0119791666667 0.0342592592593
0 0.653645833333 0.338425925926 0.009375 0.0305555555556
0 0.80546875 0.560185185185 0.00989583333333 0.0277777777778
0 0.8171875 0.555555555556 0.0145833333333 0.0388888888889
