0 0.9578125 0.736574074074 0.0427083333333 0.0990740740741
0 0.913802083333 0.223148148148 0.0505208333333 0.142592592593
0 0.630989583333 0.0546296296296 0.0380208333333 0.0925925925926
0 0.58046875 0.225462962963 0.0453125 0.0953703703704
0 0.546614583333 0.537037037037 0.0432291666667 0.124074074074
0 0.447135416667 0.653240740741 0.0526041666667 0.143518518519
0 0.488020833333 0.694444444444 0.0375 0.12962962963
0 0.227083333333 0.662962962963 0.046875 0.131481481481
0 0.0263020833333 0.874074074074 0.0463541666667 0.101851851852
0 0.2953125 0.0490740740741 0.0375 0.0833333333333
