0 0.916716064019 0.424360795455 0.0444576170717 0.0674715909091
0 0.842323651452 0.431463068182 0.0379371665679 0.0518465909091
0 0.706283343213 0.0774147727273 0.036158861885 0.0454545454545
0 0.748666271488 0.0557528409091 0.0248962655602 0.0319602272727
0 0.646117368109 0.477272727273 0.0225251926497 0.0383522727273
0 0.627445168939 0.494318181818 0.0160047421458 0.0255681818182
0 0.555423829283 0.520951704545 0.0130409010077 0.0248579545455
0 0.723473621814 0.423295454545 0.0183758150563 0.0397727272727
0 0.54979253112 0.335582386364 0.0160047421458 0.0362215909091
0 0.490812092472 0.346946022727 0.0165975103734 0.0305397727273
0 0.501185536455 0.270241477273 0.0160047421458 0.0305397727273
0 0.526081802015 0.202414772727 0.0183758150563 0.0340909090909
0 0.607883817427 0.188920454545 0.0183758150563 0.03125
0 0.587433313574 0.169034090909 0.0225251926497 0.0440340909091
0 0.878482513337 0.264204545455 0.014226437463 0.0298295454545
