0 0.7264604811 0.125140291807 0.0219931271478 0.0662177328844
0 0.727147766323 0.281705948373 0.0192439862543 0.0381593714927
0 0.741924398625 0.251964085297 0.0199312714777 0.0325476992144
0 0.799312714777 0.18911335578 0.020618556701 0.0392817059484
0 0.660481099656 0.143658810325 0.0233676975945 0.0583613916947
0 0.653264604811 0.183501683502 0.0226804123711 0.0527497194164
0 0.625429553265 0.175645342312 0.020618556701 0.0415263748597
0 0.60206185567 0.347923681257 0.0164948453608 0.0381593714927
0 0.518900343643 0.503928170595 0.0137457044674 0.0291806958474
0 0.672852233677 0.524130190797 0.0109965635739 0.0291806958474
0 0.651546391753 0.586419753086 0.0137457044674 0.0347923681257
0 0.561512027491 0.590347923681 0.0151202749141 0.0448933782267
0 0.611683848797 0.570145903479 0.0164948453608 0.0291806958474
0 0.587628865979 0.547699214366 0.0137457044674 0.0426487093154
0 0.495532646048 0.529741863075 0.0123711340206 0.0314253647587
0 0.479037800687 0.575757575758 0.0109965635739 0.0246913580247
0 0.454639175258 0.548260381594 0.00893470790378 0.0213243546577
0 0.442611683849 0.53367003367 0.00824742268041 0.0190796857464
0 0.450515463918 0.456228956229 0.00893470790378 0.023569023569
0 0.4735395189 0.402918069585 0.0123711340206 0.0291806958474
0 0.436426116838 0.439955106622 0.00962199312715 0.0224466891134
