0 0.0864583333333 0.350462962963 0.0291666666667 0.062037037037
0 0.211979166667 0.238888888889 0.0208333333333 0.0518518518519
0 0.279166666667 0.24537037037 0.0229166666667 0.0703703703704
0 0.256770833333 0.218518518519 0.0208333333333 0.0388888888889
0 0.311979166667 0.178703703704 0.0229166666667 0.0722222222222
0 0.455208333333 0.243981481481 0.0197916666667 0.0638888888889
0 0.354947916667 0.407407407407 0.0244791666667 0.0703703703704
0 0.0848958333333 0.535185185185 0.025 0.0648148148148
0 0.03359375 0.618055555556 0.0276041666667 0.0453703703704
0 0.149739583333 0.631018518519 0.0223958333333 0.0601851851852
0 0.196875 0.561111111111 0.0229166666667 0.0703703703704
0 0.30234375 0.643055555556 0.0213541666667 0.0638888888889
0 0.363802083333 0.687962962963 0.0213541666667 0.062962962963
0 0.451041666667 0.581481481481 0.0166666666667 0.0481481481481
0 0.467447916667 0.561574074074 0.0182291666667 0.0342592592593
0 0.531770833333 0.24537037037 0.0177083333333 0.037037037037
0 0.568489583333 0.260648148148 0.0234375 0.0675925925926
0 0.651822916667 0.159722222222 0.0182291666667 0.0342592592593
0 0.58671875 0.577314814815 0.0234375 0.0842592592593
0 0.690885416667 0.6125 0.0192708333333 0.0453703703704
0 0.79921875 0.610185185185 0.0203125 0.0481481481481
0 0.825260416667 0.636111111111 0.0234375 0.0537037037037
0 0.891145833333 0.590740740741 0.028125 0.062962962963
0 0.977864583333 0.503240740741 0.0276041666667 0.0601851851852
0 0.816927083333 0.194444444444 0.0192708333333 0.0388888888889
0 0.920052083333 0.401851851852 0.0255208333333 0.0444444444444
0 0.0125 0.290740740741 0.021875 0.0685185185185
