0 0.896506550218 0.636738056013 0.056768558952 0.126853377265
0 0.795633187773 0.730642504119 0.0471615720524 0.113673805601
0 0.86288209607 0.775947281713 0.0454148471616 0.121911037891
0 0.96943231441 0.31960461285 0.0436681222707 0.151565074135
0 0.72576419214 0.210049423394 0.0489082969432 0.126853377265
0 0.828820960699 0.868204283361 0.0349344978166 0.0691927512356
0 0.662445414847 0.72981878089 0.0288209606987 0.0988467874794
0 0.549344978166 0.848434925865 0.0279475982533 0.0724876441516
0 0.538864628821 0.782537067545 0.0227074235808 0.0626029654036
0 0.525327510917 0.239703459638 0.025327510917 0.0873146622735
0 0.522707423581 0.327018121911 0.0235807860262 0.0807248764415
0 0.482096069869 0.312191103789 0.0227074235808 0.0411861614498
0 0.473362445415 0.677100494234 0.0244541484716 0.0658978583196
0 0.412227074236 0.743822075783 0.02096069869 0.0543657331137
0 0.339301310044 0.692751235585 0.0183406113537 0.0543657331137
0 0.389956331878 0.484349258649 0.0218340611354 0.0593080724876
0 0.346288209607 0.447281713344 0.0183406113537 0.0609555189456
0 0.309170305677 0.34431630972 0.0174672489083 0.0428336079077
