0 0.803400558212 0.467043115797 0.0257898130239 0.0410628019324
0 0.711201976652 0.525819283269 0.0245003223727 0.0442834138486
0 0.632220674266 0.532260507102 0.0225660863959 0.0458937198068
0 0.49102144796 0.359555193092 0.0238555770471 0.0547504025765
0 0.520357360275 0.347477898406 0.0219213410703 0.0354267310789
0 0.550982763241 0.398202536087 0.0199871050935 0.037037037037
0 0.590312228102 0.655448912899 0.0225660863959 0.0410628019324
0 0.678964710372 0.728717833994 0.0193423597679 0.0346215780998
0 0.678964710372 0.753274999855 0.0193423597679 0.0225442834138
0 0.612233569173 0.724692069098 0.0199871050935 0.024959742351
0 0.529061422171 0.693693679404 0.0225660863959 0.0257648953301
0 0.495212292577 0.631294323527 0.0219213410703 0.0475040257649
0 0.374967289353 0.650617995024 0.0264345583495 0.0523349436393
0 0.650595916045 0.394579347681 0.0206318504191 0.0330112721417
0 0.47490281482 0.275819283269 0.0264345583495 0.0579710144928
0 0.371743562725 0.435239573124 0.0277240490006 0.0466988727858
0 0.285670061758 0.668733937053 0.0283687943262 0.0515297906602
0 0.195405716174 0.526624436248 0.0296582849774 0.0426731078905
0 0.17187251179 0.494418317085 0.0290135396518 0.0265700483092
0 0.295341241642 0.229522986973 0.027079303675 0.0523349436393
0 0.158977605278 0.113580957987 0.0315925209542 0.0378421900161
