0 0.796893561023 0.345106916353 0.0249843847595 0.0541586073501
0 0.725688064458 0.443269392175 0.0199875078076 0.0570599613153
0 0.655419482322 0.470832254844 0.0256089943785 0.0541586073501
0 0.556106552903 0.341238444399 0.0218613366646 0.0464216634429
0 0.516756146907 0.286112719061 0.0218613366646 0.0425531914894
0 0.4902102381 0.312224904748 0.0237351655215 0.0696324951644
0 0.455544404246 0.215996664902 0.0293566520924 0.0802707930368
0 0.383401993253 0.436499566256 0.0287320424735 0.0512572533849
0 0.340928539162 0.761451210357 0.0312304809494 0.0705996131528
0 0.429310800248 0.708259720995 0.0281074328545 0.0628626692456
0 0.546112798999 0.638627225831 0.0231105559026 0.0628626692456
0 0.640428851466 0.631857399912 0.0206121174266 0.0512572533849
0 0.586400119424 0.695687187146 0.0237351655215 0.0357833655706
0 0.671347027606 0.705841926024 0.0174890693317 0.0348162475822
0 0.731309551029 0.687466684245 0.0162398500937 0.0464216634429
0 0.738804866457 0.713578869931 0.00999375390381 0.0328820116054
0 0.26160311755 0.209226838983 0.0312304809494 0.0764023210832
0 0.21194665284 0.62702180997 0.0356027482823 0.068665377176
0 0.179466952653 0.592205562388 0.0331043098064 0.041586073501
0 0.648236471704 0.306905755811 0.0199875078076 0.0435203094778
