0 0.79584212435 0.158785575715 0.0303823991619 0.0594439117929
0 0.759959463271 0.210079918955 0.0319539025668 0.0949185043145
0 0.720148043679 0.106053073318 0.0330015715034 0.0997123681687
0 0.861059515654 0.640568893068 0.0361445783133 0.0930009587728
0 0.947492202925 0.742678193164 0.03404924044 0.0824544582934
0 0.905323528226 0.643445211381 0.027239392352 0.0546500479386
0 0.730362815811 0.752265920873 0.0282870612886 0.0939597315436
0 0.653097231736 0.82800896977 0.0319539025668 0.0843720038351
0 0.528162711044 0.674125940048 0.027239392352 0.0642377756472
0 0.504328242736 0.645362756923 0.0246202200105 0.0450623202301
0 0.667764596849 0.414777905532 0.0309062336302 0.0690316395014
0 0.526853124874 0.208641759799 0.0256678889471 0.0843720038351
0 0.644192045775 0.234528624612 0.0277632268203 0.0613614573346
0 0.977612684853 0.0959859592236 0.0303823991619 0.0604026845638
0 0.412395293548 0.177961031132 0.0251440544788 0.0536912751678
0 0.354249667566 0.185631213298 0.0345730749083 0.113135186961
0 0.260483297739 0.0801662085045 0.0230487166056 0.0613614573346
0 0.137644114921 0.171729008121 0.0277632268203 0.0431447746884
0 0.290603779667 0.36683926699 0.0309062336302 0.065196548418
0 0.331462868195 0.648239075235 0.0330015715034 0.0814956855225
0 0.0496399242451 0.71583255558 0.0298585646936 0.0728667305849
0 0.0158526010392 0.749868988946 0.0240963855422 0.0949185043145
0 0.199194664947 0.722543964976 0.0324777370351 0.0690316395014
0 0.0231862835955 0.280549717613 0.0356207438449 0.0747842761266
