0 0.452173257566 0.634831416416 0.0396634615385 0.074232690935
0 0.424529026797 0.301498083082 0.0216346153846 0.0385438972163
0 0.548627584489 0.548821423554 0.0234375 0.0364025695931
0 0.367437680643 0.272947048107 0.03125 0.0413990007138
0 0.552834315258 0.276159039542 0.0150240384615 0.0335474660956
0 0.676331911412 0.439256826837 0.0168269230769 0.0256959314775
0 0.638771815258 0.349677954603 0.0138221153846 0.0292648108494
0 0.503855949874 0.291148332904 0.0144230769231 0.0235546038544
0 0.501752584489 0.320413143753 0.0150240384615 0.0335474660956
0 0.675730949874 0.304710074517 0.00841346153846 0.0121341898644
0 0.575069892181 0.274374599856 0.0126201923077 0.017130620985
0 0.579276622951 0.420341766166 0.0138221153846 0.0264097073519
