0 0.920650095602 0.773604060914 0.0465264499681 0.0934010152284
0 0.90407903123 0.198984771574 0.0414276609305 0.10152284264
0 0.752390057361 0.21421319797 0.0350541746335 0.0934010152284
0 0.671765455704 0.168527918782 0.0293180369662 0.0690355329949
0 0.601657106437 0.227411167513 0.0178457616316 0.0507614213198
0 0.554811982154 0.303045685279 0.0184831102613 0.0517766497462
0 0.61695347355 0.35076142132 0.0216698534098 0.0598984771574
0 0.658699808795 0.61421319797 0.0274059910771 0.0548223350254
0 0.587954110899 0.629441624365 0.0197578075207 0.0507614213198
0 0.53154875717 0.57614213198 0.0178457616316 0.0375634517766
0 0.623964308477 0.596446700508 0.0242192479286 0.0517766497462
