0 0.0172054223149 0.30266075388 0.0302398331595 0.0975609756098
0 0.106100104275 0.391906873614 0.0276329509906 0.0742793791574
0 0.228102189781 0.260532150776 0.0213764337852 0.059866962306
0 0.272158498436 0.237250554324 0.0208550573514 0.0465631929047
0 0.294056308655 0.267184035477 0.0208550573514 0.0820399113082
0 0.326903023983 0.187915742794 0.0260688216893 0.0809312638581
0 0.468196037539 0.263858093126 0.0198123044838 0.0731707317073
0 0.368352450469 0.457871396896 0.0234619395203 0.0643015521064
0 0.101407716371 0.615299334812 0.026590198123 0.0709534368071
0 0.0521376433785 0.715077605322 0.0239833159541 0.0554323725055
0 0.211678832117 0.647450110865 0.0229405630865 0.0931263858093
0 0.167101147028 0.708425720621 0.0255474452555 0.0421286031042
0 0.316475495308 0.740576496674 0.0208550573514 0.0731707317073
0 0.37747653806 0.796563192905 0.0229405630865 0.0742793791574
0 0.466110531804 0.670177383592 0.0187695516163 0.0587583148559
0 0.483837330553 0.646341463415 0.0166840458811 0.039911308204
0 0.600364963504 0.665742793792 0.0234619395203 0.105321507761
0 0.815172054223 0.70288248337 0.0213764337852 0.0465631929047
0 0.841240875912 0.735033259424 0.0224191866528 0.0687361419069
0 0.704118873827 0.708425720621 0.0192909280501 0.0509977827051
0 0.582638164755 0.284368070953 0.0245046923879 0.0787139689579
0 0.545881126173 0.267184035477 0.0187695516163 0.0421286031042
0 0.664754953076 0.161862527716 0.0166840458811 0.0465631929047
0 0.833159541189 0.206208425721 0.0198123044838 0.0487804878049
0 0.909541188738 0.684035476718 0.0276329509906 0.0842572062084
0 0.938477580813 0.45399113082 0.0271115745568 0.0654101995565
0 0.990615224192 0.577050997783 0.0156412930136 0.0764966740576
