0 0.94094279661 0.116483516484 0.0376059322034 0.114285714286
0 0.907838983051 0.0769230769231 0.0317796610169 0.0725274725275
0 0.827330508475 0.173626373626 0.0264830508475 0.0791208791209
0 0.689883474576 0.376923076923 0.0248940677966 0.0791208791209
0 0.614141949153 0.321978021978 0.0248940677966 0.0791208791209
0 0.546345338983 0.185164835165 0.020656779661 0.0626373626374
0 0.685381355932 0.61978021978 0.0233050847458 0.0769230769231
0 0.640889830508 0.704945054945 0.0201271186441 0.056043956044
0 0.757680084746 0.738461538462 0.0291313559322 0.0527472527473
0 0.806938559322 0.662637362637 0.0323093220339 0.0967032967033
0 0.581832627119 0.658791208791 0.0174788135593 0.056043956044
0 0.575741525424 0.699450549451 0.0201271186441 0.0494505494505
0 0.983845338983 0.846153846154 0.0301906779661 0.103296703297
