0 0.719000018188 0.0589208984128 0.0307291666667 0.0944444444444
0 0.759104184854 0.159846824339 0.0296875 0.087037037037
0 0.795302101521 0.114939416931 0.03125 0.0583333333333
0 0.975770851521 0.0468838613757 0.0276041666667 0.0648148148148
0 0.860145851521 0.576976453968 0.0348958333333 0.0824074074074
0 0.904677101521 0.584383861376 0.028125 0.0509259259259
0 0.946083351521 0.677902379894 0.0348958333333 0.0916666666667
0 0.728895851521 0.686235713228 0.0265625 0.0824074074074
0 0.653114601521 0.765402379894 0.0291666666667 0.0944444444444
0 0.528375018188 0.615402379894 0.0244791666667 0.0722222222222
0 0.505197934854 0.582994972487 0.0260416666667 0.0425925925926
0 0.667958351521 0.364013491005 0.0296875 0.0657407407407
0 0.527593768188 0.162624602116 0.025 0.0833333333333
0 0.645041684854 0.188550528042 0.0265625 0.062962962963
0 0.416135434854 0.135309787302 0.025 0.0490740740741
0 0.357281268188 0.137624602116 0.0375 0.109259259259
0 0.264052101521 0.0385505280424 0.0239583333333 0.0537037037037
0 0.293218768188 0.311235713228 0.03125 0.0694444444444
0 0.333062518188 0.584846824339 0.0317708333333 0.087037037037
0 0.200250018188 0.65845793545 0.0286458333333 0.0675925925926
0 0.0531146015208 0.648735713228 0.0291666666667 0.0759259259259
0 0.0190000181875 0.683920898413 0.0244791666667 0.0814814814815
0 0.0270729348542 0.231606083598 0.0291666666667 0.075
0 0.140614601521 0.124198676191 0.0270833333333 0.0453703703704
0 0.0778541848542 0.316791268783 0.0317708333333 0.0898148148148
