0 0.645864106352 0.721205597417 0.0347119645495 0.0753498385361
0 0.473042836041 0.663078579117 0.0302806499261 0.0559741657696
0 0.357459379616 0.575349838536 0.0472673559823 0.059203444564
0 0.272525849335 0.516146393972 0.0324963072378 0.0785791173305
0 0.69423929099 0.603875134553 0.0221565731167 0.0452099031216
0 0.684638109306 0.477933261572 0.0236336779911 0.0581270182992
0 0.668389955687 0.453175457481 0.0206794682422 0.0365984930032
0 0.488183161004 0.294940796555 0.0324963072378 0.0581270182992
0 0.452732644018 0.173842841765 0.0354505169867 0.048439181916
0 0.522156573117 0.294940796555 0.0206794682422 0.0279870828848
0 0.48670605613 0.476856835307 0.0295420974889 0.0581270182992
0 0.408050221566 0.418729817008 0.033234859675 0.0495156081808
0 0.610044313146 0.286867599569 0.0162481536189 0.0462863293864
0 0.68353028065 0.287944025834 0.0169867060561 0.0419806243272
0 0.732274741507 0.4036598493 0.0125553914328 0.043057050592
0 0.738921713442 0.397739504844 0.0096011816839 0.0398277717976
0 0.730428360414 0.541442411195 0.01329394387 0.0258342303552
0 0.775849335303 0.544671689989 0.0169867060561 0.0409041980624
0 0.562776957164 0.237890204521 0.0192023633678 0.0344456404736
