0 0.0165500913845 0.254279730541 0.0302398331595 0.0899795501022
0 0.105444773345 0.336590568987 0.0276329509906 0.0685071574642
0 0.227446858851 0.215424924815 0.0213764337852 0.0552147239264
0 0.271503167505 0.193952532177 0.0208550573514 0.0429447852761
0 0.293400977724 0.22155989414 0.0208550573514 0.0756646216769
0 0.326247693053 0.148451509682 0.0260688216893 0.0746421267894
0 0.467540706609 0.218492409478 0.0198123044838 0.0674846625767
0 0.367697119539 0.397429014795 0.0234619395203 0.0593047034765
0 0.100752385441 0.542623288823 0.026590198123 0.0654396728016
0 0.0514823124481 0.634647828701 0.0239833159541 0.0511247443763
0 0.211023501186 0.572275640562 0.0229405630865 0.0858895705521
0 0.166445816098 0.628512859376 0.0255474452555 0.038854805726
0 0.315820164377 0.658165211114 0.0208550573514 0.0674846625767
0 0.37682120713 0.709801202934 0.0229405630865 0.0685071574642
0 0.465455200874 0.593236785756 0.0187695516163 0.0541922290389
0 0.483181999622 0.571253145674 0.0166840458811 0.0368098159509
0 0.599709632573 0.589146806206 0.0234619395203 0.0971370143149
0 0.814516723293 0.623400384938 0.0213764337852 0.0429447852761
0 0.840585544982 0.653052736676 0.0224191866528 0.0633946830266
0 0.703463542896 0.628512859376 0.0192909280501 0.0470347648262
0 0.581982833825 0.237408564897 0.0245046923879 0.0725971370143
0 0.545225795243 0.22155989414 0.0187695516163 0.038854805726
0 0.664099622146 0.124422879825 0.0166840458811 0.0429447852761
0 0.832504210258 0.165322675326 0.0198123044838 0.0449897750511
0 0.908885857808 0.60601797185 0.0276329509906 0.0777096114519
0 0.937822249883 0.393850282688 0.0271115745568 0.060327198364
0 0.989959893261 0.507347215204 0.0156412930136 0.0705521472393
