0 0.242388103025 0.909557110644 0.0611620795107 0.0880281690141
0 0.310813179477 0.827250772616 0.0512232415902 0.0677816901408
0 0.121975258988 0.38226837825 0.0496941896024 0.0598591549296
0 0.0680761764194 0.41527894163 0.0336391437309 0.0413732394366
0 0.513794830854 0.63314865994 0.0305810397554 0.0492957746479
0 0.544375870609 0.624785983883 0.0214067278287 0.0343309859155
0 0.627326940945 0.561405702193 0.0175840978593 0.0325704225352
0 0.403320824737 0.680683871207 0.0252293577982 0.0510563380282
0 0.473657216175 0.405595843038 0.0221712538226 0.0466549295775
0 0.532525717704 0.344856406419 0.0221712538226 0.0396126760563
0 0.458748959294 0.295560631771 0.0214067278287 0.0396126760563
0 0.379620518927 0.270472603602 0.0252293577982 0.044014084507
0 0.299727552566 0.355859927545 0.0244648318043 0.0404929577465
0 0.300109815563 0.315807110644 0.0313455657492 0.0572183098592
0 0.137648041863 0.735261335996 0.019877675841 0.0387323943662
