0 0.422905187089 0.735010362511 0.01875 0.0592592592593
0 0.784103103756 0.393806658808 0.0140625 0.0324074074074
0 0.774728103756 0.371121473622 0.0140625 0.0388888888889
0 0.758061437089 0.373436288437 0.0151041666667 0.0490740740741
0 0.583321853756 0.406769621771 0.0166666666667 0.0490740740741
0 0.544259353756 0.3863992514 0.0135416666667 0.0231481481481
0 0.670301020423 0.660936288437 0.0145833333333 0.037037037037
0 0.709103103756 0.631769621771 0.0161458333333 0.0416666666667
0 0.582019770423 0.617880732882 0.0130208333333 0.0416666666667
0 0.549467687089 0.681769621771 0.0125 0.0342592592593
0 0.492696853756 0.6238992514 0.0135416666667 0.0222222222222
0 0.474467687089 0.647047399548 0.015625 0.0425925925926
0 0.330196853756 0.711862214363 0.0208333333333 0.0592592592593
0 0.402592687089 0.663714066215 0.0197916666667 0.0537037037037
0 0.217957270423 0.6988992514 0.0234375 0.0351851851852
0 0.411707270423 0.491954806956 0.0171875 0.0416666666667
0 0.440353103756 0.358621473622 0.0151041666667 0.0490740740741
0 0.359884353756 0.281769621771 0.0197916666667 0.0601851851852
0 0.311967687089 0.304917769919 0.0177083333333 0.037962962963
0 0.302332270423 0.32852888103 0.0192708333333 0.0611111111111
0 0.207801020423 0.2988992514 0.0208333333333 0.0592592592593
0 0.119519770423 0.406306658808 0.0296875 0.0740740740741
0 0.0156135204226 0.304454806956 0.0229166666667 0.087037037037
0 0.0627489370893 0.623436288437 0.0286458333333 0.0675925925926
0 0.112228103756 0.657232584734 0.0255208333333 0.0611111111111
0 0.160665603756 0.285473325474 0.0265625 0.0546296296296
0 0.0921760204226 0.150288140289 0.021875 0.0453703703704
0 0.0734260204226 0.172510362511 0.0229166666667 0.037962962963
0 0.633321853756 0.3988992514 0.0114583333333 0.0203703703704
0 0.667436437089 0.451214066215 0.0140625 0.037962962963
0 0.651811437089 0.494269621771 0.0130208333333 0.0388888888889
0 0.609623937089 0.657695547697 0.0130208333333 0.0268518518519
