0 0.0856542301629 0.340676229508 0.0294272201787 0.0686475409836
0 0.212296374146 0.217213114754 0.0210194429848 0.0573770491803
0 0.280084077772 0.224385245902 0.0231213872832 0.077868852459
0 0.257488176563 0.194672131148 0.0210194429848 0.0430327868852
0 0.313189700473 0.150614754098 0.0231213872832 0.0799180327869
0 0.457698370993 0.222848360656 0.0199684708355 0.0706967213115
0 0.356542301629 0.40368852459 0.0246978455071 0.077868852459
0 0.084077771939 0.545081967213 0.0252233315817 0.0717213114754
0 0.0323173935891 0.636782786885 0.0278507619548 0.0502049180328
0 0.149500788229 0.65112704918 0.0225959012086 0.0665983606557
0 0.197057277982 0.573770491803 0.0231213872832 0.077868852459
0 0.303468208092 0.664446721311 0.0215449290594 0.0706967213115
0 0.365475564898 0.714139344262 0.0215449290594 0.0696721311475
0 0.453494482396 0.59631147541 0.0168155543878 0.0532786885246
0 0.470047293747 0.574282786885 0.0183920126117 0.0379098360656
0 0.534944823962 0.224385245902 0.017866526537 0.0409836065574
0 0.571991592223 0.241290983607 0.0236468733579 0.0747950819672
0 0.656069364162 0.129610655738 0.0183920126117 0.0379098360656
0 0.590383604834 0.591700819672 0.0236468733579 0.093237704918
0 0.695480819758 0.630635245902 0.0194429847609 0.0502049180328
0 0.804781923279 0.628073770492 0.0204939569101 0.0532786885246
0 0.83105622701 0.656762295082 0.0236468733579 0.0594262295082
0 0.897530215449 0.606557377049 0.0283762480294 0.0696721311475
0 0.985023646873 0.509733606557 0.0278507619548 0.0665983606557
0 0.822648449816 0.168032786885 0.0194429847609 0.0430327868852
0 0.926694692591 0.397540983607 0.0257488176563 0.0491803278689
0 0.011035207567 0.274590163934 0.022070415134 0.0758196721311
