0 0.441916167665 0.393041237113 0.0131736526946 0.0249140893471
0 0.413473053892 0.401632302405 0.0161676646707 0.0317869415808
0 0.366467065868 0.378865979381 0.014371257485 0.0257731958763
0 0.409281437126 0.533075601375 0.0161676646707 0.0335051546392
0 0.356586826347 0.676546391753 0.0197604790419 0.036941580756
0 0.276347305389 0.411512027491 0.0221556886228 0.0429553264605
0 0.177245508982 0.712199312715 0.0263473053892 0.0463917525773
0 0.221856287425 0.727663230241 0.0221556886228 0.0549828178694
0 0.18622754491 0.586340206186 0.0311377245509 0.0678694158076
0 0.15119760479 0.562285223368 0.025748502994 0.0420962199313
0 0.153293413174 0.322164948454 0.0251497005988 0.0412371134021
0 0.102694610778 0.355670103093 0.0317365269461 0.0635738831615
0 0.090119760479 0.804982817869 0.0149700598802 0.0601374570447
