0 0.121994342291 0.0875 0.0431400282885 0.07
0 0.163012729844 0.139375 0.0360678925035 0.09875
0 0.20756718529 0.0525 0.0417256011315 0.0825
0 0.0417256011315 0.574375 0.043847241867 0.08875
0 0.185289957567 0.698125 0.032531824611 0.09125
0 0.26414427157 0.771875 0.0360678925035 0.08875
0 0.287482319661 0.183125 0.0318246110325 0.06875
0 0.412659123055 0.169375 0.0261669024045 0.08375
0 0.332036775106 0.12125 0.0289957567185 0.0725
0 0.521923620934 0.155 0.025459688826 0.055
0 0.574964639321 0.16875 0.035360678925 0.1
0 0.670438472419 0.081875 0.025459688826 0.05375
0 0.63684582744 0.33875 0.0275813295615 0.08
0 0.776874115983 0.1775 0.0261669024045 0.0475
0 0.876591230552 0.151875 0.0275813295615 0.05625
0 0.879420084866 0.2825 0.0360678925035 0.075
0 0.831683168317 0.361875 0.031117397454 0.08125
0 0.94801980198 0.265 0.0275813295615 0.05
0 0.656294200849 0.2225 0.021216407355 0.065
0 0.725601131542 0.15 0.018387553041 0.06
0 0.256364922207 0.364375 0.0360678925035 0.08375
0 0.399222065064 0.631875 0.0275813295615 0.08125
0 0.425388967468 0.59625 0.0289957567185 0.05
0 0.590523338048 0.60375 0.031117397454 0.085
0 0.847595473833 0.671875 0.0261669024045 0.06375
0 0.879773691655 0.705 0.029702970297 0.075
0 0.973833097595 0.654375 0.026874115983 0.10125
0 0.713224893918 0.6775 0.0261669024045 0.0625
