0 0.570833333333 0.773611111111 0.0645833333333 0.191666666667
0 0.799479166667 0.128703703704 0.0510416666667 0.122222222222
0 0.383854166667 0.843981481481 0.0510416666667 0.139814814815
0 0.2546875 0.525462962963 0.034375 0.0805555555556
0 0.18125 0.594444444444 0.0375 0.0851851851852
0 0.126302083333 0.188425925926 0.0432291666667 0.0898148148148
0 0.141666666667 0.688888888889 0.0239583333333 0.0555555555556
0 0.0747395833333 0.345833333333 0.0203125 0.0453703703704
0 0.48984375 0.210648148148 0.0328125 0.0768518518519
0 0.920833333333 0.403240740741 0.122916666667 0.149074074074
0 0.739583333333 0.348148148148 0.0302083333333 0.0851851851852
