0 0.806795662861 0.433095462782 0.0159744408946 0.05
0 0.784032084586 0.727450301491 0.0135782747604 0.0322580645161
0 0.789223777877 0.754063204717 0.0127795527157 0.0403225806452
0 0.745693426439 0.762934172459 0.0135782747604 0.0258064516129
0 0.719734959986 0.702450301491 0.0159744408946 0.0435483870968
0 0.65463911334 0.726643849878 0.0183706070288 0.0564516129032
0 0.592338793851 0.795192236975 0.0167731629393 0.0516129032258
0 0.562386717174 0.829063204717 0.0191693290735 0.0483870967742
0 0.72053368203 0.564547075685 0.0143769968051 0.0483870967742
0 0.605917068612 0.458095462782 0.0167731629393 0.0548387096774
0 0.590741349762 0.405676107943 0.0183706070288 0.0596774193548
0 0.762865950401 0.512934172459 0.0207667731629 0.0677419354839
0 0.46534198874 0.416159978911 0.0183706070288 0.0516129032258
0 0.430198218772 0.462934172459 0.0167731629393 0.058064516129
0 0.401044864139 0.734708366007 0.0207667731629 0.0629032258065
0 0.285629528676 0.412934172459 0.0199680511182 0.058064516129
0 0.325565630912 0.53551481762 0.026357827476 0.0612903225806
0 0.357115151679 0.691966430524 0.0239616613419 0.0677419354839
0 0.376683841775 0.762934172459 0.0215654952077 0.0677419354839
0 0.259671062222 0.794385785362 0.0207667731629 0.0532258064516
0 0.208153490337 0.866966430524 0.0279552715655 0.0758064516129
0 0.103121541455 0.812934172459 0.0207667731629 0.0612903225806
0 0.0831534903371 0.843579333749 0.0271565495208 0.0709677419355
0 0.073169464778 0.288740624072 0.0215654952077 0.0548387096774
0 0.0807573242029 0.432289011169 0.0271565495208 0.0741935483871
