0 0.298331015299 0.156950672646 0.0264255910987 0.0466367713004
0 0.340751043115 0.277578475336 0.0208623087622 0.0493273542601
0 0.401251738526 0.339013452915 0.0264255910987 0.0466367713004
0 0.534422809458 0.288789237668 0.0229485396384 0.0394618834081
0 0.588317107093 0.265919282511 0.0236439499305 0.0367713004484
0 0.607093184979 0.301793721973 0.0250347705146 0.0600896860987
0 0.667593880389 0.242600896861 0.0305980528512 0.0690582959641
0 0.676634214186 0.462331838565 0.029207232267 0.0439461883408
0 0.627607788595 0.75067264574 0.0326842837274 0.0609865470852
0 0.555980528512 0.657847533632 0.028511821975 0.0547085201794
0 0.46140472879 0.536322869955 0.0243393602225 0.0538116591928
0 0.371001390821 0.478475336323 0.0215577190542 0.0439461883408
0 0.40611961057 0.559641255605 0.0250347705146 0.0304932735426
0 0.319888734353 0.521076233184 0.0180806675939 0.0304932735426
0 0.26668984701 0.47264573991 0.0173852573018 0.0394618834081
0 0.252086230876 0.489686098655 0.0104311543811 0.0286995515695
0 0.859179415855 0.345739910314 0.0326842837274 0.0654708520179
0 0.791029207232 0.713004484305 0.0368567454798 0.0591928251121
0 0.832406119611 0.70269058296 0.0347705146036 0.0349775784753
0 0.454102920723 0.208968609865 0.0208623087622 0.037668161435
