0 0.766287160025 0.382462686567 0.0246679316888 0.0485074626866
0 0.773244781784 0.453731343284 0.0234029095509 0.044776119403
0 0.811827956989 0.448880597015 0.0246679316888 0.0305970149254
0 0.965844402277 0.502611940299 0.0215053763441 0.0335820895522
0 0.753004427577 0.715298507463 0.0271979759646 0.0425373134328
0 0.785262492094 0.741044776119 0.022137887413 0.0268656716418
0 0.795066413662 0.808955223881 0.0278304870335 0.0477611940299
0 0.626818469323 0.706343283582 0.0215053763441 0.0425373134328
0 0.550284629981 0.709328358209 0.022770398482 0.0485074626866
0 0.489879822897 0.571641791045 0.0196078431373 0.0373134328358
0 0.479759645794 0.544029850746 0.0208728652751 0.0223880597015
0 0.65559772296 0.512686567164 0.0234029095509 0.034328358209
0 0.59550917141 0.341044776119 0.0196078431373 0.0432835820896
0 0.679316888046 0.411940298507 0.0215053763441 0.0328358208955
0 0.516445287793 0.272388059701 0.0196078431373 0.0253731343284
0 0.470904490829 0.244776119403 0.0297280202404 0.0567164179104
0 0.422833649589 0.148507462687 0.0183428209994 0.0283582089552
0 0.381087919039 0.301492537313 0.0246679316888 0.0358208955224
0 0.347564832385 0.460074626866 0.0246679316888 0.0455223880597
0 0.228652751423 0.432462686567 0.022137887413 0.0350746268657
0 0.118279569892 0.354850746269 0.022770398482 0.039552238806
0 0.083807716635 0.355970149254 0.0196078431373 0.0417910447761
0 0.196078431373 0.130223880597 0.022770398482 0.039552238806
0 0.308032890576 0.131343283582 0.0215053763441 0.0238805970149
0 0.215053763441 0.198507462687 0.0253004427577 0.0462686567164
