0 0.173417212745 0.14277483556 0.0421875 0.113888888889
0 0.110135962745 0.112219280004 0.0427083333333 0.0768518518519
0 0.210917212745 0.631663724449 0.0380208333333 0.0842592592593
0 0.316385962745 0.0821266874117 0.0260416666667 0.0537037037037
0 0.501021379412 0.206200761486 0.0182291666667 0.0537037037037
0 0.664042212745 0.186293354078 0.0213541666667 0.0675925925926
0 0.697115129412 0.201571131856 0.01875 0.0537037037037
0 0.710917212745 0.233978539264 0.0192708333333 0.0425925925926
0 0.625760962745 0.536293354078 0.0166666666667 0.0564814814815
0 0.641385962745 0.529811872597 0.015625 0.0342592592593
0 0.587479712745 0.435830391115 0.0192708333333 0.05
0 0.570292212745 0.628885946671 0.0213541666667 0.0675925925926
0 0.508833879412 0.68027483556 0.0192708333333 0.0592592592593
0 0.484875546079 0.653885946671 0.0192708333333 0.0435185185185
0 0.503625546079 0.321478539264 0.0223958333333 0.0583333333333
0 0.414823462745 0.211293354078 0.0197916666667 0.0416666666667
0 0.363260962745 0.683515576301 0.0166666666667 0.0490740740741
0 0.279406796079 0.347867428152 0.028125 0.0685185185185
0 0.269250546079 0.547867428152 0.0223958333333 0.0574074074074
0 0.181229712745 0.759904465189 0.0234375 0.0388888888889
0 0.222375546079 0.697867428152 0.0203125 0.0444444444444
