0 0.749280759083 0.19516805081 0.0278184480234 0.0700985761227
0 0.671315898175 0.174357536023 0.0314787701318 0.0854326396495
0 0.701696571675 0.389034425399 0.0292825768668 0.0766703176342
0 0.805649719552 0.331531687173 0.0190336749634 0.0646221248631
0 0.569558943563 0.381915038762 0.0270863836018 0.0733844468784
0 0.517216337414 0.462966517403 0.0278184480234 0.0646221248631
0 0.588226586316 0.696263341062 0.0234260614934 0.0558598028478
0 0.651916191001 0.719264436352 0.0278184480234 0.0624315443593
0 0.699134346199 0.767457207436 0.0270863836018 0.0711938663746
0 0.736103599493 0.789363012475 0.0292825768668 0.0755750273823
0 0.402648255423 0.757051950043 0.0226939970717 0.0591456736035
0 0.432662896711 0.740622596264 0.0270863836018 0.0416210295728
0 0.516118240781 0.668333439638 0.0256222547584 0.0700985761227
0 0.385444741514 0.351794556834 0.0263543191801 0.0416210295728
0 0.354698035803 0.32112642978 0.0263543191801 0.0481927710843
0 0.289544302275 0.537446254534 0.0278184480234 0.0383351588171
0 0.322853233461 0.710502114337 0.0256222547584 0.0492880613363
0 0.276733174896 0.783886561215 0.0300146412884 0.0558598028478
0 0.1822968645 0.731312629123 0.0212298682284 0.0470974808324
0 0.162165092904 0.418059617075 0.0219619326501 0.0295728368018
0 0.0999396170626 0.446537163625 0.0219619326501 0.0470974808324
0 0.225122633168 0.66942872989 0.0190336749634 0.0240963855422
0 0.372267581923 0.415869036571 0.0219619326501 0.0427163198248
