0 0.234016527204 0.707369833403 0.0322916666667 0.075
0 0.213443610537 0.741166129699 0.0286458333333 0.0722222222222
0 0.278287360537 0.652277240811 0.0291666666667 0.0814814814815
0 0.209276943871 0.0782031667365 0.0286458333333 0.0537037037037
0 0.274641527204 0.0795920556254 0.025 0.0546296296296
0 0.239745693871 0.071258722292 0.0270833333333 0.0398148148148
0 0.257193610537 0.296258722292 0.0296875 0.0824074074074
0 0.362141527204 0.292092055625 0.028125 0.0851851851852
0 0.423339443871 0.272647611181 0.0192708333333 0.0537037037037
0 0.426724860537 0.376814277848 0.025 0.0546296296296
0 0.357193610537 0.587925388959 0.0223958333333 0.0675925925926
0 0.403808193871 0.61940687044 0.01875 0.0583333333333
0 0.366308193871 0.628203166736 0.01875 0.05
0 0.533235277204 0.312462425996 0.0192708333333 0.062962962963
0 0.557193610537 0.291629092662 0.0171875 0.0453703703704
0 0.586620693871 0.268480944514 0.0197916666667 0.0564814814815
0 0.729068610537 0.369869833403 0.0140625 0.0277777777778
0 0.634537360537 0.464314277848 0.0166666666667 0.0444444444444
0 0.504068610537 0.665703166736 0.0213541666667 0.0342592592593
0 0.525683193871 0.638851314885 0.0166666666667 0.0435185185185
0 0.553808193871 0.671721685255 0.01875 0.0537037037037
0 0.614485277204 0.629129092662 0.0192708333333 0.0444444444444
0 0.643391527204 0.69440687044 0.0197916666667 0.0472222222222
0 0.768651943871 0.391166129699 0.0151041666667 0.0444444444444
0 0.686099860537 0.588851314885 0.0145833333333 0.0231481481481
0 0.720995693871 0.641166129699 0.0135416666667 0.0388888888889
0 0.836099860537 0.595332796366 0.0135416666667 0.0361111111111
0 0.759797777204 0.584221685255 0.0140625 0.0324074074074
0 0.888964443871 0.377277240811 0.0119791666667 0.0277777777778
0 0.867089443871 0.356443907477 0.0151041666667 0.0324074074074
0 0.598339443871 0.615703166736 0.0119791666667 0.0212962962963
