0 0.682079866713 0.303417533334 0.0206489675516 0.038493038493
0 0.708997270843 0.363614093531 0.0154867256637 0.027846027846
0 0.706416149899 0.338225068142 0.0206489675516 0.034398034398
0 0.550811430135 0.479912209829 0.0176991150442 0.034398034398
0 0.540118214795 0.393507623424 0.0228613569322 0.030303030303
0 0.51799432099 0.178110408027 0.0258112094395 0.028665028665
0 0.456416149899 0.493016222933 0.023598820059 0.042588042588
0 0.371976621875 0.486054715971 0.0272861356932 0.043407043407
0 0.34985272807 0.455751685668 0.0243362831858 0.033579033579
0 0.247345353438 0.477045706962 0.0272861356932 0.0515970515971
0 0.402212610076 0.0859728158893 0.0243362831858 0.027846027846
