0 0.853327904862 0.38388988032 0.0239583333333 0.0472222222222
0 0.947859154862 0.450093584024 0.0234375 0.05
0 0.790046654862 0.365834324764 0.0171875 0.0462962962963
0 0.922338321529 0.583426917357 0.0213541666667 0.0574074074074
0 0.878588321529 0.616297287727 0.0223958333333 0.0546296296296
0 0.897077904862 0.644538028468 0.0177083333333 0.05
0 0.704890404862 0.687593584024 0.0166666666667 0.0398148148148
0 0.671296654862 0.654723213653 0.0161458333333 0.0481481481481
0 0.658275821529 0.402408398838 0.0140625 0.0435185185185
0 0.675723738195 0.356575065505 0.0166666666667 0.0444444444444
0 0.612442488195 0.606575065505 0.0119791666667 0.0407407407407
0 0.557494571529 0.483426917357 0.0125 0.0351851851852
0 0.518692488195 0.447778769209 0.0161458333333 0.0472222222222
0 0.483536238195 0.386204695135 0.0104166666667 0.0333333333333
0 0.503067488195 0.607038028468 0.00989583333333 0.025
0 0.498119571529 0.622778769209 0.0104166666667 0.0212962962963
0 0.534057071529 0.631112102542 0.0104166666667 0.0231481481481
0 0.555932071529 0.586667658098 0.0135416666667 0.0305555555556
0 0.585359154862 0.636667658098 0.0119791666667 0.0342592592593
0 0.619994571529 0.40426025069 0.009375 0.0305555555556
0 0.771817488195 0.62601950995 0.00989583333333 0.0277777777778
0 0.783536238195 0.62138988032 0.0145833333333 0.0388888888889
