0 0.0886194029851 0.532428355958 0.0628109452736 0.078431372549
0 0.380597014925 0.407993966817 0.0435323383085 0.0904977375566
0 0.357587064677 0.336726998492 0.0398009950249 0.0565610859729
0 0.313743781095 0.542986425339 0.0317164179104 0.0482654600302
0 0.352611940299 0.599170437406 0.0298507462687 0.0671191553544
0 0.607587064677 0.345399698341 0.0286069651741 0.0497737556561
0 0.734141791045 0.406862745098 0.0230099502488 0.0369532428356
0 0.763992537313 0.481146304676 0.0254975124378 0.0377073906486
0 0.792910447761 0.50641025641 0.0186567164179 0.0324283559578
0 0.670087064677 0.610105580694 0.0205223880597 0.0377073906486
