0 0.350706119704 0.653846153846 0.0531271015467 0.117307692308
0 0.140215198386 0.0865384615385 0.0504371217216 0.0826923076923
0 0.197041022192 0.255288461538 0.053799596503 0.102884615385
0 0.241425689307 0.559134615385 0.0524546065905 0.135576923077
0 0.793207800941 0.834615384615 0.0558170813719 0.103846153846
0 0.8261600538 0.732692307692 0.0423671822461 0.0788461538462
0 0.958641560188 0.600961538462 0.0437121721587 0.0903846153846
0 0.306321452589 0.698557692308 0.039677202421 0.110576923077
0 0.533624747814 0.10625 0.0383322125084 0.0932692307692
0 0.592804303968 0.663942307692 0.0531271015467 0.1125
0 0.658708809684 0.0788461538462 0.0369872225958 0.0769230769231
0 0.849361129792 0.147115384615 0.0470746469401 0.103846153846
0 0.933759246806 0.0932692307692 0.0450571620713 0.0596153846154
0 0.838937457969 0.0394230769231 0.0450571620713 0.0730769230769
0 0.423335574983 0.0442307692308 0.0638870208473 0.0788461538462
