0 0.0977927651747 0.559514487079 0.0349478847333 0.0462020360219
0 0.124770079706 0.715348472984 0.0300429184549 0.0634299138606
0 0.258430410791 0.734534064213 0.0226854690374 0.0344557556774
0 0.167381974249 0.398590446359 0.0245248313918 0.0344557556774
0 0.213979153893 0.408770555991 0.0183936235438 0.0266249021143
0 0.298283261803 0.370007830854 0.0165542611895 0.0305403288958
0 0.323421213979 0.438919342208 0.0202329858982 0.0399373531715
0 0.417841814838 0.476898981989 0.0165542611895 0.0344557556774
0 0.470263641937 0.518010963195 0.0171673819742 0.0352388410337
0 0.369098712446 0.65465935787 0.0183936235438 0.03602192639
0 0.394543225015 0.65896632733 0.017780502759 0.0368050117463
0 0.435622317597 0.598277212216 0.017780502759 0.0422866092404
0 0.341814837523 0.735317149569 0.0165542611895 0.0407204385278
0 0.435009196812 0.304228660924 0.0165542611895 0.0399373531715
0 0.465358675659 0.304228660924 0.0147148988351 0.0321064996085
0 0.481912936849 0.319107282694 0.0134886572655 0.025841816758
