0 0.128419052904 0.662249406368 0.0811320754717 0.109072375127
0 0.247286977433 0.633197418601 0.0679245283019 0.0835881753313
0 0.313324713282 0.065409447143 0.0660377358491 0.0733944954128
0 0.238796411395 0.0572545032083 0.0452830188679 0.0509683995923
0 0.569928486867 0.593442066919 0.0396226415094 0.0611620795107
0 0.60577754347 0.607203534809 0.0283018867925 0.0417940876656
0 0.728890751018 0.606693850813 0.0235849056604 0.0407747196738
0 0.427947354791 0.558783555196 0.0330188679245 0.0632008154944
0 0.661909618942 0.344206592913 0.0292452830189 0.0581039755352
0 0.758136034036 0.328406389039 0.0292452830189 0.0489296636086
0 0.710494524602 0.22697927385 0.0283018867925 0.0499490316004
0 0.64398509064 0.144920150507 0.0330188679245 0.0550458715596
0 0.511437920829 0.169384982311 0.0320754716981 0.0509683995923
0 0.535494524602 0.130648998621 0.0405660377358 0.0713557594292
0 0.122758675546 0.417601088325 0.0264150943396 0.0479102956167
