0 0.894912190615 0.14544012655 0.0371720116618 0.0706179066835
0 0.826399071081 0.190206835251 0.048833819242 0.114754098361
0 0.667506942801 0.14859271167 0.0269679300292 0.0542244640605
0 0.793235805775 0.678227011796 0.0451895043732 0.0819672131148
0 0.627055047757 0.732451475856 0.0276967930029 0.0517023959647
0 0.711967584201 0.400799521254 0.0357142857143 0.0794451450189
0 0.729095864084 0.614544792376 0.0291545189504 0.093316519546
0 0.504606068166 0.715427516209 0.0233236151603 0.0580075662043
0 0.480189158545 0.737495612048 0.0240524781341 0.0643127364439
0 0.420422394696 0.691467869299 0.0225947521866 0.0655737704918
0 0.36393551423 0.606348071064 0.0189504373178 0.0592686002522
0 0.34753609732 0.599412383801 0.015306122449 0.0378310214376
0 0.481646884492 0.281001286701 0.0196793002915 0.0441361916772
0 0.277929683326 0.327659546474 0.0189504373178 0.046658259773
0 0.29032035388 0.294872661228 0.0204081632653 0.0567465321564
0 0.323119187699 0.27595715051 0.0189504373178 0.0592686002522
0 0.77975184076 0.751997503599 0.0284256559767 0.0554854981084
0 0.400014231431 0.507987415327 0.018221574344 0.0491803278689
0 0.480553590031 0.39071124887 0.0218658892128 0.061790668348
