0 0.407610632442 0.279513561207 0.0275 0.0458579881657
0 0.291360632442 0.479587525704 0.02625 0.0465976331361
0 0.479485632442 0.679291667715 0.02 0.0362426035503
0 0.786985632442 0.786910010911 0.0175 0.0310650887574
0 0.784173132442 0.805770957656 0.015625 0.0184911242604
0 0.726985632442 0.770267999076 0.015 0.0199704142012
0 0.714173132442 0.711466223928 0.016875 0.0310650887574
0 0.660735632442 0.73143663813 0.0175 0.0192307692308
0 0.632923132442 0.676702910319 0.019375 0.0355029585799
0 0.537610632442 0.677072732804 0.0175 0.0347633136095
0 0.831048132442 0.62492776239 0.020625 0.0340236686391
0 0.761048132442 0.619010602627 0.019375 0.0340236686391
0 0.921048132442 0.58868515884 0.020625 0.0310650887574
0 0.681360632442 0.467013561207 0.0175 0.021449704142
0 0.654485632442 0.470341963573 0.0175 0.0369822485207
0 0.650423132442 0.414128945822 0.019375 0.0399408284024
0 0.426048132442 0.572043147005 0.015625 0.0318047337278
0 0.415735632442 0.546895218011 0.0175 0.0184911242604
0 0.563548132442 0.519898176591 0.018125 0.0281065088757
0 0.514173132442 0.360874507952 0.018125 0.0384615384615
0 0.446673132442 0.302072732804 0.018125 0.0244082840237
0 0.346673132442 0.152294626295 0.020625 0.0266272189349
0 0.316985632442 0.314276874816 0.01375 0.0281065088757
0 0.303235632442 0.31316740736 0.01375 0.0258875739645
0 0.157610632442 0.438537229846 0.0175 0.0310650887574
0 0.584173132442 0.430401135171 0.018125 0.0281065088757
