0 0.976331785087 0.0859778183924 0.0439678284182 0.0751879699248
0 0.927002026374 0.151498763613 0.0375335120643 0.118152524168
0 0.880353232808 0.0510691180701 0.0386058981233 0.0805585392052
0 0.787859935221 0.199296830208 0.030563002681 0.0741138560687
0 0.653275484819 0.186944520863 0.026273458445 0.0923737916219
0 0.541211141656 0.170832813022 0.0252010723861 0.0601503759398
0 0.820031516991 0.418953113774 0.0348525469169 0.0837808807734
0 0.891077093398 0.828727549864 0.0332439678284 0.0977443609023
0 0.803677629591 0.913045487565 0.0418230563003 0.107411385607
0 0.661318380261 0.728834961249 0.027345844504 0.0912996777658
0 0.635581114846 0.688555691647 0.027345844504 0.0451127819549
0 0.463999345409 0.696611545567 0.0316353887399 0.0912996777658
0 0.488128031736 0.185870407007 0.0359249329759 0.122448979592
0 0.390808996883 0.0865148753204 0.0214477211796 0.0569280343716
0 0.418691034417 0.382970299595 0.0278820375335 0.078410311493
0 0.337189693934 0.758910149219 0.0268096514745 0.0698174006445
0 0.209307656401 0.746557839875 0.0241286863271 0.0665950590763
0 0.17874465372 0.783614767909 0.028418230563 0.078410311493
0 0.089200417795 0.721853221185 0.0327077747989 0.10096670247
0 0.284642777044 0.199296830208 0.0225201072386 0.046186895811
0 0.1838384875 0.314764069735 0.0321715817694 0.0730397422127
0 0.121371999564 0.288985337189 0.0219839142091 0.0537056928034
0 0.230487281066 0.403378462861 0.0300268096515 0.093447905478
0 0.0168143588137 0.592422501529 0.029490616622 0.0912996777658
0 0.190272803854 0.165462243741 0.0225201072386 0.0601503759398
0 0.0688250826743 0.457621212592 0.0230563002681 0.0601503759398
