0 0.620833333333 0.351851851852 0.0177083333333 0.0481481481481
0 0.607291666667 0.333333333333 0.0145833333333 0.0333333333333
0 0.67265625 0.387037037037 0.0182291666667 0.05
0 0.761458333333 0.274074074074 0.0208333333333 0.0425925925926
0 0.566145833333 0.260185185185 0.0166666666667 0.0351851851852
0 0.59296875 0.555555555556 0.0151041666667 0.0333333333333
0 0.5859375 0.579166666667 0.015625 0.0324074074074
0 0.666927083333 0.52962962963 0.0161458333333 0.0462962962963
0 0.633854166667 0.588888888889 0.0135416666667 0.0259259259259
0 0.719270833333 0.601388888889 0.0177083333333 0.0527777777778
0 0.747916666667 0.553703703704 0.021875 0.0592592592593
0 0.852864583333 0.637962962963 0.0234375 0.0685185185185
0 0.827604166667 0.259259259259 0.0208333333333 0.062962962963
0 0.86640625 0.184722222222 0.0255208333333 0.0675925925926
0 0.930989583333 0.695833333333 0.0307291666667 0.0694444444444
0 0.916145833333 0.400462962963 0.028125 0.0472222222222
0 0.68359375 0.223148148148 0.0203125 0.0351851851852
