0 0.269791666667 0.149537037037 0.0229166666667 0.0564814814815
0 0.336979166667 0.286111111111 0.0229166666667 0.0740740740741
0 0.406770833333 0.342592592593 0.021875 0.0666666666667
0 0.42890625 0.143055555556 0.0244791666667 0.0564814814815
0 0.525520833333 0.206018518519 0.0239583333333 0.0638888888889
0 0.572135416667 0.15 0.0223958333333 0.0574074074074
0 0.59765625 0.188425925926 0.0265625 0.087962962963
0 0.639583333333 0.0805555555556 0.0302083333333 0.0925925925926
0 0.698177083333 0.375 0.0286458333333 0.0907407407407
0 0.409375 0.538888888889 0.0239583333333 0.062962962963
0 0.3703125 0.616666666667 0.01875 0.0518518518519
0 0.308072916667 0.578240740741 0.0213541666667 0.0453703703704
0 0.302864583333 0.614351851852 0.0213541666667 0.0342592592593
0 0.460677083333 0.622222222222 0.0244791666667 0.0574074074074
0 0.508333333333 0.571759259259 0.021875 0.0787037037037
0 0.624739583333 0.683796296296 0.0276041666667 0.0787037037037
0 0.71484375 0.771296296296 0.0338541666667 0.0925925925926
0 0.84765625 0.116203703704 0.0348958333333 0.0916666666667
0 0.861458333333 0.640740740741 0.0416666666667 0.0962962962963
0 0.898697916667 0.600462962963 0.0369791666667 0.0583333333333
