0 0.183854166667 0.137962962963 0.0291666666667 0.0703703703704
0 0.25703125 0.279166666667 0.0286458333333 0.0768518518519
0 0.330208333333 0.339351851852 0.0291666666667 0.0731481481481
0 0.35390625 0.135648148148 0.0244791666667 0.0527777777778
0 0.452864583333 0.205555555556 0.0213541666667 0.0574074074074
0 0.497135416667 0.15462962963 0.0223958333333 0.0555555555556
0 0.523177083333 0.191203703704 0.0286458333333 0.0824074074074
0 0.564322916667 0.0837962962963 0.0307291666667 0.0972222222222
0 0.755208333333 0.140277777778 0.0260416666667 0.0861111111111
0 0.617447916667 0.375 0.0296875 0.0759259259259
0 0.2265625 0.581481481481 0.0208333333333 0.05
0 0.2203125 0.621296296296 0.0229166666667 0.0425925925926
0 0.293229166667 0.623611111111 0.0197916666667 0.0453703703704
0 0.333333333333 0.539814814815 0.0229166666667 0.062962962963
0 0.436458333333 0.57037037037 0.0229166666667 0.0740740740741
0 0.383854166667 0.63287037037 0.0239583333333 0.0361111111111
0 0.5484375 0.679166666667 0.028125 0.0824074074074
0 0.63125 0.765277777778 0.028125 0.0842592592593
0 0.766145833333 0.63287037037 0.03125 0.0842592592593
0 0.796875 0.59537037037 0.0291666666667 0.0407407407407
0 0.92578125 0.0685185185185 0.0338541666667 0.0611111111111
