0 0.84420121139 0.752962745833 0.0484375 0.109259259259
0 0.789253294723 0.0853701532399 0.0427083333333 0.118518518519
0 0.631440794723 0.131666449536 0.0364583333333 0.109259259259
0 0.543940794723 0.0932405236103 0.0302083333333 0.0805555555556
0 0.47466996139 0.174722005092 0.01875 0.0583333333333
0 0.430659544723 0.271944227314 0.0192708333333 0.0601851851852
0 0.498628294723 0.315462745833 0.021875 0.0694444444444
0 0.55982621139 0.615462745833 0.0286458333333 0.0638888888889
0 0.486909544723 0.646481264351 0.0203125 0.0592592592593
0 0.424409544723 0.594629412499 0.0182291666667 0.0425925925926
0 0.522586628056 0.601573856944 0.025 0.0601851851852
