0 0.26993067122 0.261839794947 0.0664310954064 0.1210571185
0 0.263216890301 0.520151815408 0.0402826855124 0.076726342711
0 0.199259293128 0.439589155561 0.043816254417 0.0707587382779
0 0.591132084647 0.24265820927 0.0332155477032 0.0605285592498
0 0.479471307262 0.653570400233 0.0275618374558 0.0571184995737
0 0.657563180054 0.552121124871 0.0233215547703 0.0434782608696
0 0.731061413269 0.318105779602 0.0233215547703 0.0494458653026
0 0.760743392068 0.419555054964 0.0204946996466 0.0426257459506
0 0.792545512209 0.446835532373 0.017667844523 0.0272804774084
0 0.238835264859 0.176588303046 0.0409893992933 0.075021312873
