0 0.173917125489 0.530726787524 0.0206378986867 0.0291734197731
0 0.10731299791 0.607712200814 0.0200125078174 0.030794165316
0 0.223010308729 0.494665199193 0.015009380863 0.0283630470016
0 0.15109035876 0.678214631932 0.0187617260788 0.0356564019449
0 0.192991547003 0.680645750247 0.0187617260788 0.0340356564019
0 0.182359902225 0.704956933391 0.015009380863 0.030794165316
0 0.349026568892 0.65471382156 0.0143839899937 0.0243111831442
0 0.371227944752 0.621893724315 0.0137585991245 0.0299837925446
0 0.338394924114 0.464276220263 0.0118824265166 0.0275526742301
0 0.315880852819 0.443206528205 0.0143839899937 0.0275526742301
0 0.411565655821 0.569219494169 0.010631644778 0.0251215559157
0 0.435643204289 0.473190320749 0.0112570356473 0.0226904376013
0 0.461909620799 0.436318359647 0.0137585991245 0.0299837925446
0 0.480358651443 0.385264875044 0.0093808630394 0.0202593192869
0 0.501934636434 0.526269737281 0.00875547217011 0.015397082658
0 0.508813935996 0.533563092224 0.00875547217011 0.0137763371151
0 0.480358651443 0.553012038739 0.0093808630394 0.015397082658
0 0.454717625802 0.534778651381 0.0118824265166 0.0194489465154
0 0.43908285407 0.576512849112 0.010631644778 0.0218800648298
0 0.370289858448 0.450499883148 0.00813008130081 0.0194489465154
0 0.283047832181 0.64417897553 0.00875547217011 0.0178282009724
0 0.272416187403 0.645799721073 0.0125078173859 0.0243111831442
