0 0.732919254658 0.393480791618 0.0201863354037 0.0419091967404
0 0.65100931677 0.394644935972 0.0256211180124 0.0651920838184
0 0.605201863354 0.282305005821 0.0240683229814 0.0454016298021
0 0.600543478261 0.324214202561 0.0225155279503 0.0407450523865
0 0.546583850932 0.334691501746 0.026397515528 0.0477299185099
0 0.546195652174 0.267753201397 0.0271739130435 0.0605355064028
0 0.377329192547 0.363213038417 0.0341614906832 0.0861466821886
0 0.607142857143 0.631548311991 0.027950310559 0.0616996507567
0 0.479037267081 0.569266589057 0.027950310559 0.0675203725262
0 0.498447204969 0.511641443539 0.0295031055901 0.0593713620489
0 0.412267080745 0.850989522701 0.0310559006211 0.0628637951106
0 0.160326086957 0.160651920838 0.042701863354 0.0651920838184
0 0.0415372670807 0.196158323632 0.0535714285714 0.0942956926659
0 0.0578416149068 0.0256111757858 0.0395962732919 0.0488940628638
0 0.0784161490683 0.599534342258 0.0574534161491 0.118742724098
0 0.034549689441 0.54190919674 0.0442546583851 0.0756693830035
0 0.118400621118 0.797438882421 0.0442546583851 0.0721769499418
0 0.206133540373 0.847497089639 0.041149068323 0.0977881257276
