0 0.391485268623 0.461695711277 0.0147232037691 0.0269337016575
0 0.345548872864 0.446847644978 0.010011778563 0.017955801105
0 0.433593631403 0.459278584205 0.0106007067138 0.0193370165746
0 0.41975381986 0.558035490282 0.00883392226148 0.0151933701657
0 0.420342748011 0.570466429509 0.00883392226148 0.0165745856354
0 0.451850404077 0.556308970945 0.0106007067138 0.0131215469613
0 0.459212005961 0.516944330061 0.010011778563 0.0186464088398
0 0.51162661138 0.496226098017 0.0123674911661 0.0255524861878
0 0.578764420567 0.491737147741 0.0123674911661 0.0234806629834
0 0.49690340761 0.524195711277 0.0111896348645 0.0110497237569
0 0.465395751545 0.380549302437 0.00942285041225 0.017955801105
0 0.497197871686 0.356032727851 0.0129564193168 0.0227900552486
0 0.503087153194 0.319085214039 0.0141342756184 0.0276243093923
0 0.619694927045 0.489665324536 0.0164899882214 0.024861878453
0 0.662392217976 0.41335316984 0.010011778563 0.0172651933702
0 0.671226140237 0.398850407409 0.0147232037691 0.0131215469613
0 0.605266187351 0.256930517906 0.0159010600707 0.0276243093923
0 0.563452288647 0.38814598752 0.0135453474676 0.0165745856354
0 0.677998813971 0.218256484757 0.020023557126 0.0317679558011
0 0.759859826927 0.341875269288 0.0117785630153 0.024861878453
0 0.779883384053 0.386074164315 0.0141342756184 0.017955801105
