0 0.846875 0.115740740741 0.034375 0.0925925925926
0 0.67578125 0.14537037037 0.0369791666667 0.103703703704
0 0.73359375 0.121759259259 0.0296875 0.062037037037
0 0.648177083333 0.610648148148 0.0348958333333 0.117592592593
0 0.867447916667 0.643055555556 0.0286458333333 0.0824074074074
0 0.834635416667 0.601388888889 0.0369791666667 0.0453703703704
0 0.561197916667 0.075 0.0213541666667 0.0537037037037
0 0.594791666667 0.325462962963 0.028125 0.0675925925926
0 0.4015625 0.627314814815 0.0197916666667 0.0527777777778
0 0.376822916667 0.651851851852 0.0234375 0.062962962963
0 0.31171875 0.603240740741 0.0265625 0.0675925925926
0 0.515885416667 0.648148148148 0.0213541666667 0.0481481481481
0 0.254427083333 0.509722222222 0.0213541666667 0.062037037037
0 0.3859375 0.171296296296 0.0177083333333 0.05
0 0.46640625 0.184722222222 0.0223958333333 0.0398148148148
0 0.293489583333 0.402777777778 0.0203125 0.0518518518519
0 0.382291666667 0.285185185185 0.0239583333333 0.0648148148148
0 0.208333333333 0.13287037037 0.025 0.0731481481481
0 0.170833333333 0.144444444444 0.025 0.0703703703704
0 0.15390625 0.176388888889 0.0234375 0.0564814814815
0 0.233072916667 0.493055555556 0.0182291666667 0.0546296296296
