0 0.0255208333333 0.154166666667 0.0322916666667 0.062037037037
0 0.021875 0.296296296296 0.0354166666667 0.0777777777778
0 0.137760416667 0.641666666667 0.0307291666667 0.0462962962963
0 0.179947916667 0.60462962963 0.0234375 0.0518518518519
0 0.216927083333 0.641666666667 0.0213541666667 0.0592592592593
0 0.2875 0.581944444444 0.0197916666667 0.0509259259259
0 0.317708333333 0.650925925926 0.01875 0.0462962962963
0 0.18828125 0.237037037037 0.0213541666667 0.0703703703704
0 0.215625 0.22037037037 0.021875 0.0425925925926
0 0.254947916667 0.201388888889 0.0213541666667 0.062037037037
0 0.308333333333 0.418518518519 0.0177083333333 0.0388888888889
0 0.00885416666667 0.593981481481 0.0135416666667 0.0712962962963
0 0.0645833333333 0.522685185185 0.0239583333333 0.0324074074074
0 0.403645833333 0.591666666667 0.0125 0.0314814814815
0 0.40859375 0.331944444444 0.0119791666667 0.0212962962963
0 0.444791666667 0.35787037037 0.0125 0.037962962963
0 0.366666666667 0.543518518519 0.0125 0.0203703703704
0 0.348177083333 0.558333333333 0.0161458333333 0.0259259259259
0 0.507291666667 0.544907407407 0.0104166666667 0.0305555555556
0 0.477083333333 0.573148148148 0.0104166666667 0.0296296296296
0 0.436979166667 0.537037037037 0.0125 0.0296296296296
0 0.549479166667 0.355555555556 0.00833333333333 0.0222222222222
0 0.534114583333 0.336111111111 0.00989583333333 0.0296296296296
0 0.2546875 0.296759259259 0.0197916666667 0.0416666666667
0 0.456770833333 0.349074074074 0.009375 0.0166666666667
0 0.336979166667 0.293055555556 0.00833333333333 0.0268518518519
0 0.544010416667 0.337962962963 0.00885416666667 0.0240740740741
