0 0.731343283582 0.144329896907 0.0252583237658 0.0438144329897
0 0.700344431688 0.0541237113402 0.0298507462687 0.0335051546392
0 0.563145809414 0.273840206186 0.0309988518944 0.0425257731959
0 0.483352468427 0.286726804124 0.0252583237658 0.0399484536082
0 0.714121699196 0.259020618557 0.0321469575201 0.0386597938144
0 0.725602755454 0.391108247423 0.0298507462687 0.0476804123711
0 0.679678530425 0.452963917526 0.0298507462687 0.0451030927835
0 0.716417910448 0.460051546392 0.0252583237658 0.0412371134021
0 0.892652123995 0.394974226804 0.0309988518944 0.0373711340206
0 0.707807118255 0.505798969072 0.0241102181401 0.0270618556701
0 0.482778415614 0.63337628866 0.0264064293915 0.034793814433
0 0.429965556831 0.626932989691 0.0218140068886 0.034793814433
0 0.323191733639 0.364690721649 0.0241102181401 0.0412371134021
0 0.206659012629 0.557345360825 0.0183696900115 0.0322164948454
0 0.329506314581 0.624355670103 0.0229621125144 0.0399484536082
0 0.243398392652 0.647551546392 0.0229621125144 0.0322164948454
0 0.175660160735 0.707474226804 0.01607347876 0.0257731958763
0 0.175086107922 0.726159793814 0.0172215843858 0.0193298969072
0 0.229047072331 0.705541237113 0.0149253731343 0.0193298969072
0 0.144087256028 0.558634020619 0.0195177956372 0.0322164948454
0 0.0660160734788 0.524484536082 0.0172215843858 0.0309278350515
0 0.299081515499 0.665592783505 0.0195177956372 0.0193298969072
0 0.315729047072 0.411726804124 0.0229621125144 0.0399484536082
0 0.556831228473 0.523195876289 0.0321469575201 0.0360824742268
0 0.53214695752 0.274484536082 0.0172215843858 0.020618556701
