0 0.114393939394 0.13282247765 0.0287878787879 0.066411238825
0 0.128409090909 0.270114942529 0.0325757575758 0.0702426564496
0 0.0590909090909 0.219029374202 0.030303030303 0.0549169859515
0 0.105303030303 0.570881226054 0.0363636363636 0.0893997445722
0 0.110606060606 0.720945083014 0.0287878787879 0.0600255427842
0 0.0602272727273 0.784163473819 0.0325757575758 0.0740740740741
0 0.230681818182 0.749680715198 0.0325757575758 0.0740740740741
0 0.249621212121 0.469987228608 0.025 0.0459770114943
0 0.341666666667 0.441251596424 0.030303030303 0.0830140485313
0 0.405681818182 0.70625798212 0.0325757575758 0.0868454661558
0 0.400378787879 0.213920817369 0.0295454545455 0.0830140485313
0 0.476136363636 0.713282247765 0.0204545454545 0.0498084291188
0 0.490909090909 0.641123882503 0.0257575757576 0.0638569604087
0 0.475757575758 0.516602809706 0.0242424242424 0.0651340996169
0 0.5 0.282247765006 0.0212121212121 0.0740740740741
0 0.134848484848 0.525542784163 0.0227272727273 0.0523627075351
0 0.522348484848 0.2343550447 0.0219696969697 0.0651340996169
0 0.589772727273 0.26245210728 0.0265151515152 0.0727969348659
0 0.696590909091 0.226692209451 0.025 0.0727969348659
0 0.775378787879 0.124521072797 0.0219696969697 0.0421455938697
0 0.789015151515 0.13601532567 0.0159090909091 0.0549169859515
0 0.851136363636 0.308429118774 0.0234848484848 0.0702426564496
0 0.575 0.683908045977 0.0242424242424 0.0727969348659
0 0.815909090909 0.591315453384 0.0272727272727 0.0459770114943
0 0.884848484848 0.63601532567 0.0242424242424 0.0485312899106
0 0.771590909091 0.604086845466 0.0265151515152 0.0383141762452
0 0.548484848485 0.540229885057 0.019696969697 0.0383141762452
0 0.879924242424 0.148148148148 0.0265151515152 0.0561941251596
0 0.945833333333 0.226053639847 0.0280303030303 0.0613026819923
0 0.9625 0.591954022989 0.025 0.0472541507024
