0 0.815123132946 0.295738992982 0.0162721893491 0.0485436893204
0 0.808466328212 0.193190449293 0.0281065088757 0.0594660194175
0 0.713791771999 0.312729284244 0.0221893491124 0.0558252427184
0 0.762608340046 0.326685594924 0.0207100591716 0.0546116504854
0 0.771484079691 0.194404041526 0.0177514792899 0.0303398058252
0 0.637238517561 0.269646759972 0.0155325443787 0.0376213592233
0 0.53775626904 0.269039963856 0.0133136094675 0.0412621359223
0 0.529620174366 0.253870060943 0.0133136094675 0.0303398058252
0 0.496336150697 0.223530255118 0.0177514792899 0.0473300970874
0 0.650182304543 0.352777827933 0.0192307692308 0.0412621359223
0 0.755211890342 0.55484093473 0.0192307692308 0.0473300970874
0 0.68050774833 0.50447685706 0.0162721893491 0.0509708737864
0 0.654989996851 0.522680740555 0.0170118343195 0.0388349514563
0 0.622445618153 0.520253556089 0.0155325443787 0.0461165048544
0 0.576217807502 0.544525400749 0.0177514792899 0.0291262135922
0 0.499294730579 0.544525400749 0.0147928994083 0.0436893203883
0 0.717489996851 0.580933167739 0.0177514792899 0.0339805825243
0 0.77777106194 0.617947730846 0.0199704142012 0.0400485436893
0 0.778880529395 0.583967148322 0.0207100591716 0.0376213592233
0 0.428658635904 0.258724429875 0.0140532544379 0.0400485436893
0 0.335463369632 0.262972002691 0.012573964497 0.0218446601942
0 0.299220766082 0.272680740555 0.0155325443787 0.0388349514563
0 0.303658635904 0.196831225992 0.012573964497 0.0206310679612
0 0.446040292709 0.372802099778 0.0162721893491 0.0303398058252
0 0.385389405135 0.483238992982 0.0147928994083 0.0351941747573
0 0.370226683241 0.462001128904 0.0140532544379 0.0194174757282
0 0.445670470224 0.502049672594 0.0140532544379 0.0339805825243
0 0.426439700993 0.554234138613 0.0155325443787 0.0388349514563
0 0.315862777916 0.501442876477 0.0133136094675 0.0303398058252
0 0.288865736496 0.445617633759 0.0140532544379 0.0327669902913
0 0.254842067857 0.475957439584 0.0140532544379 0.0254854368932
0 0.187534375549 0.472316662885 0.0155325443787 0.0327669902913
0 0.149442659573 0.435302099778 0.0162721893491 0.0388349514563
0 0.204546209869 0.460787536671 0.012573964497 0.0291262135922
0 0.203066919928 0.283603070652 0.0155325443787 0.0339805825243
0 0.124664553064 0.384938022108 0.0140532544379 0.0351941747573
0 0.105803606318 0.182268119196 0.0147928994083 0.0400485436893
0 0.0832444347207 0.179234138613 0.0155325443787 0.0339805825243
0 0.0714101151941 0.198044818225 0.0140532544379 0.0327669902913
0 0.109132008685 0.37765646871 0.0110946745562 0.0303398058252
0 0.452327274957 0.4140642357 0.0110946745562 0.0157766990291
0 0.605803606318 0.267826371623 0.0147928994083 0.0388349514563
