0 0.935156885454 0.740009552753 0.0541310541311 0.132034632035
0 0.720413295711 0.424533362277 0.0633903133903 0.169913419913
0 0.676253751551 0.34931691206 0.0477207977208 0.0974025974026
0 0.816567141865 0.664793102536 0.0505698005698 0.0876623376623
0 0.565498765796 0.75786669561 0.0498575498575 0.113636363636
0 0.546980247278 0.313061500805 0.0356125356125 0.0573593073593
0 0.293418993717 0.300615613359 0.0598290598291 0.11038961039
0 0.215427540725 0.7340571718 0.0534188034188 0.133116883117
0 0.128532953831 0.66154634929 0.0448717948718 0.0898268398268
0 0.123903324201 0.190226002969 0.037037037037 0.0930735930736
0 0.200826401124 0.17128660903 0.039886039886 0.0833333333333
0 0.0501853754829 0.60418704193 0.0363247863248 0.0811688311688
