0 0.0748148148148 0.671474358974 0.111111111111 0.179487179487
0 0.574074074074 0.584935897436 0.0459259259259 0.0673076923077
0 0.14 0.152243589744 0.111111111111 0.163461538462
0 0.431851851852 0.0841346153846 0.0577777777778 0.0945512820513
0 0.194814814815 0.560897435897 0.0548148148148 0.0737179487179
0 0.175555555556 0.650641025641 0.0666666666667 0.102564102564
0 0.22 0.61858974359 0.037037037037 0.0769230769231
0 0.415555555556 0.555288461538 0.0340740740741 0.0689102564103
0 0.681481481481 0.134615384615 0.0355555555556 0.0448717948718
0 0.711111111111 0.13141025641 0.0266666666667 0.0416666666667
