0 0.975210970464 0.144415917843 0.0327004219409 0.0860077021823
0 0.978902953586 0.341463414634 0.035864978903 0.10783055199
0 0.861550632911 0.82028241335 0.0311181434599 0.0641848523748
0 0.818829113924 0.768934531451 0.0237341772152 0.0718870346598
0 0.78138185654 0.82028241335 0.0216244725738 0.0821566110398
0 0.709915611814 0.737483953787 0.0200421940928 0.0706033376123
0 0.679324894515 0.833119383825 0.0189873417722 0.0641848523748
0 0.810390295359 0.259306803594 0.0216244725738 0.0975609756098
0 0.782700421941 0.236200256739 0.0221518987342 0.0590500641849
0 0.742879746835 0.209884467266 0.0216244725738 0.0860077021823
0 0.688818565401 0.510911424904 0.0179324894515 0.0539152759949
0 0.992088607595 0.754172015404 0.0137130801688 0.0988446726573
0 0.935654008439 0.655327342747 0.0242616033755 0.0449293966624
0 0.592299578059 0.750962772786 0.0126582278481 0.0436456996149
0 0.587289029536 0.390885750963 0.0121308016878 0.0295250320924
0 0.550632911392 0.426829268293 0.0126582278481 0.0526315789474
0 0.629746835443 0.684210526316 0.0126582278481 0.0282413350449
0 0.648470464135 0.704749679076 0.0163502109705 0.0359435173299
0 0.487341772152 0.686136071887 0.0105485232068 0.0423620025674
0 0.517932489451 0.725288831836 0.0105485232068 0.0410783055199
0 0.558544303797 0.675224646983 0.0126582278481 0.0410783055199
0 0.444620253165 0.423620025674 0.0084388185654 0.0308087291399
0 0.460179324895 0.396662387677 0.0100210970464 0.0410783055199
0 0.743143459916 0.342105263158 0.0200421940928 0.0577663671374
0 0.538502109705 0.414634146341 0.00949367088608 0.0231065468549
0 0.659810126582 0.336970474968 0.0084388185654 0.0372272143774
0 0.450158227848 0.399229781772 0.00896624472574 0.0333761232349
