0 0.698747659753 0.473556891172 0.014983713355 0.0267471958585
0 0.632949614151 0.530502533968 0.013680781759 0.0250215703192
0 0.567477301447 0.404963275987 0.0104234527687 0.0172562553926
0 0.503633653239 0.447241101699 0.0130293159609 0.0224331320104
0 0.487998474086 0.439044380387 0.0104234527687 0.0181190681622
0 0.555750917082 0.505480963649 0.0117263843648 0.0198446937015
0 0.538487073434 0.527914095659 0.0110749185668 0.0181190681622
0 0.554122252587 0.531365346737 0.0110749185668 0.02329594478
0 0.559008246073 0.449829540007 0.0104234527687 0.0207075064711
0 0.473666226529 0.587879583148 0.00912052117264 0.0172562553926
0 0.502330721643 0.547327382976 0.0104234527687 0.0207075064711
0 0.424154825877 0.577094423528 0.0117263843648 0.0198446937015
0 0.428389353565 0.461908918782 0.00846905537459 0.0172562553926
0 0.425457757473 0.480027986944 0.00912052117264 0.0172562553926
0 0.378226487115 0.538699255279 0.00846905537459 0.0138050043141
0 0.354447985486 0.532659565892 0.0104234527687 0.0224331320104
0 0.325457757473 0.513246278575 0.0071661237785 0.016393442623
0 0.360636910568 0.609449902389 0.00977198697068 0.0172562553926
0 0.382786747701 0.608155683234 0.0071661237785 0.0112165660052
0 0.390278604379 0.583134112915 0.00781758957655 0.016393442623
0 0.649561992001 0.329898565029 0.0104234527687 0.0172562553926
0 0.704936584835 0.282443862699 0.0130293159609 0.0224331320104
0 0.68669554249 0.498147055107 0.0104234527687 0.0172562553926
0 0.674317692327 0.491675959334 0.0104234527687 0.016393442623
