0 0.856390673576 0.0552820293619 0.0378732702112 0.078231292517
0 0.68013430067 0.113105158614 0.040786598689 0.100907029478
0 0.647723521354 0.504828514623 0.0371449380918 0.0702947845805
0 0.876055640801 0.543944160881 0.0320466132556 0.0668934240363
0 0.35056401662 0.545644841153 0.0211216314639 0.0430839002268
0 0.322523230021 0.566619897843 0.0233066278223 0.0600907029478
0 0.25843000351 0.516166383103 0.027676620539 0.0634920634921
0 0.168845152818 0.426030328682 0.0233066278223 0.0555555555556
0 0.132428546846 0.0603840701782 0.0247632920612 0.0725623582766
0 0.330899049395 0.0932638887723 0.0225782957028 0.0408163265306
0 0.069063652454 0.106302437525 0.0233066278223 0.0510204081633
0 0.0850869590818 0.0705881518109 0.0247632920612 0.0612244897959
