0 0.831808585503 0.198138297872 0.0408163265306 0.0593971631206
0 0.660802251935 0.15115248227 0.0295566502463 0.0416666666667
0 0.918367346939 0.356826241135 0.0337790288529 0.0771276595745
0 0.821252638987 0.521276595745 0.0309641097818 0.0390070921986
0 0.675228712175 0.583333333333 0.0204081632653 0.0372340425532
0 0.655172413793 0.615691489362 0.0239268121042 0.0434397163121
0 0.580928923293 0.61524822695 0.0218156228008 0.0478723404255
0 0.497185080929 0.58865248227 0.0232230823364 0.040780141844
0 0.534834623505 0.276595744681 0.0225193525686 0.0336879432624
0 0.377551020408 0.378102836879 0.0204081632653 0.0434397163121
0 0.351864883885 0.410460992908 0.018296973962 0.0390070921986
0 0.347642505278 0.441932624113 0.0168895144265 0.0363475177305
0 0.561224489796 0.358156028369 0.0246305418719 0.0496453900709
0 0.510204081633 0.497340425532 0.0197044334975 0.0372340425532
0 0.630541871921 0.211879432624 0.0211118930331 0.0354609929078
0 0.754046446165 0.616134751773 0.0218156228008 0.0496453900709
