0 0.91484375 0.525462962963 0.0463541666667 0.0972222222222
0 0.830729166667 0.595833333333 0.0385416666667 0.087962962963
0 0.886197916667 0.63287037037 0.0369791666667 0.0935185185185
0 0.977083333333 0.27962962963 0.0354166666667 0.116666666667
0 0.776302083333 0.188888888889 0.0401041666667 0.0981481481481
0 0.857291666667 0.704166666667 0.028125 0.0527777777778
0 0.720572916667 0.592592592593 0.0234375 0.0759259259259
0 0.626041666667 0.682407407407 0.0229166666667 0.0555555555556
0 0.617708333333 0.631018518519 0.0177083333333 0.0472222222222
0 0.61015625 0.207407407407 0.0203125 0.0666666666667
0 0.607552083333 0.275462962963 0.0192708333333 0.062037037037
0 0.57421875 0.262962962963 0.0182291666667 0.0314814814815
0 0.564322916667 0.547222222222 0.0192708333333 0.05
0 0.51328125 0.597222222222 0.0161458333333 0.0407407407407
0 0.453125 0.556018518519 0.0145833333333 0.0416666666667
0 0.496614583333 0.394907407407 0.0171875 0.0453703703704
0 0.4609375 0.364814814815 0.0145833333333 0.0462962962963
0 0.430729166667 0.283796296296 0.0135416666667 0.0324074074074
