0 0.943432609049 0.206769039581 0.0423529411765 0.0953947368421
0 0.855589471794 0.245694478178 0.0423529411765 0.094298245614
0 0.762648295323 0.191966408002 0.0509803921569 0.122807017544
0 0.546962020813 0.132755881687 0.043137254902 0.0723684210526
0 0.46931496199 0.140431320283 0.036862745098 0.0921052631579
0 0.600295354147 0.301067285195 0.0509803921569 0.0975877192982
0 0.890099275715 0.727054127301 0.0470588235294 0.0986842105263
0 0.938334569833 0.785168162388 0.0494117647059 0.0964912280702
0 0.695981628657 0.648655004494 0.043137254902 0.0997807017544
0 0.635197314931 0.684290969406 0.0376470588235 0.0789473684211
0 0.555197314931 0.698545355371 0.0360784313725 0.100877192982
0 0.412844373755 0.807646232564 0.0541176470588 0.0756578947368
0 0.792844373755 0.796681320283 0.0360784313725 0.0625
0 0.271667903166 0.763786583441 0.0541176470588 0.0888157894737
0 0.18931496199 0.839992723792 0.0541176470588 0.094298245614
0 0.259511040421 0.131111144844 0.0533333333333 0.11951754386
0 0.20931496199 0.060935706248 0.0517647058824 0.0800438596491
0 0.0681384914016 0.178808513266 0.0549019607843 0.0921052631579
