0 0.752537097147 0.225623772585 0.0333951762523 0.0907194994786
0 0.683273027883 0.262641499384 0.0333951762523 0.0896767466111
0 0.609989168885 0.211546608873 0.0401978973408 0.116788321168
0 0.439921141674 0.155237954024 0.0340136054422 0.0688216892596
0 0.378696651878 0.162537224097 0.0290661719233 0.0875912408759
0 0.481974326584 0.315300519196 0.0401978973408 0.0928050052138
0 0.710483912237 0.720410008247 0.0371057513915 0.0938477580813
0 0.748517307413 0.775675910228 0.038961038961 0.0917622523462
0 0.557422687747 0.645853178216 0.0340136054422 0.0948905109489
0 0.509494425533 0.679742646412 0.0296846011132 0.0750782064651
0 0.446414648168 0.69329843369 0.0284477427335 0.0959332638165
0 0.334169750208 0.797052344014 0.0426716141002 0.0719499478624
0 0.633798692694 0.786624815338 0.0284477427335 0.0594369134515
0 0.222852496034 0.755342229311 0.0426716141002 0.0844629822732
0 0.157917431099 0.827813553607 0.0426716141002 0.0896767466111
0 0.213266843591 0.153673824723 0.0420531849103 0.113660062565
0 0.17368737544 0.0869376411981 0.0408163265306 0.0761209593326
0 0.0623701212659 0.199033574462 0.04329004329 0.0875912408759
