0 0.119730185497 0.512720156556 0.0483417650365 0.107632093933
0 0.238898257448 0.719178082192 0.0370994940978 0.0900195694716
0 0.0446880269815 0.702544031311 0.0421585160202 0.0724070450098
0 0.124227093873 0.137964774951 0.0404721753794 0.0821917808219
0 0.0199550309162 0.0352250489237 0.035413153457 0.0587084148728
0 0.442945474986 0.668786692759 0.0303541315346 0.0812133072407
0 0.388701517707 0.409001956947 0.0309162450815 0.0724070450098
0 0.482574480045 0.287671232877 0.0196739741428 0.0587084148728
0 0.517706576728 0.658023483366 0.0213603147836 0.0675146771037
0 0.547217537943 0.630136986301 0.0196739741428 0.0567514677104
0 0.538785834739 0.291585127202 0.0219224283305 0.0645792563601
0 0.655986509275 0.590508806262 0.0191118605958 0.0420743639922
0 0.688870151771 0.626712328767 0.0140528386734 0.0381604696673
0 0.740584598089 0.593933463796 0.0140528386734 0.027397260274
0 0.67425519955 0.594911937378 0.0163012928612 0.0391389432485
0 0.682405845981 0.382583170254 0.0146149522203 0.0508806262231
0 0.591624508151 0.426125244618 0.0140528386734 0.0420743639922
0 0.733558178752 0.341976516634 0.0146149522203 0.0440313111546
0 0.698426082069 0.271037181996 0.0151770657673 0.041095890411
0 0.656829679595 0.238747553816 0.0185497470489 0.0508806262231
0 0.420179876335 0.195205479452 0.0230466554244 0.073385518591
0 0.241427768409 0.412915851272 0.0252951096121 0.0450097847358
0 0.218943226532 0.305772994129 0.0219224283305 0.0401174168297
0 0.144182124789 0.454990215264 0.0286677908938 0.0645792563601
