0 0.269270833333 0.151388888889 0.0260416666667 0.0657407407407
0 0.3359375 0.288425925926 0.0208333333333 0.0694444444444
0 0.407552083333 0.339351851852 0.0265625 0.0657407407407
0 0.523958333333 0.206481481481 0.0229166666667 0.0555555555556
0 0.570572916667 0.149537037037 0.0234375 0.0509259259259
0 0.596354166667 0.1875 0.025 0.0842592592593
0 0.64140625 0.0791666666667 0.0307291666667 0.0972222222222
0 0.697916666667 0.364814814815 0.0302083333333 0.0611111111111
0 0.713802083333 0.768981481481 0.0328125 0.0861111111111
0 0.625 0.68287037037 0.0291666666667 0.0768518518519
0 0.508072916667 0.569907407407 0.0244791666667 0.0768518518519
0 0.408854166667 0.538425925926 0.021875 0.062037037037
0 0.460416666667 0.628703703704 0.025 0.0425925925926
0 0.36953125 0.62037037037 0.0182291666667 0.0425925925926
0 0.308072916667 0.583333333333 0.0171875 0.0555555555556
0 0.29765625 0.612962962963 0.00989583333333 0.0388888888889
0 0.847135416667 0.119444444444 0.0328125 0.0925925925926
0 0.861979166667 0.637962962963 0.0375 0.0833333333333
0 0.899479166667 0.603703703704 0.0354166666667 0.05
0 0.4296875 0.14212962963 0.0208333333333 0.0527777777778
