0 0.235322741972 0.242267085803 0.0135222150676 0.0255986787779
0 0.245625382023 0.225751809172 0.0173857050869 0.027250206441
0 0.286192027226 0.254653543276 0.0173857050869 0.0322047894302
0 0.318709734889 0.288509860369 0.0141661300708 0.0222956234517
0 0.224054229416 0.430128357479 0.0154539600773 0.0313790255987
0 0.305509477323 0.51600779596 0.0148100450741 0.0297274979356
0 0.318709734889 0.546973939643 0.011590470058 0.0222956234517
0 0.331266077452 0.539954947074 0.0122343850612 0.0198183319571
0 0.373442510163 0.589913658883 0.0141661300708 0.027250206441
0 0.408535877838 0.576701437578 0.00965872504829 0.0156895127993
0 0.291987262255 0.408658497859 0.0160978750805 0.0247729149463
0 0.364427700117 0.393794748891 0.0141661300708 0.0247729149463
0 0.237254486982 0.318237358305 0.0148100450741 0.0189925681255
0 0.305509477323 0.345487564746 0.0122343850612 0.0189925681255
0 0.374730340169 0.34218450942 0.0128783000644 0.0206440957886
0 0.46487844062 0.427651065984 0.0128783000644 0.0198183319571
0 0.551163051051 0.482151478866 0.0167417900837 0.0297274979356
0 0.47292737816 0.485454534193 0.0135222150676 0.0247729149463
0 0.473571293163 0.561424806695 0.0148100450741 0.0264244426094
0 0.495464403273 0.595281123788 0.0148100450741 0.0264244426094
0 0.476146953176 0.622944212145 0.0122343850612 0.0156895127993
0 0.473893250665 0.596106887619 0.0128783000644 0.0280759702725
0 0.582714886209 0.691482610163 0.0141661300708 0.0255986787779
0 0.602354293807 0.683637853763 0.0135222150676 0.0247729149463
0 0.657409026582 0.670838514374 0.0128783000644 0.0222956234517
0 0.666745794129 0.680747680353 0.0122343850612 0.0222956234517
0 0.685419329222 0.707172122962 0.0135222150676 0.0156895127993
0 0.724376186917 0.730293510245 0.0141661300708 0.0156895127993
0 0.712785716859 0.686528027174 0.0141661300708 0.0239471511148
0 0.766552619628 0.732357919824 0.0148100450741 0.0198183319571
0 0.766230662126 0.748047432624 0.011590470058 0.0132122213047
0 0.543436071013 0.624182857892 0.0128783000644 0.0313790255987
0 0.738542316988 0.621292684482 0.0141661300708 0.0239471511148
0 0.78297245221 0.618402511071 0.0141661300708 0.0247729149463
0 0.83899305749 0.585371957809 0.0154539600773 0.0198183319571
0 0.65901881409 0.528807135349 0.0122343850612 0.027250206441
0 0.659340771592 0.500731165076 0.0141661300708 0.027250206441
0 0.56887071364 0.466874847983 0.0122343850612 0.0156895127993
