0 0.485881139598 0.695065370418 0.0631578947368 0.149672591207
0 0.198381139598 0.252128045815 0.05 0.0963517305893
0 0.674696929072 0.701613546283 0.05 0.110383536015
0 0.768117981703 0.42097743777 0.0342105263158 0.0636108512629
0 0.846407455388 0.455589224487 0.0368421052632 0.067352666043
0 0.858578508019 0.125841796984 0.0427631578947 0.0701590271282
0 0.894433771177 0.518732348902 0.0236842105263 0.043966323667
0 0.924367981703 0.235289879304 0.0203947368421 0.0364826941066
0 0.507591665914 0.236225332999 0.0328947368421 0.0608044901777
0 0.108249560651 0.496749187069 0.119736842105 0.115996258185
0 0.278644297493 0.407413359192 0.0302631578947 0.066417212348
