0 0.967595593001 0.207407407407 0.0246273493195 0.0444444444444
0 0.832793259883 0.212698412698 0.0272197018795 0.0550264550265
0 0.650032404407 0.214814814815 0.0194426441996 0.0592592592593
0 0.616331821128 0.231216931217 0.0181464679196 0.0518518518519
0 0.600777705768 0.260317460317 0.0168502916397 0.042328042328
0 0.718729747246 0.44126984127 0.0233311730395 0.0486772486772
0 0.671419313027 0.526984126984 0.0181464679196 0.0571428571429
0 0.736876215165 0.62328042328 0.0259235255995 0.0656084656085
0 0.805897602074 0.686772486772 0.0265716137395 0.0634920634921
0 0.835385612443 0.669841269841 0.0285158781594 0.0571428571429
0 0.905379131562 0.777777777778 0.0272197018795 0.0825396825397
