0 0.651914699465 0.336246158185 0.0145833333333 0.0314814814815
0 0.663373032799 0.30893134337 0.015625 0.0435185185185
0 0.685508449465 0.290412824851 0.0171875 0.0416666666667
0 0.825873032799 0.368190602629 0.025 0.0564814814815
0 0.857904282799 0.428838750777 0.0244791666667 0.0666666666667
0 0.901393866132 0.255690602629 0.0260416666667 0.0296296296296
0 0.756081366132 0.639023935962 0.0229166666667 0.062962962963
0 0.724050116132 0.56680171374 0.0151041666667 0.0462962962963
0 0.819102199465 0.697820232259 0.0239583333333 0.0527777777778
0 0.846185532799 0.679764676703 0.0208333333333 0.0444444444444
0 0.702435532799 0.552912824851 0.0114583333333 0.0333333333333
