0 0.489628204628 0.642323382826 0.01875 0.0592592592593
0 0.850826121295 0.301119679122 0.0140625 0.0324074074074
0 0.841451121295 0.278434493937 0.0140625 0.0388888888889
0 0.824784454628 0.280749308752 0.0151041666667 0.0490740740741
0 0.650044871295 0.314082642085 0.0166666666667 0.0490740740741
0 0.610982371295 0.293712271715 0.0135416666667 0.0231481481481
0 0.737024037961 0.568249308752 0.0145833333333 0.037037037037
0 0.775826121295 0.539082642085 0.0161458333333 0.0416666666667
0 0.648742787961 0.525193753196 0.0130208333333 0.0416666666667
0 0.616190704628 0.589082642085 0.0125 0.0342592592593
0 0.559419871295 0.531212271715 0.0135416666667 0.0222222222222
0 0.541190704628 0.554360419863 0.015625 0.0425925925926
0 0.396919871295 0.619175234678 0.0208333333333 0.0592592592593
0 0.469315704628 0.57102708653 0.0197916666667 0.0537037037037
0 0.284680287961 0.606212271715 0.0234375 0.0351851851852
0 0.478430287961 0.39926782727 0.0171875 0.0416666666667
0 0.507076121295 0.265934493937 0.0151041666667 0.0490740740741
0 0.426607371295 0.189082642085 0.0197916666667 0.0601851851852
0 0.378690704628 0.212230790233 0.0177083333333 0.037962962963
0 0.369055287961 0.235841901344 0.0192708333333 0.0611111111111
0 0.274524037961 0.206212271715 0.0208333333333 0.0592592592593
0 0.186242787961 0.313619679122 0.0296875 0.0740740740741
0 0.0823365379612 0.21176782727 0.0229166666667 0.087037037037
0 0.129471954628 0.530749308752 0.0286458333333 0.0675925925926
0 0.178951121295 0.564545605048 0.0255208333333 0.0611111111111
0 0.227388621295 0.192786345789 0.0265625 0.0546296296296
0 0.158899037961 0.0576011606037 0.021875 0.0453703703704
0 0.140149037961 0.0798233828259 0.0229166666667 0.037962962963
0 0.700044871295 0.306212271715 0.0114583333333 0.0203703703704
0 0.734159454628 0.35852708653 0.0140625 0.037962962963
0 0.718534454628 0.401582642085 0.0130208333333 0.0388888888889
0 0.676346954628 0.565008568011 0.0130208333333 0.0268518518519
