0 0.72015863954 0.78516263398 0.0479302832244 0.130560928433
0 0.538604536417 0.573847353516 0.0406681190995 0.0657640232108
0 0.328727993207 0.6584701775 0.0522875816993 0.111218568665
0 0.278982168952 0.647831879628 0.0268700072622 0.0880077369439
0 0.639548617753 0.144446966668 0.0493827160494 0.117988394584
0 0.288422982314 0.0907719183126 0.0486564996369 0.0860735009671
0 0.254290810927 0.157986618506 0.0239651416122 0.0599613152805
0 0.283339467427 0.157503059512 0.0355846042121 0.0570599613153
0 0.651894296766 0.260017566282 0.0334059549746 0.0647969052224
0 0.145358349053 0.184582363187 0.0355846042121 0.0493230174081
0 0.171865248109 0.245027237462 0.0363108206245 0.0522243713733
