0 0.0643906953319 0.916660654289 0.0848585690516 0.155069582505
0 0.329227079137 0.434553298424 0.0587909040488 0.180914512922
0 0.272377384184 0.341113934607 0.0526899611758 0.111332007952
0 0.315638615465 0.717853497231 0.0427066001109 0.0954274353877
0 0.383026302653 0.771034411744 0.0399334442596 0.134194831014
0 0.550524916075 0.114473775561 0.0377149195785 0.0974155069583
0 0.716359635986 0.092604988285 0.0299500831947 0.0735586481113
0 0.781806114078 0.183559262639 0.0332778702163 0.0745526838966
0 0.824512714189 0.197475763633 0.024403771492 0.0646123260437
0 0.736049042531 0.483261051903 0.0271769273433 0.0755467196819
