0 0.961821950605 0.102828574586 0.0432489451477 0.0687622789784
0 0.913298743854 0.162749989125 0.0369198312236 0.108055009823
0 0.867412667905 0.0709032307749 0.0379746835443 0.073673870334
0 0.776431655247 0.206463152189 0.0300632911392 0.0677799607073
0 0.644047689002 0.195166492072 0.0258438818565 0.0844793713163
0 0.533815621491 0.180431718005 0.0247890295359 0.0550098231827
0 0.808077224867 0.407347238633 0.0342827004219 0.0766208251473
0 0.877961191112 0.782101659066 0.0327004219409 0.0893909626719
0 0.791990726977 0.859213643349 0.0411392405063 0.098231827112
0 0.651959081407 0.690746059852 0.0268987341772 0.0834970530452
0 0.626642625711 0.653909124685 0.0268987341772 0.041257367387
0 0.457866254403 0.661276511718 0.0311181434599 0.0834970530452
0 0.481600431618 0.1941841738 0.0353375527426 0.111984282908
0 0.385872583517 0.103319733722 0.0210970464135 0.0520628683694
0 0.413298743854 0.374439576551 0.0274261603376 0.0717092337917
0 0.333129967483 0.718250971443 0.0263713080169 0.0638506876228
0 0.207338828243 0.706954311325 0.0237341772152 0.0609037328094
0 0.177275537103 0.740844291679 0.0279535864979 0.0717092337917
0 0.0891953683269 0.684360991089 0.0321729957806 0.0923379174853
0 0.28144220377 0.206463152189 0.0221518987342 0.0422396856582
0 0.182286085626 0.312062366335 0.0316455696203 0.0667976424361
0 0.120840937947 0.288486727828 0.0216244725738 0.049115913556
0 0.228172161576 0.393103623702 0.0295358649789 0.0854616895874
0 0.0179928366813 0.565991639419 0.0290084388186 0.0834970530452
0 0.188615199551 0.175520126649 0.0221518987342 0.0550098231827
0 0.0691531742341 0.442710696394 0.0226793248945 0.0550098231827
