0 0.563541666667 0.371296296296 0.01875 0.0518518518519
0 0.524479166667 0.302314814815 0.0125 0.0342592592593
0 0.606770833333 0.409259259259 0.0135416666667 0.037037037037
0 0.54609375 0.545833333333 0.0109375 0.0287037037037
0 0.540625 0.564814814815 0.0114583333333 0.0314814814815
0 0.57890625 0.574537037037 0.0130208333333 0.025
0 0.604947916667 0.522685185185 0.0130208333333 0.0361111111111
0 0.667708333333 0.543055555556 0.0125 0.0490740740741
0 0.736979166667 0.602777777778 0.015625 0.0462962962963
0 0.639322916667 0.571296296296 0.0140625 0.0203703703704
0 0.676302083333 0.320833333333 0.0119791666667 0.0342592592593
0 0.720052083333 0.315740740741 0.0161458333333 0.0444444444444
0 0.743229166667 0.265277777778 0.0177083333333 0.0527777777778
0 0.77890625 0.640277777778 0.0203125 0.0490740740741
0 0.858072916667 0.56712962963 0.0119791666667 0.0324074074074
0 0.873958333333 0.553240740741 0.01875 0.025
0 0.875260416667 0.272222222222 0.0203125 0.0537037037037
0 0.77109375 0.430092592593 0.0171875 0.0324074074074
0 0.966666666667 0.285648148148 0.025 0.062037037037
0 0.98984375 0.555092592593 0.0151041666667 0.0490740740741
0 0.988802083333 0.64212962963 0.0171875 0.0342592592593
