0 0.019801980198 0.2200220022 0.0326150262085 0.0704070407041
0 0.118811881188 0.0940594059406 0.0279557367501 0.0935093509351
0 0.243156668608 0.177667766777 0.0262085032033 0.0891089108911
0 0.184915550379 0.281628162816 0.0320326150262 0.0880088008801
0 0.224810716366 0.600660066007 0.0291205591147 0.0836083608361
0 0.325567850903 0.26402640264 0.025626092021 0.0594059405941
0 0.431275480489 0.348184818482 0.0250436808387 0.0781078107811
0 0.556493884683 0.254675467547 0.0215492137449 0.0671067106711
0 0.613278974956 0.313531353135 0.0232964472918 0.0616061606161
0 0.47466511357 0.450495049505 0.0209668025626 0.0715071507151
0 0.324694234129 0.471947194719 0.0250436808387 0.0792079207921
0 0.379440885265 0.696919691969 0.0238788584741 0.0847084708471
0 0.426616191031 0.751925192519 0.0250436808387 0.0759075907591
0 0.504368083867 0.772827282728 0.0221316249272 0.0737073707371
0 0.458940011648 0.795379537954 0.0291205591147 0.046204620462
0 0.556785090274 0.711221122112 0.0232964472918 0.0583058305831
0 0.632789749563 0.565456545655 0.0273733255679 0.103410341034
0 0.678800232964 0.74697469747 0.0227140361095 0.0594059405941
0 0.65230052417 0.722222222222 0.0221316249272 0.042904290429
0 0.741409435061 0.273377337734 0.019801980198 0.0583058305831
0 0.801106581246 0.293179317932 0.0215492137449 0.0649064906491
0 0.838963308096 0.355885588559 0.0215492137449 0.047304730473
0 0.792952824694 0.486798679868 0.0285381479324 0.0649064906491
0 0.886721025044 0.354785478548 0.0227140361095 0.0605060506051
0 0.929237041351 0.482398239824 0.0192195690157 0.0517051705171
0 0.898951659872 0.69801980198 0.0238788584741 0.0627062706271
0 0.836633663366 0.718371837184 0.0250436808387 0.0792079207921
0 0.864880605708 0.722222222222 0.0209668025626 0.0649064906491
0 0.971753057659 0.329482948295 0.0238788584741 0.0561056105611
