0 0.632512285381 0.201922091478 0.0299806576402 0.0751773049645
0 0.694407836638 0.273553297152 0.0222437137331 0.0539007092199
0 0.678450389829 0.237383084386 0.0309477756286 0.0666666666667
0 0.564814026193 0.579227056017 0.0261121856867 0.0666666666667
0 0.510171859849 0.45511358084 0.0328820116054 0.0595744680851
0 0.38009449041 0.137383084386 0.0377176015474 0.0567375886525
0 0.460848842441 0.674971736868 0.0348162475822 0.0822695035461
0 0.358334335671 0.730290885805 0.0406189555126 0.0851063829787
0 0.318198939152 0.70121287162 0.0357833655706 0.063829787234
0 0.207463929481 0.816106488642 0.0406189555126 0.100709219858
0 0.198759867586 0.0870284744571 0.036750483559 0.0553191489362
