0 0.0530440024111 0.935350756534 0.0313441832429 0.0907840440165
0 0.134719710669 0.855570839065 0.0271247739602 0.0962861072902
0 0.250150693189 0.737964236589 0.0229053646775 0.0811554332875
0 0.340265220012 0.700825309491 0.0150693188668 0.0563961485557
0 0.376431585292 0.786107290234 0.0150693188668 0.0453920220083
0 0.422543701025 0.739339752407 0.0168776371308 0.0426409903714
0 0.431585292345 0.773727647868 0.0156720916215 0.0426409903714
0 0.335443037975 0.497248968363 0.0198915009042 0.0756533700138
0 0.393007836046 0.449105914718 0.0192887281495 0.0729023383769
0 0.405364677517 0.421595598349 0.0162748643761 0.0563961485557
0 0.0672091621459 0.524759284732 0.0319469559976 0.0784044016506
0 0.235081374322 0.332874828061 0.0229053646775 0.0632737276479
0 0.162447257384 0.317056396149 0.0223025919228 0.0866574965612
0 0.120855937312 0.211141678129 0.0283303194696 0.0976616231087
0 0.283001808318 0.802613480055 0.0186859553948 0.0866574965612
0 0.45358649789 0.31568088033 0.0198915009042 0.0591471801926
