0 0.629073966889 0.473112317853 0.0119791666667 0.0361111111111
0 0.557198966889 0.343482688224 0.0078125 0.0212962962963
0 0.593136466889 0.283297503039 0.0119791666667 0.0305555555556
0 0.622563550223 0.295334540076 0.0114583333333 0.0287037037037
0 0.621521883556 0.265241947483 0.0125 0.0314814814815
0 0.654334383556 0.270334540076 0.0145833333333 0.025
0 0.722303133556 0.516630836372 0.0140625 0.0342592592593
0 0.786886466889 0.560612317853 0.0161458333333 0.037037037037
0 0.704855216889 0.555056762298 0.0125 0.0296296296296
0 0.861105216889 0.480519725261 0.0125 0.0324074074074
