0 0.249428789033 0.146916565901 0.029702970297 0.0665054413543
0 0.343488194973 0.296251511487 0.035034272658 0.087061668682
0 0.445544554455 0.362756952842 0.035034272658 0.087061668682
0 0.627951256664 0.156590084643 0.032749428789 0.081015719468
0 0.726580350343 0.0640870616687 0.042650418888 0.0822249093108
0 0.767707539985 0.107013301088 0.044173648134 0.124546553809
0 0.442117288652 0.623337363966 0.034272658035 0.081015719468
0 0.383472962681 0.719467956469 0.035795887281 0.0483675937122
0 0.299695354151 0.667472793229 0.028179741051 0.0652962515115
0 0.290175171363 0.70677146312 0.024371667936 0.0519951632406
0 0.535795887281 0.747279322854 0.037319116527 0.0604594921403
0 0.602056359482 0.668681983071 0.040365575019 0.106408706167
0 0.825590251333 0.841596130593 0.0517897943641 0.128174123337
0 0.979436405179 0.364570737606 0.036557501904 0.119709794438
