0 0.665885416667 0.509259259259 0.0286458333333 0.0796296296296
0 0.613541666667 0.355092592593 0.03125 0.0805555555556
0 0.584375 0.656018518519 0.0385416666667 0.112037037037
0 0.490364583333 0.73287037037 0.0328125 0.087962962963
0 0.452864583333 0.69212962963 0.0317708333333 0.0638888888889
0 0.799479166667 0.0486111111111 0.0302083333333 0.0657407407407
0 0.0684895833333 0.187037037037 0.0703125 0.124074074074
0 0.237239583333 0.759259259259 0.0463541666667 0.0814814814815
0 0.357291666667 0.863425925926 0.0416666666667 0.147222222222
0 0.696614583333 0.490277777778 0.0244791666667 0.0787037037037
