0 0.041015625 0.679956896552 0.0518973214286 0.137931034483
0 0.0691964285714 0.0802801724138 0.0546875 0.149784482759
0 0.159598214286 0.0797413793103 0.0345982142857 0.0754310344828
0 0.320870535714 0.148168103448 0.0301339285714 0.0980603448276
0 0.517299107143 0.0775862068966 0.0334821428571 0.101293103448
0 0.559430803571 0.197198275862 0.0251116071429 0.0969827586207
0 0.461495535714 0.410560344828 0.0323660714286 0.0625
0 0.313058035714 0.70150862069 0.0290178571429 0.0883620689655
0 0.282645089286 0.666487068966 0.0295758928571 0.0506465517241
0 0.448660714286 0.857219827586 0.0323660714286 0.0980603448276
0 0.531808035714 0.763469827586 0.0279017857143 0.0959051724138
0 0.652064732143 0.637392241379 0.0239955357143 0.0894396551724
0 0.711216517857 0.713900862069 0.02734375 0.0549568965517
0 0.634765625 0.207974137931 0.0217633928571 0.0689655172414
0 0.588448660714 0.151939655172 0.0239955357143 0.0603448275862
0 0.771205357143 0.360452586207 0.0290178571429 0.0894396551724
0 0.856584821429 0.285560344828 0.0334821428571 0.0862068965517
0 0.765904017857 0.602909482759 0.0251116071429 0.0765086206897
0 0.813337053571 0.703125 0.0251116071429 0.0484913793103
0 0.891741071429 0.655172413793 0.0245535714286 0.0646551724138
0 0.898995535714 0.696659482759 0.0234375 0.0484913793103
0 0.943080357143 0.105064655172 0.03125 0.0743534482759
