0 0.809121143412 0.560716942431 0.0166666666667 0.05
0 0.903652393412 0.662568794282 0.0140625 0.0425925925926
0 0.944798226746 0.621365090579 0.0192708333333 0.0472222222222
0 0.780475310079 0.409328053542 0.0135416666667 0.0324074074074
0 0.713548226746 0.38247620169 0.0109375 0.0268518518519
0 0.755735726746 0.400068794282 0.0130208333333 0.0212962962963
0 0.810162810079 0.314420646134 0.0177083333333 0.0444444444444
0 0.762246143412 0.300531757245 0.0166666666667 0.037037037037
0 0.852350310079 0.280624349838 0.0177083333333 0.0324074074074
0 0.880996143412 0.306550275764 0.0166666666667 0.0416666666667
