0 0.846649484536 0.836397058824 0.0850515463918 0.180147058824
0 0.357925257732 0.738970588235 0.0405927835052 0.0900735294118
0 0.346327319588 0.638786764706 0.0302835051546 0.0588235294118
0 0.553801546392 0.649816176471 0.0547680412371 0.0533088235294
0 0.284471649485 0.491268382353 0.0251288659794 0.0450367647059
0 0.312177835052 0.5 0.0199742268041 0.0220588235294
0 0.413337628866 0.189338235294 0.0289948453608 0.0753676470588
0 0.366301546392 0.133731617647 0.0264175257732 0.0542279411765
0 0.177512886598 0.520680147059 0.0302835051546 0.0358455882353
0 0.0863402061856 0.430147058824 0.0283505154639 0.0422794117647
0 0.199097938144 0.258272058824 0.0322164948454 0.0625
0 0.141108247423 0.185661764706 0.0309278350515 0.0606617647059
