0 0.57421875 0.301851851852 0.0151041666667 0.0462962962963
0 0.5796875 0.360648148148 0.0135416666667 0.0435185185185
0 0.63984375 0.275925925926 0.0130208333333 0.0425925925926
0 0.433854166667 0.544907407407 0.009375 0.0231481481481
0 0.511458333333 0.547685185185 0.0114583333333 0.0324074074074
0 0.500260416667 0.544907407407 0.0109375 0.0342592592593
0 0.41328125 0.55462962963 0.00572916666667 0.0148148148148
0 0.459114583333 0.373148148148 0.00885416666667 0.0259259259259
0 0.539322916667 0.272685185185 0.0109375 0.0305555555556
0 0.589322916667 0.237037037037 0.0140625 0.0351851851852
0 0.487239583333 0.390277777778 0.0078125 0.0194444444444
0 0.483333333333 0.36712962963 0.009375 0.0212962962963
0 0.509114583333 0.341666666667 0.00989583333333 0.0259259259259
0 0.434635416667 0.463425925926 0.0078125 0.0231481481481
0 0.404947916667 0.429166666667 0.0046875 0.0157407407407
