0 0.690429334837 0.218581944405 0.0174603174603 0.10409556314
0 0.630111874519 0.32779696147 0.0174603174603 0.10409556314
0 0.637519281927 0.188718463177 0.0142857142857 0.0750853242321
0 0.563180657588 0.0624385996953 0.0148148148148 0.0716723549488
0 0.554715049122 0.0300153915041 0.010582010582 0.037542662116
0 0.468207112615 0.178479555327 0.0185185185185 0.0921501706485
0 0.525349969757 0.437865220856 0.0164021164021 0.0477815699659
0 0.448101292509 0.341448838603 0.0142857142857 0.080204778157
0 0.56503250944 0.687865220856 0.0164021164021 0.0938566552901
0 0.54122298563 0.762950545088 0.0185185185185 0.100682593857
0 0.499953144361 0.750151910275 0.0195767195767 0.0750853242321
0 0.654185948593 0.820117780583 0.0126984126984 0.0443686006826
0 0.674556318964 0.779162149183 0.0142857142857 0.0648464163823
0 0.39466213907 0.225407882972 0.0185185185185 0.10409556314
0 0.360799705207 0.174213343723 0.0185185185185 0.0972696245734
0 0.310799705207 0.250151910275 0.0169312169312 0.098976109215
0 0.283551027958 0.169947132118 0.0142857142857 0.061433447099
0 0.274027218435 0.580356688432 0.0216931216931 0.0904436860068
0 0.314238858646 0.781721876146 0.0164021164021 0.0733788395904
0 0.319794414202 0.873018804473 0.0190476190476 0.0716723549488
0 0.372969017376 0.845715050207 0.0174603174603 0.105802047782
0 0.392281186689 0.809878872733 0.0179894179894 0.105802047782
0 0.24122298563 0.757831091163 0.0174603174603 0.080204778157
0 0.161064255472 0.837182626999 0.0253968253968 0.122866894198
0 0.124820869228 0.474554640651 0.0269841269841 0.11433447099
0 0.20921240362 0.144349862494 0.0243386243386 0.109215017065
