0 0.794983642312 0.832608695652 0.0654307524537 0.0804347826087
0 0.642311886587 0.703804347826 0.0479825517993 0.0728260869565
0 0.849509269357 0.461413043478 0.0588876772083 0.075
0 0.696292257361 0.259782608696 0.0425299890949 0.0739130434783
0 0.663576881134 0.221195652174 0.0381679389313 0.0489130434783
0 0.568157033806 0.25597826087 0.0348964013086 0.0510869565217
0 0.798800436205 0.183152173913 0.051254089422 0.070652173913
0 0.36641221374 0.335326086957 0.0348964013086 0.0554347826087
0 0.275899672846 0.272826086957 0.0327153762268 0.054347826087
0 0.209378407852 0.15 0.030534351145 0.0478260869565
0 0.326608505998 0.49347826087 0.0338058887677 0.05
0 0.469465648855 0.557065217391 0.0359869138495 0.0619565217391
0 0.393129770992 0.591304347826 0.0381679389313 0.0347826086957
0 0.181025081788 0.491304347826 0.0283533260632 0.0391304347826
0 0.165757906216 0.514673913043 0.0261723009815 0.029347826087
0 0.255179934569 0.544565217391 0.0283533260632 0.0260869565217
