0 0.956770833333 0.648148148148 0.0270833333333 0.0648148148148
0 0.926041666667 0.620833333333 0.0270833333333 0.0453703703704
0 0.94609375 0.164814814815 0.0244791666667 0.0425925925926
0 0.685416666667 0.573611111111 0.0260416666667 0.0657407407407
0 0.667447916667 0.248611111111 0.0244791666667 0.0657407407407
0 0.62734375 0.238888888889 0.0171875 0.037037037037
0 0.54609375 0.24212962963 0.0213541666667 0.0601851851852
0 0.459375 0.686111111111 0.021875 0.062962962963
0 0.544270833333 0.58287037037 0.0177083333333 0.0416666666667
0 0.5625 0.560648148148 0.0177083333333 0.0268518518519
0 0.409895833333 0.1875 0.021875 0.0694444444444
0 0.378125 0.256018518519 0.0197916666667 0.0638888888889
0 0.399479166667 0.637037037037 0.01875 0.0592592592593
0 0.303385416667 0.556481481481 0.0203125 0.0666666666667
0 0.26484375 0.608333333333 0.0192708333333 0.0314814814815
0 0.207291666667 0.532407407407 0.0229166666667 0.0611111111111
0 0.163802083333 0.605092592593 0.0203125 0.0453703703704
0 0.210677083333 0.360185185185 0.0223958333333 0.0592592592593
0 0.318229166667 0.255092592593 0.01875 0.0472222222222
0 0.448177083333 0.408796296296 0.0203125 0.0472222222222
0 0.0997395833333 0.574537037037 0.0223958333333 0.0472222222222
0 0.08984375 0.609259259259 0.0213541666667 0.037037037037
0 0.134635416667 0.296759259259 0.0276041666667 0.0731481481481
0 0.0552083333333 0.162037037037 0.025 0.0648148148148
