0 0.701947608094 0.770741240005 0.0348958333333 0.087962962963
0 0.76939552476 0.672130128894 0.021875 0.0537037037037
0 0.616791358094 0.715648647412 0.0260416666667 0.0666666666667
0 0.462103858094 0.524907906672 0.0260416666667 0.0703703703704
0 0.492312191427 0.521204202968 0.0375 0.0685185185185
0 0.777728858094 0.530463462227 0.021875 0.062962962963
0 0.766010108094 0.492963462227 0.0171875 0.0416666666667
0 0.623562191427 0.271667165931 0.0291666666667 0.0675925925926
0 0.652728858094 0.271667165931 0.0177083333333 0.0305555555556
0 0.487103858094 0.103148647412 0.040625 0.108333333333
0 0.61236427476 0.142500499264 0.0328125 0.0777777777778
0 0.86158302476 0.636944943709 0.0197916666667 0.0555555555556
0 0.84048927476 0.458241240005 0.0223958333333 0.0574074074074
