0 0.898866943621 0.617339013336 0.0642709053214 0.115079365079
0 0.539157199323 0.658013616511 0.0511402902557 0.121031746032
0 0.423054918742 0.627259648257 0.0317899101589 0.0734126984127
0 0.376061138507 0.612874727622 0.0290255701451 0.0704365079365
0 0.57267482199 0.247299330797 0.0532135452661 0.132936507937
0 0.216420502709 0.623291394289 0.030407740152 0.0615079365079
0 0.190850357581 0.625771553019 0.0262612301313 0.0644841269841
0 0.112412209689 0.645116791114 0.022805805114 0.0456349206349
0 0.401285741133 0.167934251432 0.0338631651693 0.103174603175
0 0.328721815771 0.220513616511 0.0310988251555 0.0753968253968
0 0.295895278106 0.402557267305 0.0221147201106 0.0525793650794
0 0.167699009965 0.394124727622 0.0200414651002 0.0555555555556
0 0.165971297457 0.221009648257 0.0248790601244 0.0644841269841
0 0.129343792274 0.277557267305 0.0221147201106 0.0545634920635
0 0.0878786920663 0.368827108575 0.0221147201106 0.0505952380952
