0 0.2453125 0.252314814815 0.0177083333333 0.0453703703704
0 0.2828125 0.243981481481 0.025 0.0694444444444
0 0.3453125 0.1625 0.0239583333333 0.0657407407407
0 0.359895833333 0.131481481481 0.0208333333333 0.0518518518519
0 0.49453125 0.180092592593 0.0317708333333 0.0898148148148
0 0.32421875 0.511574074074 0.0255208333333 0.0694444444444
0 0.426302083333 0.797685185185 0.0348958333333 0.0972222222222
0 0.651822916667 0.781018518519 0.0411458333333 0.115740740741
0 0.716145833333 0.737037037037 0.0416666666667 0.0925925925926
0 0.70859375 0.475 0.0578125 0.174074074074
0 0.763020833333 0.386574074074 0.0510416666667 0.112037037037
0 0.959635416667 0.924537037037 0.0755208333333 0.141666666667
