0 0.809829059829 0.838269680436 0.0811965811966 0.155105222136
0 0.334249084249 0.67848791894 0.0384615384615 0.0771628994544
0 0.330891330891 0.587295401403 0.029304029304 0.0506625097428
0 0.535103785104 0.628215120811 0.0531135531136 0.0452065471551
0 0.281746031746 0.447778643804 0.0238095238095 0.0381917381138
0 0.308608058608 0.459469992206 0.0189255189255 0.0194855806703
0 0.434676434676 0.199922057677 0.028083028083 0.0646921278254
0 0.392551892552 0.143413873733 0.02442002442 0.0467653936087
0 0.173382173382 0.457521434139 0.029304029304 0.0296180826189
0 0.0909645909646 0.363600935308 0.026862026862 0.0366328916602
0 0.216727716728 0.228371005456 0.030525030525 0.0530007794232
0 0.16514041514 0.155494933749 0.0299145299145 0.0522213561964
