0 0.163019485381 0.108411991476 0.0253365003959 0.0428751576293
0 0.259219010322 0.251539355915 0.0324623911322 0.0769230769231
0 0.31107965957 0.251539355915 0.0221694378464 0.0365699873897
0 0.180042446585 0.35431363082 0.0324623911322 0.0580075662043
0 0.415196840884 0.281173656041 0.0229612034838 0.0605296343001
0 0.389860340488 0.622913883027 0.0229612034838 0.0529634300126
0 0.214484251811 0.596432168021 0.0332541567696 0.100882723834
0 0.0632570150726 0.619130780883 0.0300870942201 0.0504413619168
0 0.482496920061 0.733884879244 0.0229612034838 0.0554854981084
0 0.369670316735 0.597693202069 0.0221694378464 0.0302648171501
0 0.568007608897 0.262258145322 0.0245447347585 0.0706179066835
0 0.598490585936 0.337920188197 0.0221694378464 0.0680958385876
0 0.661831836925 0.349900011653 0.0205859065717 0.046658259773
0 0.757635479047 0.470959280253 0.0221694378464 0.0542244640605
0 0.510208717369 0.468437212157 0.0245447347585 0.0567465321564
0 0.752489002404 0.629849570291 0.021377672209 0.0542244640605
0 0.658268891557 0.634893706482 0.0245447347585 0.061790668348
0 0.550984647693 0.698575925902 0.0237529691211 0.0554854981084
0 0.690335399871 0.687857136495 0.0221694378464 0.031525851198
0 0.787326690449 0.70298954507 0.0197941409343 0.0340479192938
0 0.847500878889 0.679660415184 0.0197941409343 0.0453972257251
0 0.854230886807 0.711186266382 0.0205859065717 0.0327868852459
0 0.833249097416 0.429345156672 0.0292953285827 0.0668348045397
0 0.910050364241 0.326570881766 0.0245447347585 0.0529634300126
