0 0.0520833333333 0.316666666667 0.0552083333333 0.109259259259
0 0.1421875 0.7 0.046875 0.116666666667
0 0.22890625 0.656481481481 0.0265625 0.0722222222222
0 0.266145833333 0.620833333333 0.025 0.0638888888889
0 0.385677083333 0.571759259259 0.0182291666667 0.0416666666667
0 0.402604166667 0.568055555556 0.01875 0.0509259259259
0 0.455729166667 0.562962962963 0.0135416666667 0.0277777777778
0 0.308072916667 0.386574074074 0.0171875 0.0509259259259
0 0.40078125 0.352777777778 0.0151041666667 0.05
0 0.18515625 0.196296296296 0.0286458333333 0.0796296296296
0 0.25546875 0.218518518519 0.0265625 0.0740740740741
0 0.178645833333 0.13287037037 0.0270833333333 0.0527777777778
0 0.415364583333 0.243981481481 0.0119791666667 0.0398148148148
0 0.44765625 0.32037037037 0.0140625 0.0388888888889
0 0.379947916667 0.196759259259 0.0192708333333 0.0546296296296
0 0.3421875 0.232407407407 0.0197916666667 0.0555555555556
0 0.329166666667 0.256481481481 0.0125 0.0351851851852
