0 0.834895833333 0.706944444444 0.0270833333333 0.0657407407407
0 0.959375 0.605092592593 0.0322916666667 0.0731481481481
0 0.752083333333 0.644444444444 0.0239583333333 0.0666666666667
0 0.645572916667 0.557407407407 0.0192708333333 0.0592592592593
0 0.616666666667 0.599537037037 0.0208333333333 0.0324074074074
0 0.559114583333 0.530092592593 0.0182291666667 0.0527777777778
0 0.481510416667 0.559722222222 0.0161458333333 0.0361111111111
0 0.472916666667 0.584722222222 0.0166666666667 0.037962962963
0 0.948697916667 0.177777777778 0.0307291666667 0.0759259259259
0 0.565104166667 0.375925925926 0.01875 0.0555555555556
0 0.509375 0.333333333333 0.021875 0.0574074074074
0 0.45 0.226388888889 0.0177083333333 0.0435185185185
0 0.523958333333 0.595833333333 0.0166666666667 0.0453703703704
0 0.820572916667 0.398148148148 0.0265625 0.0666666666667
0 0.767447916667 0.158796296296 0.0234375 0.075
0 0.726041666667 0.242592592593 0.0208333333333 0.0648148148148
0 0.657552083333 0.255092592593 0.0171875 0.0472222222222
0 0.495572916667 0.316203703704 0.0140625 0.037962962963
