0 0.864263572069 0.671635868969 0.021875 0.0657407407407
0 0.844471905403 0.674413646747 0.01875 0.0453703703704
0 0.621555238736 0.615617350451 0.0197916666667 0.05
0 0.558534405403 0.610061794895 0.0125 0.0277777777778
0 0.616346905403 0.432284017118 0.0177083333333 0.0574074074074
0 0.679628155403 0.223487720821 0.0234375 0.0694444444444
0 0.870773988736 0.108209943044 0.0411458333333 0.0944444444444
0 0.751503155403 0.185524757858 0.0213541666667 0.0546296296296
0 0.770253155403 0.222561794895 0.0255208333333 0.0731481481481
0 0.649159405403 0.242932165266 0.01875 0.037962962963
0 0.540826072069 0.400802535636 0.0125 0.0240740740741
0 0.587440655403 0.489228461562 0.0140625 0.0212962962963
