0 0.533854166667 0.218981481481 0.0177083333333 0.0472222222222
0 0.545052083333 0.189351851852 0.0192708333333 0.0601851851852
0 0.578385416667 0.165740740741 0.0182291666667 0.0648148148148
0 0.656510416667 0.403703703704 0.0203125 0.0537037037037
0 0.61484375 0.506944444444 0.0161458333333 0.0601851851852
0 0.756770833333 0.147222222222 0.0208333333333 0.0537037037037
0 0.680729166667 0.601851851852 0.0239583333333 0.0703703703704
0 0.7484375 0.661111111111 0.025 0.0685185185185
0 0.77734375 0.636574074074 0.0223958333333 0.0509259259259
0 0.7515625 0.272222222222 0.0291666666667 0.0611111111111
0 0.92578125 0.0726851851852 0.0348958333333 0.062037037037
0 0.872916666667 0.127777777778 0.028125 0.0425925925926
0 0.94375 0.675 0.0364583333333 0.0722222222222
