0 0.769517780736 0.281714535009 0.0239202657807 0.0580310880829
0 0.752242033227 0.242854431382 0.0265780730897 0.0694300518135
0 0.719351667779 0.220574638636 0.0272425249169 0.0704663212435
0 0.717690538211 0.278087592004 0.0146179401993 0.0445595854922
0 0.52034834552 0.360471011693 0.0332225913621 0.0766839378238
0 0.475497847181 0.440263757807 0.0338870431894 0.0870466321244
0 0.613371601334 0.723683446926 0.0332225913621 0.0943005181347
0 0.52865399336 0.793631633455 0.0299003322259 0.0704663212435
0 0.494102498344 0.763579819983 0.0285714285714 0.0559585492228
0 0.69377027243 0.6055487319 0.0212624584718 0.0611398963731
0 0.658554325586 0.625755985786 0.0239202657807 0.0621761658031
0 0.350580903659 0.80865754019 0.0365448504983 0.0611398963731
0 0.419019441865 0.211248213766 0.0299003322259 0.0435233160622
0 0.227657315619 0.370833705994 0.0471760797342 0.0911917098446
0 0.120016119606 0.101921788895 0.065780730897 0.079792746114
0 0.160215455154 0.750108317393 0.0624584717608 0.113989637306
