0 0.841741534209 0.272673031026 0.0290255701451 0.0727923627685
0 0.928818244644 0.432577565632 0.0276434001382 0.0608591885442
0 0.937456807187 0.380071599045 0.0255701451279 0.0489260143198
0 0.709398756047 0.170047732697 0.0241879751209 0.0465393794749
0 0.659640635798 0.22553699284 0.0241879751209 0.0620525059666
0 0.665169315826 0.105011933174 0.022805805114 0.0525059665871
0 0.856254319281 0.15214797136 0.0193503800968 0.027446300716
0 0.686938493435 0.476730310263 0.0276434001382 0.0775656324582
0 0.733586731168 0.649761336516 0.0241879751209 0.063245823389
0 0.69004837595 0.605608591885 0.0186592950933 0.0513126491647
0 0.887698686938 0.676014319809 0.0283344851417 0.0584725536993
0 0.596751900484 0.649164677804 0.0269523151348 0.0596658711217
0 0.571527297858 0.408114558473 0.0193503800968 0.0381861575179
0 0.48997926745 0.393198090692 0.0262612301313 0.0799522673031
0 0.440912232205 0.637828162291 0.0248790601244 0.0847255369928
0 0.387007601935 0.657517899761 0.0193503800968 0.0525059665871
0 0.37007601935 0.59307875895 0.0200414651002 0.0596658711217
0 0.374913614375 0.472553699284 0.0241879751209 0.0620525059666
0 0.429163787146 0.189737470167 0.0248790601244 0.0739856801909
0 0.508638562543 0.172434367542 0.0207325501037 0.0584725536993
0 0.341395991707 0.259546539379 0.0207325501037 0.0704057279236
0 0.319626814098 0.216587112172 0.022805805114 0.0608591885442
0 0.256738078784 0.244630071599 0.0255701451279 0.0739856801909
0 0.291292328956 0.646181384248 0.022805805114 0.0680190930788
0 0.309606081548 0.508353221957 0.0193503800968 0.0381861575179
0 0.145818935729 0.219570405728 0.0248790601244 0.0811455847255
0 0.0549412577747 0.115751789976 0.022805805114 0.0453460620525
0 0.0421561852108 0.136634844869 0.0221147201106 0.0608591885442
0 0.0832757429164 0.616348448687 0.0283344851417 0.0680190930788
0 0.0359364201797 0.607398568019 0.030407740152 0.0692124105012
0 0.972702142364 0.141408114558 0.0255701451279 0.0680190930788
