0 0.298126064736 0.850546780073 0.045996592845 0.116646415553
0 0.597529812606 0.62879708384 0.0400340715503 0.0886998784933
0 0.293441226576 0.226002430134 0.0366269165247 0.102065613609
0 0.63926746167 0.606925880923 0.0315161839864 0.0789793438639
0 0.568568994889 0.142162818955 0.0315161839864 0.0704738760632
0 0.683560477002 0.210814094775 0.0247018739353 0.044957472661
0 0.673764906303 0.259416767922 0.0187393526405 0.0425273390036
0 0.604770017036 0.20170109356 0.0204429301533 0.0461725394897
0 0.586882453152 0.204131227217 0.0204429301533 0.0534629404617
0 0.754258943782 0.200486026731 0.0298126064736 0.0558930741191
0 0.873935264055 0.527339003645 0.03066439523 0.048602673147
0 0.845826235094 0.541312272175 0.0221465076661 0.0376670716889
0 0.850511073254 0.359052247874 0.0281090289608 0.0546780072904
0 0.88202725724 0.41737545565 0.0212947189097 0.0498177399757
0 0.929727427598 0.524301336574 0.0178875638842 0.0303766707169
0 0.419505962521 0.60510328068 0.0332197614991 0.0607533414338
0 0.390119250426 0.771567436209 0.0494037478705 0.0704738760632
