0 0.0734349919743 0.644945188794 0.0409309791332 0.074299634592
0 0.050963081862 0.394031668697 0.03772070626 0.0864799025579
0 0.185393258427 0.185140073082 0.0353130016051 0.0657734470158
0 0.253611556982 0.5 0.0304975922953 0.0621193666261
0 0.401685393258 0.233252131547 0.0280898876404 0.0767356881851
0 0.444221508828 0.268574908648 0.0313001605136 0.0791717417783
0 0.381621187801 0.709500609013 0.0313001605136 0.0840438489647
0 0.558186195827 0.236297198538 0.0345104333868 0.0779537149817
0 0.577447833066 0.687576126675 0.0329052969502 0.0621193666261
0 0.645264847512 0.706455542022 0.0337078651685 0.0828258221681
0 0.6841894061 0.652253349574 0.0313001605136 0.0767356881851
0 0.83025682183 0.801461632156 0.0280898876404 0.0706455542022
0 0.817415730337 0.380024360536 0.0313001605136 0.0876979293544
0 0.946227929374 0.292326431181 0.0369181380417 0.0852618757613
0 0.88683788122 0.181485992692 0.0304975922953 0.0779537149817
0 0.827447833066 0.291717417783 0.024077046549 0.0596833130329
0 0.718699839486 0.155907429963 0.0248796147673 0.068209500609
0 0.700240770465 0.129719853837 0.029695024077 0.047503045067
0 0.635634028892 0.449451887942 0.0304975922953 0.0462850182704
0 0.324638844302 0.277710109622 0.0264847512039 0.0755176613886
0 0.289727126806 0.215590742996 0.0224719101124 0.0487210718636
0 0.886436597111 0.769792935445 0.0264847512039 0.0511571254568
