0 0.644236960721 0.428786737001 0.0238248551191 0.043707611153
0 0.562137797811 0.374529012811 0.0257566001288 0.043707611153
0 0.615582743078 0.551243406179 0.032195750161 0.0610399397136
0 0.558918222795 0.642426525998 0.0270444301352 0.0474755086662
0 0.51802962009 0.640542577242 0.026400515132 0.0346646571213
0 0.634578235673 0.110776186888 0.0251126851256 0.0361718161266
0 0.0756600128783 0.576111529766 0.0573084352865 0.0670685757347
0 0.3599484868 0.791635267521 0.0386349001932 0.0444611906556
0 0.484224082421 0.783722682743 0.0386349001932 0.0798794272796
0 0.664198325821 0.402034664657 0.0212491951062 0.0429540316503
