0 0.127556987593 0.750506225259 0.0321361058601 0.0747842761266
0 0.240663477826 0.76201149851 0.0352867044739 0.0882070949185
0 0.174500906937 0.763929044051 0.0264650283554 0.065196548418
0 0.466246338569 0.72845445153 0.0327662255829 0.0767018216683
0 0.675446086521 0.693938631779 0.0289855072464 0.0747842761266
0 0.610543755078 0.657505266487 0.0289855072464 0.0632790028763
0 0.539655286269 0.528070942421 0.0384373030876 0.0862895493768
0 0.440726489798 0.463833166774 0.0245746691871 0.0383509108341
0 0.283511618972 0.480611690264 0.0390674228103 0.071907957814
0 0.104557617712 0.384255026793 0.0327662255829 0.0747842761266
0 0.768388745627 0.230371997071 0.0371770636421 0.0910834132311
0 0.903549426156 0.3971984592 0.0441083805923 0.0776605944391
0 0.579037768941 0.168051766966 0.0302457466919 0.0508149568552
0 0.510984838884 0.23995972478 0.0315059861374 0.071907957814
0 0.178911744996 0.379461162939 0.0277252678009 0.0632790028763
0 0.184582822501 0.332001910782 0.0252047889099 0.0431447746884
0 0.461205380787 0.391445822575 0.0189035916824 0.0488974113135
0 0.517916155834 0.486843713275 0.0239445494644 0.0536912751678
0 0.842427813049 0.726057519603 0.0352867044739 0.0738255033557
