0 0.0666666666667 0.726851851852 0.0416666666667 0.0907407407407
0 0.30703125 0.655555555556 0.0296875 0.087037037037
0 0.395833333333 0.635185185185 0.0197916666667 0.0666666666667
0 0.4265625 0.601851851852 0.0197916666667 0.0574074074074
0 0.2453125 0.369907407407 0.034375 0.0898148148148
0 0.28125 0.131018518519 0.0135416666667 0.0527777777778
0 0.19296875 0.0884259259259 0.0286458333333 0.0768518518519
0 0.358072916667 0.251851851852 0.0213541666667 0.0648148148148
0 0.3609375 0.204166666667 0.0197916666667 0.0435185185185
0 0.290625 0.16712962963 0.015625 0.0527777777778
0 0.418489583333 0.25787037037 0.0203125 0.0657407407407
0 0.53515625 0.563888888889 0.0171875 0.0481481481481
0 0.479947916667 0.556944444444 0.0151041666667 0.0416666666667
0 0.569010416667 0.598148148148 0.0140625 0.037037037037
0 0.61640625 0.562962962963 0.0130208333333 0.0296296296296
0 0.475260416667 0.394907407407 0.0151041666667 0.037962962963
0 0.5625 0.358333333333 0.0135416666667 0.05
0 0.578385416667 0.251851851852 0.0140625 0.0407407407407
0 0.538020833333 0.212962962963 0.0197916666667 0.0555555555556
0 0.610677083333 0.321759259259 0.0130208333333 0.0416666666667
0 0.5546875 0.568981481481 0.015625 0.0324074074074
0 0.495572916667 0.264351851852 0.0255208333333 0.0601851851852
0 0.2890625 0.0305555555556 0.025 0.0574074074074
