0 0.0631806659197 0.819066043849 0.097869890616 0.222437137331
0 0.248845605471 0.732992542882 0.0581462291307 0.114119922631
0 0.752011984285 0.669646314642 0.0339666090961 0.068665377176
0 0.517124246806 0.656590221799 0.0328151986183 0.0618955512573
0 0.55224226638 0.173031227602 0.0305123776626 0.0889748549323
0 0.455811638862 0.0680989258608 0.0299366724237 0.0976789168279
0 0.43019275573 0.0647140129014 0.0328151986183 0.114119922631
0 0.325414402247 0.133379390077 0.0454807138745 0.0986460348162
0 0.852472548476 0.662876488723 0.020725388601 0.041586073501
0 0.6057828536 0.475739157969 0.028209556707 0.0676982591876
0 0.585345317618 0.625158887176 0.0241796200345 0.0551257253385
0 0.760935415488 0.416744960677 0.027633851468 0.0889748549323
0 0.806991834601 0.503302020638 0.0230282095567 0.041586073501
0 0.670837545597 0.148853277892 0.028209556707 0.0909090909091
0 0.715166848994 0.172064109613 0.0247553252735 0.0483558994197
0 0.878954989466 0.379994477118 0.0195739781232 0.0309477756286
