0 0.903076923077 0.572784810127 0.024 0.0332278481013
0 0.793230769231 0.527294303797 0.0295384615385 0.0482594936709
0 0.688615384615 0.677610759494 0.0258461538462 0.0561708860759
0 0.790769230769 0.443037974684 0.0209230769231 0.0379746835443
0 0.736 0.418117088608 0.0209230769231 0.0403481012658
0 0.696 0.436708860759 0.0221538461538 0.0348101265823
0 0.563692307692 0.414161392405 0.0209230769231 0.0498417721519
0 0.518461538462 0.639240506329 0.0190769230769 0.0443037974684
0 0.382153846154 0.620253164557 0.0221538461538 0.0474683544304
0 0.461538461538 0.691455696203 0.0233846153846 0.0205696202532
0 0.345538461538 0.560917721519 0.0190769230769 0.0348101265823
0 0.209230769231 0.517405063291 0.0258461538462 0.0458860759494
0 0.324307692308 0.4375 0.0270769230769 0.0569620253165
0 0.323076923077 0.399920886076 0.0196923076923 0.0308544303797
0 0.279076923077 0.341376582278 0.0190769230769 0.0261075949367
0 0.329846153846 0.310522151899 0.0172307692308 0.0324367088608
0 0.468615384615 0.262262658228 0.0215384615385 0.0308544303797
0 0.497538461538 0.43710443038 0.0215384615385 0.0387658227848
0 0.398769230769 0.256329113924 0.0246153846154 0.0443037974684
0 0.436 0.174841772152 0.0190769230769 0.0316455696203
0 0.14 0.230221518987 0.0363076923077 0.0490506329114
0 0.177230769231 0.067246835443 0.0246153846154 0.0474683544304
