0 0.654433792522 0.583805927005 0.0192708333333 0.0555555555556
0 0.631777542522 0.549546667745 0.0208333333333 0.0537037037037
0 0.591412959189 0.590750371449 0.0161458333333 0.0435185185185
0 0.547402542522 0.509268889968 0.0166666666667 0.0564814814815
0 0.517454625855 0.535194815894 0.0161458333333 0.0527777777778
0 0.434381709189 0.582417038116 0.0197916666667 0.0324074074074
0 0.508860875855 0.324083704782 0.021875 0.0601851851852
0 0.577871292522 0.263435556634 0.0203125 0.0648148148148
0 0.619798375855 0.283342964042 0.01875 0.0583333333333
0 0.662246292522 0.249546667745 0.0171875 0.0518518518519
0 0.668235875855 0.122231852931 0.0208333333333 0.0694444444444
0 0.648444209189 0.135194815894 0.0177083333333 0.0509259259259
0 0.624746292522 0.125472593671 0.0182291666667 0.0407407407407
0 0.445840042522 0.218528149227 0.0166666666667 0.0546296296296
0 0.348444209189 0.19399111219 0.0166666666667 0.0462962962963
0 0.361204625855 0.222694815894 0.0171875 0.062962962963
0 0.331517125855 0.610194815894 0.0213541666667 0.062037037037
0 0.218756709189 0.657417038116 0.0260416666667 0.0657407407407
0 0.246100459189 0.566213334412 0.0255208333333 0.062962962963
0 0.233340042522 0.373157778856 0.0239583333333 0.0490740740741
0 0.298183792522 0.154176297375 0.0255208333333 0.0666666666667
0 0.144017125855 0.554639260338 0.0244791666667 0.0490740740741
0 0.113808792522 0.532417038116 0.0223958333333 0.0324074074074
0 0.198444209189 0.212509630708 0.0197916666667 0.0592592592593
0 0.481777542522 0.529639260338 0.0166666666667 0.0398148148148
