0 0.653382178459 0.682579730144 0.0434432823813 0.057734204793
0 0.893929242014 0.762645089621 0.0498793242156 0.041394335512
0 0.327557560598 0.64281938156 0.0257441673371 0.0501089324619
0 0.267219668402 0.582361865221 0.0257441673371 0.0642701525054
0 0.358933264541 0.626479512279 0.02252614642 0.0392156862745
0 0.616777190526 0.433124392454 0.0329847144006 0.0555555555556
0 0.748716048129 0.299137464349 0.0490748189863 0.0925925925926
0 0.821523771379 0.289333542781 0.0370072405471 0.0555555555556
0 0.964725702191 0.316566658249 0.0402252614642 0.0904139433551
0 0.609536643463 0.206544871757 0.0249396621078 0.0403050108932
0 0.379045895273 0.339987137552 0.0257441673371 0.0566448801743
0 0.398354020775 0.245760558031 0.0209171359614 0.0424836601307
0 0.490469869529 0.274082998118 0.0217216411907 0.0272331154684
0 0.484436080309 0.683669054763 0.0257441673371 0.0424836601307
0 0.218144849416 0.486501298772 0.02252614642 0.0490196078431
0 0.272851205007 0.41079323777 0.02252614642 0.0435729847495
0 0.199238976528 0.472884741038 0.0201126307321 0.037037037037
0 0.217742596801 0.176588444741 0.0249396621078 0.0588235294118
0 0.178321840566 0.17767776936 0.0233306516492 0.0479302832244
0 0.159415967678 0.200553586354 0.02252614642 0.0435729847495
