0 0.433389133711 0.206306337744 0.0266666666667 0.0387096774194
0 0.505184005506 0.189102036669 0.0266666666667 0.0344086021505
0 0.361594261916 0.174048273228 0.0307692307692 0.0301075268817
0 0.586722467044 0.272435370002 0.0174358974359 0.0311827956989
0 0.469799390121 0.294478380755 0.0215384615385 0.0279569892473
0 0.423132723454 0.441790208712 0.0287179487179 0.047311827957
0 0.208773749095 0.506306337744 0.0307692307692 0.0494623655914
0 0.258517338839 0.546628918389 0.025641025641 0.0376344086022
0 0.0662096465313 0.560069778604 0.0328205128205 0.047311827957
0 0.0359532362749 0.269209563551 0.0276923076923 0.0247311827957
0 0.310825031147 0.199854724841 0.0276923076923 0.0344086021505
0 0.309286569608 0.363295585056 0.0205128205128 0.0258064516129
