0 0.935674955986 0.574377571999 0.0184891706286 0.0570719602978
0 0.840323661744 0.628968142719 0.0147913365029 0.0521091811414
0 0.911903165177 0.610978068277 0.013206550449 0.0409429280397
0 0.899753138764 0.592367646441 0.0142630744849 0.0434243176179
0 0.811005119747 0.581821740733 0.0100369783413 0.029776674938
0 0.756330000888 0.508000400783 0.013734812467 0.0434243176179
0 0.72991689999 0.53901777051 0.0126782884311 0.0434243176179
0 0.737048437232 0.594228688624 0.00898045430534 0.0223325062035
0 0.745764760529 0.560109581925 0.013734812467 0.045905707196
0 0.714069039451 0.352293204753 0.0126782884311 0.0421836228288
0 0.775611564543 0.401920996317 0.013206550449 0.0496277915633
0 0.798062700307 0.315692708475 0.0126782884311 0.0384615384615
0 0.69610813084 0.314452013686 0.0105652403592 0.0334987593052
0 0.911639034168 0.328720003761 0.0169043845747 0.0545905707196
0 0.918242309393 0.235047547185 0.0142630744849 0.0409429280397
0 0.62109492429 0.307628192346 0.0095087163233 0.0397022332506
0 0.612378600993 0.344849036019 0.0100369783413 0.0421836228288
0 0.681580925346 0.546461939245 0.0121500264131 0.045905707196
0 0.637206915838 0.606015289121 0.0110935023772 0.0359801488834
0 0.620302531263 0.580581045944 0.00898045430534 0.0272952853598
0 0.583060058997 0.537777075721 0.0105652403592 0.045905707196
0 0.54344040765 0.516064916912 0.00845219228737 0.0347394540943
0 0.527064285093 0.560729929319 0.00633914421553 0.0198511166253
0 0.50434901832 0.538397423116 0.00845219228737 0.0248138957816
0 0.500915315204 0.554526455374 0.00686740623349 0.0223325062035
0 0.543176276641 0.418050028575 0.00792393026941 0.0347394540943
0 0.518083830787 0.390754743215 0.0105652403592 0.029776674938
0 0.490085943835 0.320035140237 0.00845219228737 0.0322580645161
