0 0.112565443629 0.28835026935 0.0302390998594 0.08310626703
0 0.120652644754 0.817641822484 0.0379746835443 0.0926430517711
0 0.153001449255 0.759739915127 0.0337552742616 0.0967302452316
0 0.287670928861 0.684808035018 0.0274261603376 0.0858310626703
0 0.334787665851 0.712055991421 0.0246132208158 0.0776566757493
0 0.226841111702 0.806061441012 0.0239099859353 0.0640326975477
0 0.175153347989 0.331946999596 0.0288326300985 0.0776566757493
0 0.228950816343 0.301974247552 0.0351617440225 0.107629427793
0 0.335139283291 0.406878879705 0.0295358649789 0.091280653951
0 0.418824234065 0.269957898778 0.0210970464135 0.0708446866485
0 0.306306653193 0.1228189342 0.0196905766526 0.0517711171662
0 0.288374163741 0.143936100413 0.0246132208158 0.058583106267
0 0.371707497075 0.260421114037 0.0239099859353 0.0544959128065
0 0.440976132799 0.780857081339 0.0288326300985 0.0517711171662
0 0.562284149677 0.78358187698 0.0239099859353 0.0762942779292
0 0.534857989339 0.235897953274 0.0196905766526 0.0572207084469
0 0.52114490917 0.278813484609 0.0232067510549 0.0858310626703
0 0.590061927454 0.186170432838 0.0274261603376 0.0967302452316
0 0.682888931674 0.293118661721 0.0203938115331 0.0599455040872
0 0.663901589902 0.474998770713 0.0246132208158 0.0613079019074
0 0.642101308608 0.555380242102 0.0175808720113 0.0313351498638
0 0.651243362054 0.720230378342 0.0274261603376 0.08310626703
0 0.747234923235 0.688895228478 0.0253164556962 0.0613079019074
0 0.684998636315 0.829222203955 0.0302390998594 0.0776566757493
0 0.775715935893 0.660966073165 0.021800281294 0.0326975476839
0 0.850962068101 0.28562547371 0.0232067510549 0.0422343324251
0 0.923746878228 0.300611849732 0.0323488045007 0.0776566757493
0 0.858697651786 0.741347544555 0.0260196905767 0.0626702997275
0 0.919527468945 0.652791686244 0.0309423347398 0.0626702997275
0 0.610455738987 0.323772612675 0.0232067510549 0.0613079019074
