0 0.803082131317 0.718506151825 0.0349854227405 0.0787878787879
0 0.828592335398 0.750324333643 0.033527696793 0.0737373737374
0 0.749146271258 0.6659808993 0.036443148688 0.0808080808081
0 0.601915950559 0.635172818492 0.0247813411079 0.0636363636364
0 0.656580673591 0.597799081118 0.0262390670554 0.0717171717172
0 0.651478632774 0.638203121522 0.0262390670554 0.0454545454545
0 0.454685629859 0.688708172027 0.0291545189504 0.0414141414141
0 0.428082131317 0.655374838694 0.0284256559767 0.0393939393939
0 0.386536941812 0.697294030613 0.0269679300292 0.0686868686869
0 0.777571927235 0.302344535663 0.0320699708455 0.0848484848485
0 0.644918866011 0.288203121522 0.0349854227405 0.0868686868687
0 0.570939274174 0.257900091219 0.0255102040816 0.0525252525253
0 0.834058807702 0.0861829195017 0.0327988338192 0.0747474747475
0 0.755706038022 0.0816374649562 0.0320699708455 0.0636363636364
0 0.791784755223 0.0568899902088 0.0386297376093 0.0909090909091
0 0.561828487002 0.381132414451 0.0320699708455 0.0747474747475
0 0.41605589225 0.291738475057 0.0247813411079 0.0717171717172
0 0.37742615464 0.264465747785 0.0291545189504 0.0454545454545
0 0.332601081754 0.227597060916 0.0327988338192 0.0565656565657
0 0.341347437439 0.332647565966 0.0240524781341 0.0565656565657
0 0.256799332483 0.460930394249 0.0284256559767 0.0505050505051
0 0.320939274174 0.637193020512 0.0255102040816 0.0292929292929
0 0.288869303328 0.649314232633 0.0284256559767 0.0535353535354
0 0.242950935981 0.731637464956 0.0298833819242 0.0606060606061
0 0.111026737731 0.672546555865 0.0255102040816 0.0434343434343
0 0.170064638605 0.607395040714 0.0225947521866 0.0242424242424
0 0.0931695948736 0.336687970007 0.0233236151603 0.0323232323232
0 0.0180967085762 0.356384939704 0.033527696793 0.0535353535354
