0 0.732097230803 0.480888608165 0.010119047619 0.0167516387473
0 0.688049611756 0.459038644582 0.0136904761905 0.0269482884195
0 0.643406754613 0.404413735624 0.0125 0.0211216314639
0 0.681799611756 0.397130414429 0.0119047619048 0.0196649672251
0 0.672275802232 0.412425388937 0.0119047619048 0.0167516387473
0 0.653823421279 0.374552118726 0.0142857142857 0.0269482884195
0 0.554716278422 0.371274624189 0.0184523809524 0.0364166059723
0 0.626442468898 0.547530997095 0.0142857142857 0.027676620539
0 0.495787706994 0.583583437007 0.014880952381 0.0254916241806
0 0.573168659375 0.484530268763 0.0160714285714 0.0269482884195
0 0.590132945089 0.465593633657 0.0130952380952 0.0240349599417
0 0.399359135565 0.521675206854 0.0220238095238 0.0371449380918
0 0.369894849851 0.479067777867 0.0202380952381 0.0305899490168
0 0.385073421279 0.39530958413 0.0255952380952 0.0466132556446
0 0.24876389747 0.450298659149 0.0279761904762 0.0444282592862
0 0.289835326041 0.271493123825 0.0196428571429 0.0233066278223
0 0.374061516517 0.357436313919 0.0202380952381 0.0305899490168
0 0.429121040327 0.225608200299 0.0232142857143 0.0393299344501
0 0.462751992708 0.157144981071 0.0190476190476 0.0305899490168
0 0.486859135565 0.236897348151 0.0208333333333 0.0225782957028
