0 0.643964935941 0.763581488934 0.0404585300067 0.0945674044266
0 0.827376938638 0.56338028169 0.0606877950101 0.134808853119
0 0.879973027647 0.789235412475 0.0539447066757 0.079476861167
0 0.797033041133 0.48893360161 0.0445043830074 0.0804828973843
0 0.678691840863 0.426056338028 0.0303438975051 0.0553319919517
0 0.400876601483 0.638832997988 0.0370869858395 0.0945674044266
0 0.359406608227 0.592555331992 0.0229265003372 0.0663983903421
0 0.325691166554 0.558350100604 0.024275118004 0.0583501006036
0 0.500674308833 0.35814889336 0.0411328388402 0.0784708249497
0 0.376264329063 0.230885311871 0.0229265003372 0.0613682092555
0 0.432231962239 0.234406438632 0.0256237356709 0.0663983903421
0 0.447066756575 0.194668008048 0.0215778826703 0.0291750503018
0 0.295347269049 0.203722334004 0.0229265003372 0.0513078470825
0 0.223533378287 0.178068410463 0.018206338503 0.0442655935614
0 0.32198246797 0.353118712274 0.0195549561699 0.0382293762575
0 0.208698583951 0.49245472837 0.0222521915037 0.0472837022133
0 0.189817936615 0.48490945674 0.0195549561699 0.0503018108652
0 0.130815913688 0.468812877264 0.0161834120027 0.0342052313883
0 0.172285906945 0.232897384306 0.0209035738368 0.0412474849095
