0 0.33907480315 0.887573964497 0.0344488188976 0.094674556213
0 0.416830708661 0.830621301775 0.0403543307087 0.0665680473373
0 0.611220472441 0.763313609467 0.0393700787402 0.0887573964497
0 0.471948818898 0.485946745562 0.0285433070866 0.051775147929
0 0.373031496063 0.366863905325 0.0354330708661 0.103550295858
0 0.315452755906 0.222633136095 0.0423228346457 0.10798816568
0 0.316437007874 0.104289940828 0.0383858267717 0.0872781065089
0 0.493602362205 0.144230769231 0.0285433070866 0.0754437869822
0 0.51624015748 0.125 0.0285433070866 0.051775147929
0 0.676673228346 0.32100591716 0.0364173228346 0.0650887573964
0 0.635826771654 0.281065088757 0.0374015748031 0.0798816568047
0 0.764271653543 0.383136094675 0.0305118110236 0.0769230769231
0 0.781496062992 0.329881656805 0.0275590551181 0.0562130177515
0 0.868602362205 0.325443786982 0.0324803149606 0.0710059171598
0 0.974409448819 0.726331360947 0.0334645669291 0.0591715976331
0 0.971456692913 0.524408284024 0.0236220472441 0.0695266272189
