0 0.767617938264 0.213147410359 0.0209668025626 0.0557768924303
0 0.752475247525 0.175796812749 0.0232964472918 0.0667330677291
0 0.723645894001 0.15438247012 0.0238788584741 0.0677290836653
0 0.722189866045 0.209661354582 0.0128130460105 0.042828685259
0 0.549213744904 0.288844621514 0.0291205591147 0.0737051792829
0 0.509900990099 0.365537848606 0.029702970297 0.0836653386454
0 0.630751310425 0.637948207171 0.0291205591147 0.0906374501992
0 0.556493884683 0.705179282869 0.0262085032033 0.0677290836653
0 0.526208503203 0.676294820717 0.0250436808387 0.0537848605578
0 0.701223063483 0.524402390438 0.0186371578334 0.058764940239
0 0.670355270821 0.543824701195 0.0209668025626 0.0597609561753
0 0.400407687828 0.719621513944 0.0320326150262 0.058764940239
0 0.460396039604 0.145418326693 0.0262085032033 0.0418326693227
0 0.292661619103 0.298804780876 0.0413511939429 0.0876494023904
0 0.198311007571 0.0403386454183 0.0576587070472 0.0766932270916
0 0.2335468841 0.663346613546 0.0547466511357 0.109561752988
