0 0.902604166667 0.684259259259 0.0270833333333 0.0611111111111
0 0.83203125 0.630555555556 0.0234375 0.0648148148148
0 0.732291666667 0.551388888889 0.0197916666667 0.0546296296296
0 0.654427083333 0.526388888889 0.0130208333333 0.037962962963
0 0.623177083333 0.583796296296 0.0130208333333 0.0305555555556
0 0.583333333333 0.552314814815 0.0145833333333 0.0287037037037
0 0.575520833333 0.575462962963 0.0135416666667 0.0287037037037
0 0.65859375 0.389351851852 0.0171875 0.0509259259259
0 0.608854166667 0.356944444444 0.0166666666667 0.0490740740741
0 0.598177083333 0.338425925926 0.0140625 0.037962962963
0 0.890364583333 0.40787037037 0.0276041666667 0.0527777777778
0 0.7453125 0.278703703704 0.0197916666667 0.0425925925926
0 0.808072916667 0.268055555556 0.0192708333333 0.0583333333333
0 0.844010416667 0.196759259259 0.0244791666667 0.0657407407407
0 0.70390625 0.594907407407 0.0161458333333 0.0583333333333
0 0.556510416667 0.26712962963 0.0171875 0.0398148148148
