0 0.128645833333 0.857407407407 0.053125 0.114814814815
0 0.1109375 0.326851851852 0.059375 0.131481481481
0 0.298697916667 0.108333333333 0.0338541666667 0.101851851852
0 0.530208333333 0.602314814815 0.034375 0.0787037037037
0 0.300520833333 0.649074074074 0.03125 0.0944444444444
0 0.333333333333 0.607407407407 0.03125 0.0518518518519
0 0.443489583333 0.0972222222222 0.0296875 0.0648148148148
0 0.511979166667 0.113425925926 0.0395833333333 0.121296296296
0 0.558072916667 0.315277777778 0.0286458333333 0.0787037037037
0 0.779427083333 0.673148148148 0.0296875 0.0648148148148
0 0.748177083333 0.636574074074 0.0244791666667 0.0564814814815
0 0.861458333333 0.618055555556 0.0322916666667 0.0787037037037
0 0.63828125 0.664351851852 0.0255208333333 0.0546296296296
0 0.770572916667 0.260185185185 0.0276041666667 0.0851851851852
0 0.569791666667 0.188425925926 0.025 0.0638888888889
0 0.58125 0.0439814814815 0.0239583333333 0.0564814814815
0 0.7359375 0.34212962963 0.0260416666667 0.0787037037037
0 0.138541666667 0.0949074074074 0.0385416666667 0.0842592592593
0 0.6890625 0.156944444444 0.0239583333333 0.037962962963
0 0.972916666667 0.0824074074074 0.0291666666667 0.0648148148148
0 0.9703125 0.138888888889 0.01875 0.0518518518519
0 0.9453125 0.493055555556 0.0239583333333 0.0694444444444
0 0.903645833333 0.514351851852 0.0260416666667 0.0638888888889
