0 0.528695830824 0.349078361044 0.0104575163399 0.0297823596793
0 0.509741582458 0.348505623358 0.0156862745098 0.0446735395189
0 0.478369033438 0.30211387078 0.0156862745098 0.0389461626575
0 0.500264458275 0.264885921181 0.0150326797386 0.0469644902635
0 0.391767726249 0.307841247642 0.0202614379085 0.0618556701031
0 0.303859229517 0.138310892544 0.0261437908497 0.0481099656357
0 0.327061843896 0.492835520265 0.0333333333333 0.0882016036655
0 0.487519360236 0.513454076966 0.0156862745098 0.0400916380298
0 0.440460536706 0.673820629085 0.0169934640523 0.049255441008
0 0.268891909255 0.656065760815 0.0254901960784 0.0595647193585
0 0.20287883736 0.743121889108 0.0398692810458 0.098510882016
0 0.266604327556 0.165802301479 0.0326797385621 0.0824742268041
0 0.119872301412 0.36454227857 0.0372549019608 0.0469644902635
0 0.0914409288631 0.313568624503 0.0392156862745 0.167239404353
