0 0.784262737227 0.506052663824 0.0545454545455 0.102615694165
0 0.543899100863 0.729895722174 0.0421818181818 0.0774647887324
0 0.914444555409 0.834523488774 0.0545454545455 0.08953722334
0 0.716990009954 0.682109001852 0.0436363636364 0.0704225352113
0 0.444262737227 0.733416848935 0.0305454545455 0.0603621730382
0 0.407171828136 0.671545621571 0.0247272727273 0.0472837022133
0 0.641353646318 0.0991110139248 0.0450909090909 0.101609657948
0 0.891171828136 0.102129122577 0.0574545454545 0.135814889336
0 0.805353646318 0.0563544746894 0.0487272727273 0.0724346076459
0 0.495899100863 0.429593911309 0.0421818181818 0.1046277666
0 0.533717282681 0.131304172879 0.0218181818182 0.033199195171
0 0.396262737227 0.171042603462 0.0232727272727 0.0523138832998
0 0.370080919045 0.253537573281 0.0218181818182 0.0342052313883
0 0.297353646318 0.385328317748 0.0276363636364 0.056338028169
0 0.341353646318 0.535730732235 0.0298181818182 0.0553319919517
0 0.239171828136 0.70927197972 0.0203636363636 0.046277665996
0 0.197717282681 0.563396728211 0.0189090909091 0.0342052313883
0 0.168990009954 0.408467150746 0.0196363636364 0.0422535211268
0 0.147171828136 0.403436969659 0.0138181818182 0.0281690140845
0 0.18062637359 0.324463126601 0.0181818181818 0.0412474849095
0 0.202808191772 0.369231738271 0.0174545454545 0.0342052313883
