0 0.690550500786 0.262796098882 0.0171875 0.0564814814815
0 0.631175500786 0.322055358141 0.0171875 0.0564814814815
0 0.638467167453 0.246592395178 0.0140625 0.0407407407407
0 0.565290084119 0.17807387666 0.0145833333333 0.0388888888889
0 0.556956750786 0.160481284067 0.0104166666667 0.0203703703704
0 0.471800500786 0.241036839622 0.0182291666667 0.05
0 0.528050500786 0.381777580363 0.0161458333333 0.0259259259259
0 0.452008834119 0.329462765548 0.0140625 0.0435185185185
0 0.567113000786 0.517425728511 0.0161458333333 0.0509259259259
0 0.543675500786 0.558166469252 0.0182291666667 0.0546296296296
0 0.503050500786 0.551222024808 0.0192708333333 0.0407407407407
0 0.654873417453 0.589184987771 0.0125 0.0240740740741
0 0.674925500786 0.566962765548 0.0140625 0.0351851851852
0 0.399404667453 0.266499802585 0.0182291666667 0.0564814814815
0 0.366071334119 0.238722024808 0.0182291666667 0.0527777777778
0 0.316852584119 0.279925728511 0.0166666666667 0.0537037037037
0 0.290029667453 0.236407209993 0.0140625 0.0333333333333
0 0.280654667453 0.459092395178 0.0213541666667 0.0490740740741
0 0.320238000786 0.568351654437 0.0161458333333 0.0398148148148
0 0.325706750786 0.617888691474 0.01875 0.0388888888889
0 0.378050500786 0.60307387666 0.0171875 0.0574074074074
0 0.397060917453 0.583629432215 0.0177083333333 0.0574074074074
0 0.248363000786 0.555388691474 0.0171875 0.0435185185185
0 0.169456750786 0.59844424703 0.025 0.0666666666667
0 0.133779667453 0.401684987771 0.0265625 0.062037037037
0 0.216852584119 0.222518321104 0.0239583333333 0.0592592592593
