0 0.138666691891 0.664894444797 0.0416666666667 0.0898148148148
0 0.361843775224 0.683412963316 0.0286458333333 0.0712962962963
0 0.336583358557 0.651005555909 0.0270833333333 0.0435185185185
0 0.483979191891 0.816746296649 0.0322916666667 0.0805555555556
0 0.0943958585574 0.354709259612 0.0385416666667 0.0768518518519
0 0.162885441891 0.174153704057 0.0421875 0.117592592593
0 0.234500025224 0.177394444797 0.0270833333333 0.0592592592593
0 0.365489608557 0.219061111464 0.0265625 0.0833333333333
0 0.0740833585574 0.212579629983 0.0291666666667 0.0740740740741
0 0.549083358557 0.14498703739 0.0302083333333 0.0907407407407
0 0.585281275224 0.247301852205 0.0286458333333 0.0842592592593
0 0.615489608557 0.205172222575 0.0255208333333 0.0555555555556
0 0.498562525224 0.432024074427 0.0291666666667 0.0666666666667
0 0.558458358557 0.736653704057 0.0291666666667 0.0851851851852
0 0.674343775224 0.633412963316 0.0286458333333 0.0787037037037
0 0.736583358557 0.703320370723 0.0270833333333 0.0407407407407
0 0.790229191891 0.606561111464 0.0260416666667 0.0675925925926
0 0.796739608557 0.385727778131 0.0276041666667 0.0814814814815
0 0.838145858557 0.699153704057 0.0239583333333 0.0398148148148
0 0.923302108557 0.657024074427 0.0296875 0.0703703703704
0 0.932416691891 0.694061111464 0.025 0.0481481481481
0 0.887625025224 0.31211666702 0.0333333333333 0.0824074074074
