0 0.265392217833 0.660069157141 0.0686406460296 0.0906630581867
0 0.381812137079 0.724345205855 0.064602960969 0.0541271989175
0 0.53187943183 0.580908128724 0.0524899057873 0.0811907983762
0 0.638878085935 0.660745747127 0.043068640646 0.0487144790257
0 0.753952110161 0.597822878386 0.0390309555855 0.0554803788904
0 0.773467587954 0.630975787723 0.0376850605653 0.043301759134
0 0.492175528735 0.346807993406 0.0565275908479 0.0784844384303
0 0.651664088627 0.275766044827 0.0551816958277 0.0771312584574
0 0.773467587954 0.133682147669 0.043068640646 0.063599458728
0 0.162431248789 0.168188236978 0.064602960969 0.0784844384303
