0 0.211559432933 0.189637826962 0.0185387131952 0.0492957746479
0 0.250817884406 0.180583501006 0.0261723009815 0.0754527162978
0 0.316248636859 0.0920523138833 0.0250817884406 0.0714285714286
0 0.331515812432 0.0583501006036 0.0218102508179 0.056338028169
0 0.472464558342 0.111167002012 0.0332606324973 0.0975855130785
0 0.294165757906 0.471327967807 0.0267175572519 0.0754527162978
0 0.401035986914 0.782193158954 0.03653217012 0.105633802817
0 0.637131952017 0.764084507042 0.0430752453653 0.125754527163
0 0.704471101418 0.71629778672 0.0436205016358 0.10060362173
0 0.696564885496 0.431589537223 0.0605234460196 0.189134808853
0 0.753544165758 0.335513078471 0.0534351145038 0.121730382294
0 0.959378407852 0.920020120724 0.0790621592148 0.153923541247
