0 0.284844384303 0.487370838117 0.0108254397835 0.0309988518944
0 0.318335588633 0.338691159587 0.010148849797 0.0252583237658
0 0.295669824087 0.348450057405 0.00947225981055 0.0241102181401
0 0.296346414073 0.325487944891 0.0108254397835 0.0241102181401
0 0.209404600812 0.517795637199 0.01150202977 0.0275545350172
0 0.269621109608 0.328932261768 0.01150202977 0.0241102181401
0 0.346414073072 0.388633754305 0.00676589986468 0.0195177956372
0 0.302435723951 0.397244546498 0.00947225981055 0.0206659012629
0 0.155615696888 0.546498277842 0.0135317997294 0.0275545350172
0 0.0957374830853 0.479334098737 0.0128552097429 0.0264064293915
0 0.0669824086604 0.49598163031 0.0121786197564 0.0275545350172
0 0.0805142083897 0.525832376579 0.0108254397835 0.0252583237658
0 0.0879566982409 0.509758897819 0.0108254397835 0.0275545350172
0 0.0314614343708 0.500574052813 0.0128552097429 0.0298507462687
0 0.0520974289581 0.37543053961 0.0135317997294 0.0321469575201
0 0.141745602165 0.373134328358 0.010148849797 0.0229621125144
