0 0.0532630216545 0.56251055907 0.037037037037 0.0909970958374
0 0.284413815305 0.565414721703 0.0429894179894 0.0968054211036
0 0.370723339115 0.581387616185 0.0396825396825 0.0764762826718
0 0.182892651284 0.100748700406 0.042328042328 0.0987415295257
0 0.376675720067 0.30113592209 0.0357142857143 0.0600193610842
0 0.526477307369 0.272578322865 0.0271164021164 0.0706679574056
0 0.623699529591 0.22562769363 0.0310846560847 0.0832526621491
0 0.667019635411 0.227079774946 0.026455026455 0.0706679574056
0 0.578725984617 0.703362446776 0.0310846560847 0.0726040658277
0 0.664374132766 0.663188197018 0.0238095238095 0.054211035818
0 0.759612228004 0.559606396437 0.031746031746 0.0716360116167
0 0.739770958162 0.300167867879 0.0304232804233 0.0755082284608
0 0.785736566628 0.262897780754 0.0244708994709 0.0474346563408
0 0.899162492554 0.290003298664 0.037037037037 0.0648596321394
