0 0.507723206267 0.252286759122 0.0168302945302 0.0448642266824
0 0.550149573729 0.335521705993 0.0161290322581 0.0436835891381
0 0.568031761667 0.354411906701 0.0210378681627 0.060212514758
0 0.632547890699 0.394553583207 0.0210378681627 0.0625737898465
0 0.744749854234 0.271767278602 0.0210378681627 0.0554899645809
0 0.530163598974 0.569287939759 0.0182328190743 0.038961038961
0 0.520345927165 0.592310371873 0.0168302945302 0.0330578512397
0 0.576446908932 0.60824897872 0.015427769986 0.0318772136954
0 0.617470751849 0.54744614519 0.0189340813464 0.0543093270366
0 0.721958830391 0.582274952746 0.0245441795231 0.0554899645809
0 0.688648872467 0.625958541884 0.0238429172511 0.0365997638725
0 0.840121523238 0.255238352982 0.0266479663394 0.0767414403778
0 0.816278605987 0.237528789818 0.0224403927069 0.0413223140496
