0 0.0610108303249 0.705782312925 0.0902527075812 0.191609977324
0 0.237184115523 0.669501133787 0.0541516245487 0.0986394557823
0 0.701805054152 0.71485260771 0.0317689530686 0.0600907029478
0 0.488086642599 0.657029478458 0.0303249097473 0.0532879818594
0 0.556317689531 0.250566893424 0.0281588447653 0.0770975056689
0 0.476173285199 0.141723356009 0.0281588447653 0.0839002267574
0 0.452707581227 0.134353741497 0.0303249097473 0.0986394557823
0 0.351985559567 0.171768707483 0.0425992779783 0.0850340136054
0 0.794223826715 0.728458049887 0.0202166064982 0.0374149659864
0 0.582671480144 0.520408163265 0.0259927797834 0.0589569160998
0 0.552707581227 0.643424036281 0.0223826714801 0.0487528344671
0 0.729241877256 0.5 0.0259927797834 0.0770975056689
0 0.764620938628 0.583333333333 0.0216606498195 0.0374149659864
0 0.66678700361 0.253401360544 0.026714801444 0.078231292517
0 0.705415162455 0.281746031746 0.0231046931408 0.0419501133787
0 0.839711191336 0.492063492063 0.0187725631769 0.0272108843537
