0 0.297135416667 0.563888888889 0.0161458333333 0.037037037037
0 0.289322916667 0.593055555556 0.0171875 0.0305555555556
0 0.34765625 0.600925925926 0.0161458333333 0.0351851851852
0 0.383333333333 0.531944444444 0.0177083333333 0.0509259259259
0 0.466145833333 0.557407407407 0.0177083333333 0.0592592592593
0 0.434895833333 0.600462962963 0.0166666666667 0.0287037037037
0 0.38671875 0.372685185185 0.0182291666667 0.0527777777778
0 0.326302083333 0.323611111111 0.0182291666667 0.0564814814815
0 0.263802083333 0.206481481481 0.0192708333333 0.0481481481481
0 0.478645833333 0.264351851852 0.015625 0.0453703703704
0 0.5203125 0.236111111111 0.015625 0.0351851851852
0 0.538020833333 0.261574074074 0.01875 0.062037037037
0 0.559114583333 0.635648148148 0.0192708333333 0.0601851851852
0 0.62265625 0.684722222222 0.0223958333333 0.0583333333333
0 0.715625 0.592592592593 0.021875 0.0611111111111
0 0.736458333333 0.565277777778 0.0208333333333 0.0361111111111
0 0.611458333333 0.405092592593 0.0208333333333 0.0472222222222
0 0.570052083333 0.190277777778 0.0213541666667 0.0657407407407
0 0.712760416667 0.228703703704 0.0213541666667 0.0648148148148
0 0.889322916667 0.593518518519 0.0317708333333 0.101851851852
0 0.816145833333 0.212037037037 0.021875 0.0351851851852
0 0.867447916667 0.225462962963 0.0317708333333 0.0768518518519
0 0.931510416667 0.335185185185 0.0182291666667 0.0462962962963
0 0.97265625 0.0787037037037 0.0276041666667 0.0518518518519
