0 0.3953125 0.65 0.025 0.0722222222222
0 0.377083333333 0.679166666667 0.0239583333333 0.0675925925926
0 0.433854166667 0.601851851852 0.0260416666667 0.0740740740741
0 0.5390625 0.573611111111 0.0177083333333 0.0583333333333
0 0.5 0.539351851852 0.01875 0.0657407407407
0 0.503645833333 0.576388888889 0.01875 0.0416666666667
0 0.644270833333 0.622685185185 0.0208333333333 0.037962962963
0 0.66328125 0.59212962963 0.0203125 0.0361111111111
0 0.69296875 0.630555555556 0.0192708333333 0.062962962963
0 0.413541666667 0.268518518519 0.0229166666667 0.0777777777778
0 0.508333333333 0.255555555556 0.025 0.0796296296296
0 0.561197916667 0.227777777778 0.0182291666667 0.0481481481481
0 0.373177083333 0.0703703703704 0.0234375 0.0685185185185
0 0.429166666667 0.0662037037037 0.0229166666667 0.0583333333333
0 0.403385416667 0.0435185185185 0.0276041666667 0.0833333333333
0 0.567708333333 0.340740740741 0.0229166666667 0.0685185185185
0 0.671875 0.258796296296 0.0177083333333 0.0657407407407
0 0.699479166667 0.233796296296 0.0208333333333 0.0416666666667
0 0.731510416667 0.2 0.0234375 0.0518518518519
0 0.725260416667 0.296296296296 0.0171875 0.0518518518519
0 0.785677083333 0.413888888889 0.0203125 0.0462962962963
0 0.73984375 0.575462962963 0.0182291666667 0.0268518518519
0 0.762760416667 0.586574074074 0.0203125 0.0490740740741
0 0.795572916667 0.662037037037 0.0213541666667 0.0555555555556
0 0.88984375 0.60787037037 0.0182291666667 0.0398148148148
0 0.84765625 0.548148148148 0.0161458333333 0.0222222222222
0 0.902604166667 0.3 0.0166666666667 0.0296296296296
0 0.95625 0.318055555556 0.0239583333333 0.0490740740741
