0 0.145952359857 0.555874602633 0.0361726954492 0.0561224489796
0 0.262930189495 0.546763815461 0.0262543757293 0.0510204081633
0 0.250969862774 0.312798800884 0.0326721120187 0.0524781341108
0 0.394202068141 0.26177839272 0.0239206534422 0.0510204081633
0 0.423081881444 0.253396468522 0.0210035005834 0.0342565597668
0 0.456045708748 0.316078684265 0.0192532088681 0.0357142857143
0 0.373198567558 0.171399383974 0.0285880980163 0.0495626822157
0 0.522848509215 0.451282765898 0.0198366394399 0.0393586005831
0 0.587317587395 0.454198217793 0.0180863477246 0.0379008746356
0 0.661413270008 0.410830870854 0.0169194865811 0.0327988338192
0 0.485508952622 0.56206993791 0.0186697782964 0.0349854227405
0 0.395952359857 0.536559733828 0.0204200700117 0.0422740524781
0 0.419873013299 0.5901311624 0.0204200700117 0.0240524781341
0 0.555228905948 0.624752153653 0.0157526254376 0.0276967930029
0 0.553770329518 0.645160316918 0.0140023337223 0.0204081632653
0 0.501553293346 0.623658859193 0.0157526254376 0.018221574344
