0 0.306887532694 0.250939849624 0.0139494333043 0.0206766917293
0 0.362685265911 0.28477443609 0.0191804707934 0.031954887218
0 0.446817785527 0.296052631579 0.0165649520488 0.0244360902256
0 0.421098517873 0.246710526316 0.0156931124673 0.0234962406015
0 0.415431560593 0.268796992481 0.0165649520488 0.0187969924812
0 0.463818657367 0.262687969925 0.0191804707934 0.031015037594
0 0.549258936356 0.37265037594 0.0244115082825 0.0422932330827
0 0.337401918047 0.420112781955 0.0191804707934 0.031954887218
0 0.414123801221 0.595394736842 0.0191804707934 0.031015037594
0 0.435919790759 0.43515037594 0.0209241499564 0.031954887218
0 0.438099389712 0.401315789474 0.0165649520488 0.0281954887218
0 0.547951176983 0.660244360902 0.0287707061901 0.0441729323308
0 0.60897994769 0.662593984962 0.027027027027 0.0357142857143
0 0.669572798605 0.583646616541 0.0331299040976 0.0545112781955
0 0.734524847428 0.779605263158 0.0374891020052 0.0516917293233
0 0.855274629468 0.602443609023 0.0261551874455 0.0281954887218
0 0.710985178727 0.569078947368 0.027027027027 0.0366541353383
0 0.778988666085 0.40977443609 0.0305143853531 0.0451127819549
0 0.81037489102 0.321428571429 0.025283347864 0.0357142857143
0 0.721883173496 0.351973684211 0.0278988666085 0.0272556390977
