0 0.734381705926 0.459335718987 0.0390625 0.0944444444444
0 0.56224628926 0.665354237505 0.0302083333333 0.0712962962963
0 0.827610872593 0.761650533801 0.0390625 0.0824074074074
0 0.686204622593 0.621372756024 0.03125 0.0648148148148
0 0.490892122593 0.668594978246 0.021875 0.0555555555556
0 0.464329622593 0.611650533801 0.0177083333333 0.0435185185185
0 0.632037955926 0.0847986819496 0.0322916666667 0.0935185185185
0 0.810944205926 0.0875764597273 0.0411458333333 0.125
0 0.749485872593 0.0454468300977 0.0348958333333 0.0666666666667
0 0.52787128926 0.388965348616 0.0302083333333 0.0962962962963
0 0.554954622593 0.114428311579 0.015625 0.0305555555556
0 0.456517122593 0.151002385653 0.0166666666667 0.0481481481481
0 0.437767122593 0.226928311579 0.015625 0.0314814814815
0 0.38568378926 0.348224607875 0.0197916666667 0.0518518518519
0 0.417194205926 0.486650533801 0.0213541666667 0.0509259259259
0 0.344017122593 0.646372756024 0.0145833333333 0.0425925925926
0 0.314329622593 0.512113496764 0.0135416666667 0.0314814814815
0 0.293756705926 0.369520904172 0.0140625 0.0388888888889
0 0.278131705926 0.364891274542 0.00989583333333 0.0259259259259
0 0.30209003926 0.292206089357 0.0130208333333 0.037962962963
0 0.317975455926 0.333409793061 0.0125 0.0314814814815
