0 0.203369250861 0.639029927655 0.0428751576293 0.0564216778025
0 0.362890057923 0.788621612882 0.0365699873897 0.0601336302895
0 0.418690814544 0.723662444359 0.0208070617907 0.0371195248701
0 0.43886735931 0.687285309986 0.0195460277427 0.0326651818857
0 0.518943021353 0.603766379029 0.0145018915511 0.0215293244246
0 0.530607586297 0.593372912065 0.015132408575 0.0259836674091
0 0.570014900294 0.564790877915 0.0107187894073 0.014847809948
0 0.415853487936 0.548087091724 0.0138713745271 0.0259836674091
0 0.47858993182 0.484983899444 0.0119798234552 0.0259836674091
0 0.277139742665 0.512452347848 0.0226986128625 0.0408314773571
0 0.336093084405 0.48906704718 0.0208070617907 0.0386043058649
0 0.256963197898 0.48349911845 0.0214375788146 0.0274684484039
0 0.464403298781 0.422994292911 0.0100882723834 0.0207869339272
0 0.506647939386 0.445637203082 0.0113493064313 0.0200445434298
0 0.425941760319 0.416312778435 0.015132408575 0.0282108389013
0 0.405449957041 0.453061108056 0.015762925599 0.0289532293987
0 0.401351596385 0.471620870491 0.0100882723834 0.018559762435
