0 0.127750308205 0.723369959477 0.0962099125364 0.098083427283
0 0.280082669721 0.807924638169 0.0889212827988 0.0574971815107
0 0.515505410245 0.672637152262 0.0728862973761 0.086809470124
0 0.651802786339 0.772411673119 0.0597667638484 0.0518602029312
0 0.825272174094 0.718860376614 0.0539358600583 0.0597519729425
0 0.846409200333 0.757191830954 0.0524781341108 0.0462232243517
0 0.498012698875 0.413336137606 0.0787172011662 0.0845546786922
0 0.734164302374 0.357530049669 0.0758017492711 0.0834272829763
0 0.928770716368 0.21998777233 0.0597667638484 0.0676437429538
0 0.0643392294874 0.178274130841 0.0889212827988 0.0856820744081
