0 0.957810680641 0.685665956187 0.0425367362722 0.108922363847
0 0.696789798971 0.6398953884 0.0494972931168 0.114716106605
0 0.598568607942 0.640474762676 0.046403712297 0.090382387022
0 0.856495908793 0.125411031506 0.0487238979118 0.117033603708
0 0.618676883271 0.316025168238 0.0417633410673 0.071842410197
0 0.452396914207 0.250555875075 0.030935808198 0.0845886442642
0 0.347601863936 0.176395967775 0.0363495746326 0.098493626883
0 0.298491268422 0.168864102189 0.030935808198 0.0834298957126
0 0.351855537563 0.737230266732 0.0355761794277 0.0869061413673
0 0.259048112969 0.67291972212 0.0278422273782 0.0648899188876
0 0.161987014748 0.532711147381 0.0363495746326 0.0857473928158
0 0.209550819852 0.238389015283 0.0355761794277 0.090382387022
0 0.161213619543 0.185086581911 0.0286156225831 0.0556199304751
0 0.0305098299065 0.192039073221 0.0425367362722 0.0764774044032
