0 0.555354559239 0.377126311525 0.0117540687161 0.0281899109792
0 0.525065228316 0.278461623098 0.0162748643761 0.0356083086053
0 0.482117669546 0.271785065234 0.0153707052441 0.0341246290801
0 0.491611340432 0.233951237341 0.0162748643761 0.0385756676558
0 0.446855463398 0.219114442089 0.0189873417722 0.0356083086053
0 0.431032678588 0.47504916019 0.0162748643761 0.0430267062315
0 0.314396150559 0.510657468795 0.0144665461121 0.0341246290801
0 0.297669206616 0.460212364937 0.0189873417722 0.0459940652819
0 0.206349134284 0.461696044463 0.0207956600362 0.0459940652819
0 0.414305734645 0.223565480664 0.0153707052441 0.0356083086053
0 0.381756005893 0.363773195798 0.0135623869801 0.0311572700297
