0 0.939322671684 0.754727474972 0.0517403574788 0.0901001112347
0 0.975070555033 0.10233592881 0.0479774223895 0.0956618464961
0 0.876763875823 0.213570634038 0.0451552210724 0.091212458287
0 0.834430856068 0.192436040044 0.0395108184384 0.0533926585095
0 0.715898400753 0.241379310345 0.035747883349 0.0645161290323
0 0.525870178739 0.402669632925 0.035747883349 0.0734149054505
0 0.410630291627 0.357063403782 0.0348071495767 0.0711902113459
0 0.380997177799 0.336484983315 0.0282220131703 0.0500556173526
0 0.510818438382 0.595661846496 0.035747883349 0.06340378198
0 0.439322671684 0.675194660734 0.030103480715 0.0400444938821
0 0.690968955786 0.625139043382 0.0442144873001 0.0667408231368
0 0.632173095014 0.6829810901 0.0395108184384 0.0467185761958
0 0.355597365945 0.630700778643 0.030103480715 0.0489432703003
0 0.338193791157 0.661290322581 0.0253998118532 0.0433815350389
0 0.300094073377 0.234705228031 0.030103480715 0.055617352614
