0 0.102182539683 0.579557428872 0.0469576719577 0.0969441517387
0 0.181216931217 0.640147523709 0.031746031746 0.0769230769231
0 0.213293650794 0.602739726027 0.0310846560847 0.0653319283456
0 0.331349206349 0.697049525817 0.0330687830688 0.0916754478398
0 0.51917989418 0.521601685985 0.0304232804233 0.0737618545838
0 0.57671957672 0.585353003161 0.0304232804233 0.072708113804
0 0.532076719577 0.602739726027 0.0257936507937 0.0695468914647
0 0.544312169312 0.655953635406 0.0238095238095 0.0347734457323
0 0.445767195767 0.22866174921 0.0238095238095 0.059009483667
0 0.446097883598 0.101159114858 0.0231481481481 0.0463645943098
0 0.485119047619 0.347207586934 0.0271164021164 0.0621707060063
0 0.649470899471 0.601159114858 0.0224867724868 0.0663856691254
0 0.730489417989 0.701264488936 0.0244708994709 0.0516332982086
0 0.733465608466 0.652792413066 0.0224867724868 0.041095890411
0 0.638888888889 0.27133825079 0.0304232804233 0.0706006322445
0 0.768518518519 0.269757639621 0.0224867724868 0.0632244467861
0 0.804563492063 0.322444678609 0.0191798941799 0.0358271865121
0 0.762566137566 0.331401475237 0.021164021164 0.0516332982086
0 0.789351851852 0.583772391992 0.0205026455026 0.031612223393
0 0.474206349206 0.630136986301 0.015873015873 0.0526870389884
0 0.398478835979 0.623287671233 0.0218253968254 0.0432033719705
0 0.886574074074 0.45416227608 0.0218253968254 0.0484720758693
0 0.939484126984 0.422550052687 0.0218253968254 0.0505795574289
0 0.933862433862 0.627502634352 0.021164021164 0.04531085353
0 0.857142857143 0.641728134879 0.021164021164 0.0252897787144
