0 0.326955822976 0.874064018107 0.0586230402181 0.0842519685039
0 0.49464498453 0.61304039606 0.0245398773006 0.0425196850394
0 0.431591133133 0.515008899997 0.0265848670757 0.0543307086614
0 0.142225079963 0.514221498422 0.0449897750511 0.0732283464567
0 0.308550915001 0.345323860627 0.027266530334 0.0472440944882
0 0.214481385348 0.316977403934 0.0286298568507 0.0425196850394
0 0.287078522363 0.456741183462 0.0224948875256 0.0322834645669
0 0.411141235382 0.485087640155 0.0238582140423 0.0212598425197
0 0.513390724135 0.408315986611 0.0197682344922 0.0314960629921
0 0.588373682554 0.516583703147 0.0184049079755 0.0385826771654
0 0.434317786166 0.633906537792 0.0197682344922 0.0228346456693
0 0.410800403753 0.61146559291 0.0204498977505 0.0346456692913
0 0.417276204708 0.305166380312 0.011588275392 0.0251968503937
0 0.406710424203 0.304772679525 0.0122699386503 0.0212598425197
