0 0.61015625 0.77962962963 0.0390625 0.124074074074
0 0.3375 0.630555555556 0.0333333333333 0.0944444444444
0 0.547395833333 0.131481481481 0.03125 0.107407407407
0 0.300520833333 0.619444444444 0.0260416666667 0.0833333333333
0 0.31015625 0.119444444444 0.0265625 0.0740740740741
0 0.221875 0.221296296296 0.0208333333333 0.0462962962963
0 0.234895833333 0.268981481481 0.015625 0.0435185185185
0 0.286458333333 0.190277777778 0.0166666666667 0.0490740740741
0 0.301041666667 0.187962962963 0.0166666666667 0.0555555555556
0 0.16171875 0.22962962963 0.0244791666667 0.0592592592593
0 0.0971354166667 0.600462962963 0.0255208333333 0.0509259259259
0 0.122135416667 0.606944444444 0.0182291666667 0.037962962963
0 0.0986979166667 0.419444444444 0.0234375 0.0574074074074
0 0.07890625 0.488888888889 0.0171875 0.0518518518519
0 0.0505208333333 0.612037037037 0.0145833333333 0.0314814814815
0 0.483072916667 0.558333333333 0.0276041666667 0.062962962963
0 0.525 0.722685185185 0.0416666666667 0.0731481481481
