0 0.210668864672 0.212600649165 0.0296875 0.0777777777778
0 0.241398031338 0.221859908424 0.0223958333333 0.0666666666667
0 0.243220948005 0.121396945461 0.025 0.0564814814815
0 0.286970948005 0.322322871387 0.0260416666667 0.0712962962963
0 0.383064698005 0.172322871387 0.0192708333333 0.0583333333333
0 0.397908448005 0.159822871387 0.0177083333333 0.0425925925926
0 0.485148031338 0.287600649165 0.0182291666667 0.0518518518519
0 0.425773031338 0.631119167683 0.0213541666667 0.062962962963
0 0.247648031338 0.684822871387 0.0328125 0.0925925925926
0 0.533325114672 0.336211760276 0.015625 0.0527777777778
0 0.547648031338 0.316304352868 0.0151041666667 0.0518518518519
0 0.539835531338 0.63065620472 0.0182291666667 0.0361111111111
0 0.372127198005 0.586211760276 0.0203125 0.0583333333333
0 0.619002198005 0.525100649165 0.0161458333333 0.0398148148148
0 0.567700114672 0.663989538054 0.0135416666667 0.037962962963
0 0.658845948005 0.339915463979 0.0166666666667 0.0453703703704
0 0.707283448005 0.486674723239 0.015625 0.0518518518519
0 0.695304281338 0.621396945461 0.0166666666667 0.0342592592593
0 0.719523031338 0.636674723239 0.0151041666667 0.037037037037
0 0.763012614672 0.53528583435 0.0135416666667 0.0305555555556
0 0.810408448005 0.639915463979 0.0135416666667 0.0287037037037
0 0.780981364672 0.438526575091 0.0140625 0.037037037037
0 0.854939698005 0.440841389905 0.0109375 0.025
0 0.870043864672 0.434359908424 0.00885416666667 0.0212962962963
0 0.833325114672 0.420471019535 0.0104166666667 0.0194444444444
0 0.737231364672 0.326489538054 0.0109375 0.0203703703704
0 0.690095948005 0.345008056572 0.0125 0.0203703703704
