0 0.313020833333 0.787962962963 0.04375 0.122222222222
0 0.141927083333 0.474074074074 0.0661458333333 0.175925925926
0 0.0583333333333 0.743518518519 0.0583333333333 0.101851851852
0 0.183333333333 0.388888888889 0.0479166666667 0.103703703704
0 0.317447916667 0.348611111111 0.0328125 0.0712962962963
0 0.586979166667 0.709259259259 0.0395833333333 0.122222222222
0 0.637239583333 0.663888888889 0.0244791666667 0.0851851851852
0 0.677083333333 0.631018518519 0.0260416666667 0.075
0 0.515364583333 0.32037037037 0.0442708333333 0.101851851852
0 0.663802083333 0.199537037037 0.0244791666667 0.0787037037037
0 0.603385416667 0.185648148148 0.0276041666667 0.0861111111111
0 0.5921875 0.130555555556 0.0229166666667 0.037037037037
0 0.753125 0.191203703704 0.025 0.0657407407407
0 0.8328125 0.181944444444 0.0197916666667 0.0564814814815
0 0.70625 0.371759259259 0.0208333333333 0.0490740740741
0 0.809895833333 0.585648148148 0.0239583333333 0.0601851851852
0 0.830989583333 0.58287037037 0.0203125 0.0638888888889
0 0.895572916667 0.581481481481 0.0171875 0.0444444444444
0 0.880729166667 0.268981481481 0.021875 0.0527777777778
