0 0.61343875615 0.753136011638 0.0275171982489 0.0460282108389
0 0.687860269596 0.7353186397 0.0175109443402 0.0282108389013
0 0.560593227695 0.683722500131 0.0206378986867 0.0348923533779
0 0.48492093251 0.510374318988 0.0206378986867 0.0371195248701
0 0.509311176413 0.523366152692 0.0293933708568 0.0363771343727
0 0.726634503492 0.666647518691 0.0175109443402 0.0334075723831
0 0.726634503492 0.641777437028 0.0137585991245 0.022271714922
0 0.667535066344 0.458778179418 0.0231394621639 0.0348923533779
0 0.690049137639 0.472883598869 0.0143839899937 0.0170749814402
0 0.601243634199 0.305474541705 0.031894934334 0.0564216778025
0 0.6887983559 0.38676630117 0.025641025641 0.0408314773571
0 0.766972214562 0.762044697607 0.0156347717323 0.0296956198961
0 0.791675153899 0.659966004214 0.0175109443402 0.0304380103935
