0 0.275157615639 0.863912976764 0.0537190082645 0.147727272727
0 0.236196576678 0.904718761888 0.0454545454545 0.123966942149
0 0.358097403124 0.762156778417 0.0554899645809 0.148760330579
0 0.458746753773 0.654202232962 0.0454545454545 0.114669421488
0 0.508333530633 0.674863389987 0.0289256198347 0.0919421487603
0 0.926279221306 0.816392315607 0.0383707201889 0.0919421487603
0 0.757448052474 0.758541075937 0.0312868949233 0.0857438016529
0 0.858687721896 0.693974960235 0.0354191263282 0.0888429752066
0 0.598357143384 0.262156778417 0.0448642266824 0.126033057851
0 0.308510626264 0.121660910648 0.0495867768595 0.144628099174
0 0.508923849405 0.0751733073423 0.0501770956316 0.144628099174
0 0.651780992262 0.245627852797 0.0360094451004 0.0867768595041
0 0.786668831695 0.237363389987 0.038961038961 0.0743801652893
0 0.784307556607 0.112363389987 0.038961038961 0.0743801652893
0 0.824449233112 0.0808551255242 0.038961038961 0.0940082644628
0 0.910635773844 0.416082398251 0.0342384887839 0.0681818181818
0 0.60691676558 0.642322067673 0.0383707201889 0.111570247934
0 0.727636954482 0.776103059408 0.0365997638725 0.0692148760331
0 0.974390201235 0.635090662714 0.0283353010626 0.0433884297521
