0 0.0604575163399 0.160066006601 0.0228758169935 0.049504950495
0 0.102396514161 0.180693069307 0.0305010893246 0.0808580858086
0 0.126361655773 0.439768976898 0.0239651416122 0.0511551155116
0 0.2674291939 0.514851485149 0.020697167756 0.046204620462
0 0.364379084967 0.57095709571 0.0185185185185 0.042904290429
0 0.419389978214 0.332508250825 0.0152505446623 0.0313531353135
0 0.523965141612 0.370462046205 0.0196078431373 0.0379537953795
0 0.464596949891 0.488448844884 0.016339869281 0.03300330033
0 0.494553376906 0.517326732673 0.0174291938998 0.0346534653465
0 0.472766884532 0.528052805281 0.0152505446623 0.03300330033
0 0.538671023965 0.340759075908 0.016339869281 0.0280528052805
0 0.598583877996 0.585808580858 0.0141612200436 0.029702970297
0 0.618736383442 0.57095709571 0.0130718954248 0.03300330033
0 0.665577342048 0.535478547855 0.0174291938998 0.0313531353135
0 0.630174291939 0.346534653465 0.0141612200436 0.029702970297
0 0.638888888889 0.376237623762 0.0141612200436 0.03300330033
0 0.722766884532 0.44801980198 0.0119825708061 0.0313531353135
0 0.795751633987 0.376237623762 0.0119825708061 0.029702970297
0 0.757080610022 0.429867986799 0.0130718954248 0.0280528052805
0 0.76688453159 0.554455445545 0.0108932461874 0.023102310231
0 0.770152505447 0.569306930693 0.0108932461874 0.019801980198
0 0.735838779956 0.57095709571 0.00980392156863 0.016501650165
0 0.717864923747 0.530528052805 0.0130718954248 0.0280528052805
