0 0.825849903784 0.908173076923 0.0660679923028 0.124038461538
0 0.474021808852 0.743269230769 0.0525978191148 0.130769230769
0 0.372995509942 0.646634615385 0.0327132777421 0.0778846153846
0 0.33194355356 0.605769230769 0.0301475304682 0.075
0 0.615137908916 0.35625 0.0551635663887 0.143269230769
0 0.177998717126 0.525 0.0314304041052 0.0673076923077
0 0.153303399615 0.5125 0.0269403463759 0.0692307692308
0 0.0737652341244 0.487019230769 0.023091725465 0.0490384615385
0 0.473701090443 0.179807692308 0.035279025016 0.111538461538
0 0.391276459269 0.190865384615 0.0320718409237 0.0817307692308
0 0.312059012187 0.352403846154 0.0224502886466 0.0567307692308
0 0.192431045542 0.270192307692 0.0205259781911 0.0596153846154
0 0.237010904426 0.0985576923077 0.0250160359205 0.0701923076923
0 0.186978832585 0.133173076923 0.0224502886466 0.0586538461538
0 0.123797305965 0.199519230769 0.023091725465 0.0548076923077
