0 0.547182246298 0.653541543958 0.0348958333333 0.0898148148148
0 0.504994746298 0.15400450692 0.0286458333333 0.0777777777778
0 0.476869746298 0.223448951365 0.0265625 0.0592592592593
0 0.424265579631 0.307708210624 0.0161458333333 0.0425925925926
0 0.409421829631 0.269282284698 0.0166666666667 0.0398148148148
0 0.362286412965 0.281782284698 0.0171875 0.0555555555556
0 0.315671829631 0.612337840254 0.015625 0.05
0 0.314109329631 0.455856358772 0.015625 0.0462962962963
0 0.296140579631 0.50863413655 0.0119791666667 0.0277777777778
0 0.272963496298 0.610948951365 0.00833333333333 0.0212962962963
0 0.261505162965 0.418819321735 0.009375 0.0185185185185
0 0.742234329631 0.595208210624 0.0291666666667 0.075
0 0.815150996298 0.777152655069 0.0510416666667 0.0981481481481
