0 0.753645833333 0.252314814815 0.0177083333333 0.0453703703704
0 0.716145833333 0.243981481481 0.025 0.0694444444444
0 0.653645833333 0.1625 0.0239583333333 0.0657407407407
0 0.6390625 0.131481481481 0.0208333333333 0.0518518518519
0 0.504427083333 0.180092592593 0.0317708333333 0.0898148148148
0 0.674739583333 0.511574074074 0.0255208333333 0.0694444444444
0 0.57265625 0.797685185185 0.0348958333333 0.0972222222222
0 0.347135416667 0.781018518519 0.0411458333333 0.115740740741
0 0.2828125 0.737037037037 0.0416666666667 0.0925925925926
0 0.290364583333 0.475 0.0578125 0.174074074074
0 0.2359375 0.386574074074 0.0510416666667 0.112037037037
0 0.0393229166667 0.924537037037 0.0755208333333 0.141666666667
