0 0.395150465837 0.296524438028 0.0166666666667 0.0462962962963
0 0.349317132503 0.383098512102 0.015625 0.0453703703704
0 0.330567132503 0.402079993584 0.0208333333333 0.0648148148148
0 0.263379632503 0.440042956547 0.0208333333333 0.0666666666667
0 0.151400465837 0.296987400991 0.0208333333333 0.0583333333333
0 0.36285879917 0.638191104695 0.0177083333333 0.0407407407407
0 0.372494215837 0.663654067658 0.0161458333333 0.0342592592593
0 0.314160882503 0.676154067658 0.0151041666667 0.0333333333333
0 0.274056715837 0.606709623213 0.0192708333333 0.0574074074074
0 0.165723382503 0.634950363954 0.0244791666667 0.0583333333333
0 0.199056715837 0.685413326917 0.0234375 0.0388888888889
0 0.0542650491701 0.270598512102 0.0265625 0.0814814814815
0 0.0792650491701 0.253931845436 0.0223958333333 0.0425925925926
