0 0.885491987933 0.907113046688 0.0692182410423 0.110301768991
0 0.698602737119 0.786405450434 0.0504885993485 0.0998959417274
0 0.850475701288 0.405031881235 0.0627035830619 0.103017689906
0 0.645263974904 0.189631256886 0.0447882736156 0.100936524454
0 0.602104365783 0.149568821922 0.0399022801303 0.0665972944849
0 0.5133421508 0.223970486854 0.0366449511401 0.0697190426639
0 0.730768860897 0.056956959279 0.0545602605863 0.0957336108221
0 0.326860066109 0.390463723067 0.0366449511401 0.0759625390219
0 0.219775375555 0.336873712661 0.0342019543974 0.0728407908429
0 0.122462671972 0.19691533597 0.0317589576547 0.0634755463059
0 0.325231401614 0.609506386959 0.035016286645 0.0686784599376
0 0.48646918663 0.648007947833 0.0382736156352 0.0832466181061
0 0.416843779464 0.716166116407 0.0390879478827 0.0468262226847
0 0.175801434187 0.651649987375 0.0293159609121 0.0530697190427
0 0.16643661334 0.68702980007 0.0268729641694 0.0385015608741
0 0.264563649171 0.698476210059 0.0293159609121 0.0343392299688
