0 0.637521862151 0.740558543215 0.0332203389831 0.0720250521921
0 0.707352370625 0.67479653904 0.0210169491525 0.044885177453
0 0.562606607913 0.68001574572 0.024406779661 0.0553235908142
0 0.432776099439 0.496299670564 0.0250847457627 0.0574112734864
0 0.460911692659 0.498909273904 0.0352542372881 0.0563674321503
0 0.724979489269 0.562583595407 0.0210169491525 0.0521920668058
0 0.7171828791 0.52970259332 0.0162711864407 0.0344467640919
0 0.600911692659 0.324065850104 0.0277966101695 0.0553235908142
0 0.627691353676 0.329806977453 0.0176271186441 0.0250521920668
0 0.485996438422 0.161748522338 0.0379661016949 0.0876826722338
0 0.599216777405 0.218115954489 0.031186440678 0.062630480167
0 0.795826946896 0.664358125679 0.0189830508475 0.044885177453
0 0.788708302828 0.516654576618 0.0210169491525 0.0480167014614
