0 0.413189638403 0.306644217792 0.0166666666667 0.0462962962963
0 0.367356305069 0.393218291866 0.015625 0.0453703703704
0 0.348606305069 0.412199773348 0.0208333333333 0.0648148148148
0 0.281418805069 0.450162736311 0.0208333333333 0.0666666666667
0 0.169439638403 0.307107180755 0.0208333333333 0.0583333333333
0 0.380897971736 0.648310884459 0.0177083333333 0.0407407407407
0 0.390533388403 0.673773847422 0.0161458333333 0.0342592592593
0 0.332200055069 0.686273847422 0.0151041666667 0.0333333333333
0 0.292095888403 0.616829402978 0.0192708333333 0.0574074074074
0 0.183762555069 0.645070143718 0.0244791666667 0.0583333333333
0 0.217095888403 0.695533106681 0.0234375 0.0388888888889
0 0.0723042217361 0.280718291866 0.0265625 0.0814814814815
0 0.0973042217361 0.2640516252 0.0223958333333 0.0425925925926
