0 0.914583333333 0.659722222222 0.021875 0.0657407407407
0 0.894791666667 0.6625 0.01875 0.0453703703704
0 0.671875 0.603703703704 0.0197916666667 0.05
0 0.608854166667 0.598148148148 0.0125 0.0277777777778
0 0.666666666667 0.42037037037 0.0177083333333 0.0574074074074
0 0.729947916667 0.211574074074 0.0234375 0.0694444444444
0 0.92109375 0.0962962962963 0.0411458333333 0.0944444444444
0 0.801822916667 0.173611111111 0.0213541666667 0.0546296296296
0 0.820572916667 0.210648148148 0.0255208333333 0.0731481481481
0 0.699479166667 0.231018518519 0.01875 0.037962962963
0 0.591145833333 0.388888888889 0.0125 0.0240740740741
0 0.637760416667 0.477314814815 0.0140625 0.0212962962963
