0 0.774294670846 0.519480519481 0.0501567398119 0.0916730328495
0 0.640438871473 0.564935064935 0.0683385579937 0.0863254392666
0 0.47210031348 0.606187929717 0.0376175548589 0.048128342246
0 0.278996865204 0.597020626432 0.0363636363636 0.0603514132926
0 0.276489028213 0.480519480519 0.0213166144201 0.0397249809015
0 0.297805642633 0.379297173415 0.0275862068966 0.0572956455309
0 0.523824451411 0.265087853323 0.0332288401254 0.0687547746371
0 0.34263322884 0.228036669213 0.0181818181818 0.0343773873186
0 0.36144200627 0.215431627196 0.0181818181818 0.035141329259
0 0.273040752351 0.303666921314 0.0206896551724 0.0374331550802
0 0.212225705329 0.411764705882 0.0181818181818 0.0305576776165
