0 0.516420361248 0.245173745174 0.0213464696223 0.0501930501931
0 0.448275862069 0.317889317889 0.0197044334975 0.048906048906
0 0.423234811166 0.330759330759 0.0254515599343 0.0694980694981
0 0.337027914614 0.342985842986 0.0254515599343 0.0707850707851
0 0.223727422003 0.146074646075 0.0254515599343 0.0630630630631
0 0.427339901478 0.593307593308 0.0221674876847 0.043758043758
0 0.435139573071 0.624839124839 0.0197044334975 0.037323037323
0 0.363300492611 0.6138996139 0.0188834154351 0.036036036036
0 0.325533661741 0.52380952381 0.0238095238095 0.0617760617761
0 0.191297208539 0.509009009009 0.0295566502463 0.0630630630631
0 0.223727422003 0.575933075933 0.0287356321839 0.042471042471
0 0.111247947455 0.0785070785071 0.0320197044335 0.0875160875161
0 0.14367816092 0.0707850707851 0.0279146141215 0.046332046332
