0 0.806613391649 0.58426297481 0.0551924473493 0.0741394527802
0 0.635952534713 0.800061739152 0.0464778503994 0.0785525154457
0 0.560062919608 0.730776655304 0.0268700072622 0.0494263018535
0 0.531014263108 0.689735172515 0.0254175744372 0.0432480141218
0 0.423897342266 0.601473919205 0.0188816267248 0.0291262135922
0 0.407920581191 0.591323875075 0.0188816267248 0.0353045013239
0 0.356722324111 0.563080274016 0.0137981118373 0.0194174757282
0 0.539728860058 0.512771359629 0.0181554103123 0.0353045013239
0 0.455850864416 0.447016725913 0.0159767610748 0.0344218887908
0 0.701312011838 0.441721050715 0.0290486564996 0.053839364519
0 0.62760104597 0.424068800053 0.0268700072622 0.0503089143866
0 0.721282963181 0.402003486725 0.0268700072622 0.036187113857
0 0.464928569572 0.367581597934 0.0123456790123 0.027360988526
0 0.416635178141 0.403768711791 0.0145243282498 0.027360988526
0 0.509953987146 0.352135878605 0.0196078431373 0.0370697263901
0 0.539365751852 0.393177361394 0.0203340595497 0.0379523389232
0 0.546627915977 0.415683980988 0.0130718954248 0.0247131509267
