0 0.954166666667 0.627777777778 0.0197916666667 0.0537037037037
0 0.840104166667 0.514351851852 0.015625 0.0416666666667
0 0.808072916667 0.540277777778 0.0151041666667 0.0398148148148
0 0.824739583333 0.559259259259 0.0161458333333 0.0425925925926
0 0.913802083333 0.578703703704 0.0161458333333 0.0259259259259
0 0.812760416667 0.586574074074 0.0130208333333 0.0361111111111
0 0.78828125 0.365740740741 0.0151041666667 0.037037037037
0 0.8625 0.411574074074 0.01875 0.0416666666667
0 0.890885416667 0.333333333333 0.0151041666667 0.0388888888889
0 0.755989583333 0.340740740741 0.0130208333333 0.037037037037
0 0.66640625 0.332407407407 0.0119791666667 0.037037037037
0 0.653645833333 0.365740740741 0.0114583333333 0.037037037037
0 0.686458333333 0.597685185185 0.0125 0.0324074074074
0 0.6640625 0.575462962963 0.0114583333333 0.0361111111111
0 0.7421875 0.544444444444 0.0166666666667 0.0388888888889
0 0.619010416667 0.533796296296 0.0119791666667 0.037962962963
0 0.571614583333 0.517592592593 0.00989583333333 0.0277777777778
0 0.554166666667 0.556018518519 0.00833333333333 0.0212962962963
0 0.594791666667 0.552314814815 0.009375 0.0194444444444
0 0.52734375 0.534259259259 0.00885416666667 0.0222222222222
0 0.523958333333 0.549074074074 0.009375 0.0203703703704
0 0.572395833333 0.432407407407 0.0104166666667 0.0296296296296
0 0.540625 0.401851851852 0.0125 0.0444444444444
0 0.5109375 0.348611111111 0.009375 0.0305555555556
