0 0.0395333765392 0.672480620155 0.0531432274789 0.108527131783
0 0.234607906675 0.636143410853 0.0298120544394 0.0668604651163
0 0.280298120544 0.608527131783 0.0265716137395 0.0600775193798
0 0.123136746598 0.444282945736 0.0375891121192 0.0591085271318
0 0.118600129618 0.59980620155 0.0311082307194 0.0600775193798
0 0.0285158781594 0.0644379844961 0.049254698639 0.0978682170543
0 0.164614387557 0.202034883721 0.0349967595593 0.0726744186047
0 0.180168502916 0.152131782946 0.0298120544394 0.0600775193798
0 0.270576798445 0.216085271318 0.0317563188594 0.0717054263566
0 0.51425793908 0.223352713178 0.0162022034997 0.0416666666667
0 0.555735580039 0.300872093023 0.0162022034997 0.0436046511628
0 0.49254698639 0.338178294574 0.0181464679196 0.0523255813953
0 0.454633830201 0.184108527132 0.0187945560596 0.0406976744186
0 0.382696046662 0.227228682171 0.0226830848995 0.062984496124
0 0.439727802981 0.558139534884 0.0226830848995 0.0348837209302
0 0.50356448477 0.589631782946 0.0155541153597 0.0397286821705
0 0.559948152949 0.553294573643 0.0168502916397 0.0251937984496
