0 0.153814656133 0.337077778455 0.0286458333333 0.075
0 0.0673563227999 0.507911111789 0.0276041666667 0.062962962963
0 0.0579813227999 0.453744445122 0.0255208333333 0.0490740740741
0 0.2861063228 0.225040741418 0.0234375 0.0472222222222
0 0.337408406133 0.280596296974 0.0239583333333 0.0638888888889
0 0.3298563228 0.154670371048 0.0223958333333 0.0527777777778
0 0.1368875728 0.212540741418 0.01875 0.0277777777778
0 0.313189656133 0.543559259937 0.0276041666667 0.0805555555556
0 0.268397989467 0.726429630307 0.0234375 0.0648148148148
0 0.311627156133 0.678281482159 0.0182291666667 0.0518518518519
0 0.112408406133 0.760225926603 0.028125 0.0601851851852
0 0.406939656133 0.719485185863 0.0265625 0.062037037037
0 0.429335489467 0.467170371048 0.0192708333333 0.0388888888889
0 0.511627156133 0.447262963641 0.0265625 0.0824074074074
0 0.564752156133 0.700966667344 0.0244791666667 0.087962962963
0 0.6197000728 0.7190222229 0.01875 0.0537037037037
0 0.635845906133 0.651429630307 0.0197916666667 0.0611111111111
0 0.6290750728 0.525966667344 0.0239583333333 0.0638888888889
0 0.5704813228 0.232911111789 0.0244791666667 0.0759259259259
0 0.489491739467 0.218096296974 0.0208333333333 0.0592592592593
0 0.660064656133 0.301429630307 0.0203125 0.0722222222222
0 0.681679239467 0.256059259937 0.0229166666667 0.062962962963
0 0.745741739467 0.282911111789 0.025 0.0759259259259
0 0.7165750728 0.702818519196 0.0229166666667 0.0694444444444
0 0.696002156133 0.559762963641 0.0192708333333 0.0388888888889
0 0.8579813228 0.25189259327 0.0244791666667 0.0842592592593
0 0.948345906133 0.13939259327 0.0229166666667 0.0462962962963
0 0.961627156133 0.160225926603 0.0213541666667 0.062037037037
0 0.9267313228 0.663003704381 0.0276041666667 0.0694444444444
0 0.974908406133 0.65189259327 0.0302083333333 0.0712962962963
0 0.0191792394666 0.2065222229 0.025 0.0694444444444
