0 0.0205180447973 0.137606215701 0.0318746623447 0.0541436464088
0 0.261198757925 0.171860359348 0.0378173960022 0.124861878453
0 0.195018314922 0.37904267979 0.0340356564019 0.0839779005525
0 0.175299244149 0.221031630066 0.0259319286872 0.0817679558011
0 0.326028579643 0.167992956033 0.0270124257158 0.0640883977901
0 0.163683901091 0.0403686466405 0.0275526742301 0.0541436464088
0 0.237697947553 0.721584116254 0.0351161534306 0.0972375690608
0 0.0923710972014 0.804457044431 0.0318746623447 0.0795580110497
0 0.449205240908 0.744788536143 0.0259319286872 0.075138121547
0 0.422733063706 0.709981906309 0.0259319286872 0.0475138121547
0 0.44893511665 0.20721947537 0.0264721772015 0.0961325966851
0 0.643154457547 0.100037154928 0.032414910859 0.113812154696
0 0.681512102064 0.218821685315 0.0291734197731 0.103867403315
0 0.568870286829 0.24313107758 0.0253916801729 0.0773480662983
0 0.58966985463 0.449208425646 0.0313344138304 0.0740331491713
0 0.574813020486 0.914954282 0.0318746623447 0.0994475138122
0 0.652338682291 0.824346547193 0.0270124257158 0.0994475138122
0 0.778756834641 0.698379696364 0.032414910859 0.103867403315
0 0.854121502388 0.788434944983 0.030794165316 0.0519337016575
0 0.715007509951 0.16357306653 0.0270124257158 0.0685082872928
0 0.927055051821 0.379595165978 0.0361966504592 0.107182320442
0 0.915979957277 0.664678038906 0.0313344138304 0.0872928176796
0 0.975677418109 0.784567541668 0.030794165316 0.0596685082873
0 0.885185791961 0.103352072055 0.0280929227445 0.0762430939227
