0 0.833048754316 0.888105192937 0.05625 0.134259259259
0 0.863257087649 0.265882970715 0.0458333333333 0.123148148148
0 0.616382087649 0.489494081826 0.0302083333333 0.0944444444444
0 0.597892504316 0.669586674419 0.0255208333333 0.0694444444444
0 0.730184170983 0.0556977855301 0.0296875 0.0712962962963
0 0.660132087649 0.166808896641 0.0291666666667 0.0731481481481
0 0.934350837649 0.0723644521967 0.0380208333333 0.126851851852
0 0.555184170983 0.190420007752 0.0213541666667 0.05
0 0.505184170983 0.406160748493 0.0213541666667 0.0574074074074
0 0.481746670983 0.611253341086 0.0234375 0.0657407407407
0 0.415600837649 0.36819778553 0.0109375 0.0296296296296
