0 0.0675567189479 0.583481491546 0.0424628450106 0.0716360116167
0 0.319149075636 0.614943253404 0.0304317055909 0.0687318489835
0 0.411859620576 0.631400174992 0.0205237084218 0.053242981607
0 0.447245324751 0.616879361826 0.0205237084218 0.0454985479187
0 0.299686938339 0.371961646434 0.0353857041755 0.0706679574056
0 0.371166060774 0.200616051081 0.0141542816702 0.0416263310745
0 0.289071227087 0.136240446047 0.0297239915074 0.0600193610842
0 0.430260186747 0.32162282746 0.0219391365888 0.0513068731849
0 0.440168183916 0.285804821652 0.0205237084218 0.0338818973863
0 0.375058488233 0.231593785834 0.0162774239207 0.0416263310745
0 0.490062026804 0.348244318264 0.0212314225053 0.0522749273959
0 0.56189500628 0.626559903937 0.0176928520878 0.0377541142304
0 0.507754878891 0.600906467344 0.0155697098372 0.0329138431752
0 0.590911283704 0.665282072378 0.0148619957537 0.0300096805421
0 0.643635982925 0.655117503162 0.0141542816702 0.0232333010649
0 0.526863159146 0.474575392804 0.0155697098372 0.0300096805421
0 0.619927561128 0.477479555437 0.0148619957537 0.0396902226525
0 0.651774694886 0.401003272765 0.0148619957537 0.0319457889642
0 0.617096704794 0.356472779058 0.0205237084218 0.0435624394966
0 0.673713831474 0.46634693201 0.0134465675867 0.0329138431752
0 0.581003286535 0.637208500258 0.0162774239207 0.026137463698
0 0.566849004864 0.380674134334 0.0261854210899 0.0474346563408
0 0.393812911446 0.126075876831 0.0254777070064 0.0454985479187
