0 0.31302185551 0.802239586669 0.0170212765957 0.0324324324324
0 0.310539586006 0.830888235318 0.0177304964539 0.027027027027
0 0.369404834233 0.810347694777 0.0163120567376 0.0313513513514
0 0.392454479623 0.734672019102 0.0184397163121 0.0443243243243
0 0.478979302318 0.717374721804 0.0184397163121 0.0508108108108
0 0.455575046999 0.768726073156 0.0170212765957 0.0259459459459
0 0.367986394517 0.598455802885 0.0191489361702 0.0464864864865
0 0.299901288134 0.585482829912 0.0191489361702 0.0486486486486
0 0.217986394517 0.515753100183 0.0198581560284 0.0410810810811
0 0.43997221012 0.46332066775 0.0156028368794 0.04
0 0.476497032815 0.419536883966 0.0163120567376 0.0302702702703
0 0.498128238488 0.43305039748 0.0198581560284 0.052972972973
0 0.583943841325 0.739536883966 0.0198581560284 0.0518918918919
0 0.655575046999 0.750888235318 0.022695035461 0.0508108108108
0 0.731106961893 0.629266613696 0.0219858156028 0.0518918918919
0 0.747064408701 0.596293640723 0.0212765957447 0.0313513513514
0 0.596000578914 0.520077424507 0.0212765957447 0.0410810810811
0 0.517277174659 0.357374721804 0.0212765957447 0.0572972972973
0 0.665149515084 0.322239586669 0.0219858156028 0.0562162162162
0 0.902738167566 0.547644992075 0.031914893617 0.0875675675676
0 0.764085685297 0.259536883966 0.022695035461 0.0302702702703
0 0.816922564729 0.247104451534 0.031914893617 0.0659459459459
0 0.899546678205 0.309266613696 0.0184397163121 0.0410810810811
0 0.895645968985 0.0725098569394 0.0276595744681 0.0454054054054
