0 0.737632508834 0.486027944112 0.0347467608952 0.0818363273453
0 0.571554770318 0.684630738523 0.0288574793875 0.0658682634731
0 0.854534746761 0.693113772455 0.0270906949352 0.062874251497
0 0.764428739694 0.0783433133733 0.0306242638398 0.0748502994012
0 0.806242638398 0.125249500998 0.0400471142521 0.112774451098
0 0.65371024735 0.132235528942 0.0318021201413 0.0888223552894
0 0.599234393404 0.170658682635 0.027679623086 0.0499001996008
0 0.560070671378 0.428143712575 0.0282685512367 0.0858283433134
0 0.742932862191 0.631736526946 0.0288574793875 0.0558882235529
0 0.690223792697 0.595808383234 0.0223792697291 0.0439121756487
0 0.881625441696 0.796407185629 0.0318021201413 0.0818363273453
0 0.968786808009 0.768962075848 0.057714958775 0.112774451098
0 0.455241460542 0.662674650699 0.0153121319199 0.0419161676647
0 0.503533568905 0.525449101796 0.0188457008245 0.060878243513
0 0.504122497055 0.63872255489 0.0153121319199 0.0379241516966
0 0.419316843345 0.403193612774 0.00706713780919 0.0239520958084
0 0.427856301531 0.404690618762 0.010011778563 0.0209580838323
