0 0.491128775246 0.152318154681 0.0213541666667 0.062037037037
0 0.52211835858 0.328244080607 0.01875 0.0712962962963
0 0.624982941913 0.325003339867 0.0203125 0.0648148148148
0 0.65102460858 0.396299636163 0.0213541666667 0.0555555555556
0 0.56899335858 0.61296630283 0.0208333333333 0.0611111111111
0 0.53539960858 0.656484821348 0.0223958333333 0.0666666666667
0 0.502326691913 0.680095932459 0.0197916666667 0.0694444444444
0 0.639566275246 0.576855191718 0.0171875 0.0425925925926
0 0.709357941913 0.632410747274 0.0203125 0.0388888888889
0 0.74555585858 0.281484821348 0.0177083333333 0.0407407407407
0 0.728107941913 0.307410747274 0.0171875 0.037037037037
0 0.54946210858 0.155558895422 0.0161458333333 0.0407407407407
0 0.564045441913 0.138892228755 0.0223958333333 0.0703703703704
0 0.56821210858 0.199540376904 0.0140625 0.0324074074074
0 0.79555585858 0.660651488015 0.01875 0.0416666666667
0 0.76118085858 0.601855191718 0.0197916666667 0.0462962962963
0 0.787222525246 0.457873710237 0.0177083333333 0.0342592592593
0 0.81977460858 0.569447784311 0.0130208333333 0.0222222222222
0 0.841128775246 0.614355191718 0.0140625 0.0305555555556
0 0.859357941913 0.365744080607 0.0151041666667 0.0222222222222
0 0.90180585858 0.386114450978 0.0197916666667 0.0351851851852
0 0.726545441913 0.355558895422 0.0151041666667 0.0407407407407
