0 0.791277258567 0.244039270687 0.0342679127726 0.0532959326788
0 0.781931464174 0.31206171108 0.0311526479751 0.0490883590463
0 0.943146417445 0.25175315568 0.0295950155763 0.0490883590463
0 0.398753894081 0.435483870968 0.0218068535826 0.0266479663394
0 0.567757009346 0.481767180926 0.0264797507788 0.0378681626928
0 0.544392523364 0.472650771388 0.0264797507788 0.039270687237
0 0.34968847352 0.434782608696 0.0140186915888 0.0168302945302
0 0.514018691589 0.258765778401 0.0218068535826 0.0294530154278
0 0.724299065421 0.192847124825 0.0249221183801 0.0350631136045
0 0.846573208723 0.180224403927 0.0327102803738 0.0406732117812
0 0.570093457944 0.293828892006 0.018691588785 0.0238429172511
0 0.568535825545 0.266479663394 0.0218068535826 0.0252454417952
0 0.634735202492 0.25175315568 0.0233644859813 0.0294530154278
0 0.428348909657 0.34572230014 0.018691588785 0.0266479663394
0 0.3753894081 0.291023842917 0.01246105919 0.0182328190743
