0 0.0937669376694 0.139899623588 0.0238482384824 0.0589711417817
0 0.193766937669 0.314930991217 0.0308943089431 0.10539523212
0 0.242818428184 0.303011292346 0.0205962059621 0.0489335006274
0 0.125203252033 0.47365119197 0.030352303523 0.0790464240903
0 0.342818428184 0.319949811794 0.0211382113821 0.0828105395232
0 0.340379403794 0.795483061481 0.0216802168022 0.0727728983689
0 0.172628726287 0.799247176913 0.0308943089431 0.138017565872
0 0.0314363143631 0.864491844417 0.0281842818428 0.0677540777917
0 0.434959349593 0.925972396487 0.0211382113821 0.0752823086575
0 0.319783197832 0.765370138018 0.0205962059621 0.0401505646173
0 0.486449864499 0.259096612296 0.0222222222222 0.0966122961104
0 0.520054200542 0.356336260979 0.020054200542 0.0928481806775
0 0.580758807588 0.357590966123 0.0189701897019 0.0627352572146
0 0.678861788618 0.502509410289 0.020054200542 0.0740276035132
0 0.444444444444 0.555834378921 0.0227642276423 0.077791718946
0 0.683468834688 0.72208281054 0.019512195122 0.0740276035132
0 0.594850948509 0.750941028858 0.0222222222222 0.0840652446675
0 0.49756097561 0.861982434128 0.0216802168022 0.0752823086575
0 0.628455284553 0.815558343789 0.020054200542 0.0426599749059
0 0.721138211382 0.814303638645 0.0178861788618 0.0451693851945
0 0.776693766938 0.768506900878 0.0184281842818 0.0614805520703
0 0.785094850949 0.80991217064 0.0189701897019 0.0439146800502
0 0.747425474255 0.427854454203 0.0271002710027 0.090338770389
0 0.813550135501 0.268506900878 0.0227642276423 0.0727728983689
