0 0.267357289707 0.673331314618 0.0270833333333 0.0657407407407
0 0.14287812304 0.571479462766 0.0322916666667 0.0731481481481
0 0.350169789707 0.610831314618 0.0239583333333 0.0666666666667
0 0.456680206373 0.523794277581 0.0192708333333 0.0592592592593
0 0.485586456373 0.56592390721 0.0208333333333 0.0324074074074
0 0.543138539707 0.496479462766 0.0182291666667 0.0527777777778
0 0.620742706373 0.526109092395 0.0161458333333 0.0361111111111
0 0.629336456373 0.551109092395 0.0166666666667 0.037962962963
0 0.153555206373 0.144164647951 0.0307291666667 0.0759259259259
0 0.537148956373 0.342312796099 0.01875 0.0555555555556
0 0.59287812304 0.299720203506 0.021875 0.0574074074074
0 0.65225312304 0.192775759062 0.0177083333333 0.0435185185185
0 0.578294789707 0.562220203506 0.0166666666667 0.0453703703704
0 0.281680206373 0.364535018321 0.0265625 0.0666666666667
0 0.334805206373 0.125183166469 0.0234375 0.075
0 0.376211456373 0.208979462766 0.0208333333333 0.0648148148148
0 0.444701039707 0.221479462766 0.0171875 0.0472222222222
0 0.606680206373 0.282590573877 0.0140625 0.037962962963
