0 0.675621625463 0.632071525714 0.0181323662738 0.0474137931034
0 0.687407663541 0.660807157898 0.0199456029012 0.0445402298851
0 0.618957980857 0.680922100427 0.0208522212149 0.0387931034483
0 0.569547282761 0.607646238358 0.0235720761559 0.058908045977
0 0.492484726097 0.695289916519 0.0271985494107 0.0387931034483
0 0.448060428727 0.650031295829 0.0271985494107 0.0689655172414
0 0.295748552027 0.771439341806 0.0326382592928 0.0818965517241
0 0.554588080585 0.428766928013 0.0244786944696 0.0632183908046
0 0.629837400621 0.378479571691 0.0244786944696 0.066091954023
0 0.647969766895 0.357646238358 0.0208522212149 0.0416666666667
0 0.701460247403 0.256353134909 0.0226654578422 0.0488505747126
0 0.420408570159 0.292272675139 0.026291931097 0.0545977011494
0 0.317507391555 0.277904859047 0.0290117860381 0.0833333333333
0 0.34561255928 0.257071525714 0.0290117860381 0.0502873563218
0 0.251777563813 0.183795663645 0.0353581142339 0.0876436781609
0 0.181061335345 0.861238192381 0.0281051677244 0.0890804597701
0 0.181061335345 0.477617502725 0.0389845874887 0.0747126436782
