0 0.394769613948 0.243050039714 0.0161892901619 0.0317712470214
0 0.412204234122 0.228355837967 0.0174346201743 0.0373312152502
0 0.436799501868 0.227164416203 0.0180572851806 0.0381254964257
0 0.428393524284 0.257744241461 0.00996264009963 0.0246227164416
0 0.541407222914 0.364972200159 0.0217932752179 0.0405083399523
0 0.557285180573 0.421366163622 0.0224159402242 0.0468625893566
0 0.423100871731 0.525416997617 0.0217932752179 0.0500397140588
0 0.465753424658 0.589356632248 0.0199252801993 0.0381254964257
0 0.492839352428 0.584590945195 0.019302615193 0.0301826846704
0 0.390722291407 0.437251787133 0.0143212951432 0.032565528197
0 0.4100249066 0.45909451946 0.0155666251557 0.0333598093725
0 0.577521793275 0.65488482923 0.0242839352428 0.032565528197
0 0.630759651308 0.319301032566 0.0199252801993 0.0238284352661
0 0.727584059776 0.465051628276 0.0305105853051 0.0484511517077
0 0.840286425903 0.359015091342 0.0429638854296 0.042891183479
0 0.708904109589 0.685464654488 0.0404732254047 0.0603653693407
