0 0.460416666667 0.161574074074 0.0166666666667 0.0527777777778
0 0.47421875 0.24212962963 0.0213541666667 0.0583333333333
0 0.43046875 0.308333333333 0.0182291666667 0.0462962962963
0 0.353385416667 0.168055555556 0.0161458333333 0.0435185185185
0 0.341145833333 0.156018518519 0.0145833333333 0.0342592592593
0 0.446614583333 0.589814814815 0.0161458333333 0.0407407407407
0 0.462239583333 0.626851851852 0.0151041666667 0.0444444444444
0 0.311979166667 0.575462962963 0.0197916666667 0.0583333333333
0 0.259375 0.250925925926 0.0197916666667 0.05
0 0.198177083333 0.267592592593 0.0151041666667 0.0444444444444
0 0.2125 0.277314814815 0.0166666666667 0.0416666666667
0 0.20390625 0.582407407407 0.0234375 0.0333333333333
0 0.108854166667 0.473148148148 0.01875 0.0481481481481
0 0.0895833333333 0.345833333333 0.0135416666667 0.0212962962963
0 0.122916666667 0.272222222222 0.015625 0.0351851851852
0 0.143229166667 0.307407407407 0.0177083333333 0.0462962962963
0 0.0578125 0.268518518519 0.0208333333333 0.05
0 0.00729166666667 0.591666666667 0.0125 0.05
