0 0.932324176252 0.648198175327 0.0484375 0.118518518519
0 0.906022092919 0.132920397549 0.0510416666667 0.128703703704
0 0.821647092919 0.132457434586 0.0322916666667 0.0648148148148
0 0.671126259586 0.191253730883 0.028125 0.0842592592593
0 0.487792926252 0.130605582734 0.03125 0.087037037037
0 0.448470009586 0.233383360512 0.0234375 0.0833333333333
0 0.539876259586 0.416716693846 0.0302083333333 0.0537037037037
0 0.678417926252 0.666716693846 0.0270833333333 0.0759259259259
0 0.706803342919 0.636624101253 0.0276041666667 0.0435185185185
0 0.551855426252 0.800512990142 0.0302083333333 0.0842592592593
0 0.474251259586 0.719957434586 0.0260416666667 0.0824074074074
0 0.362011676252 0.611624101253 0.0223958333333 0.0768518518519
0 0.306803342919 0.677364841994 0.0255208333333 0.0472222222222
0 0.378157509586 0.242642619771 0.0203125 0.0592592592593
0 0.421386676252 0.194494471623 0.0223958333333 0.0518518518519
0 0.250813759586 0.37366113829 0.0270833333333 0.0768518518519
0 0.171126259586 0.309309286438 0.03125 0.0740740740741
0 0.255761676252 0.581994471623 0.0234375 0.0657407407407
0 0.211490842919 0.668105582734 0.0234375 0.0416666666667
0 0.138313759586 0.626901879031 0.0229166666667 0.0555555555556
0 0.131542926252 0.662550027179 0.021875 0.0416666666667
0 0.090397092919 0.154216693846 0.0291666666667 0.0638888888889
