0 0.983978234583 0.384444444444 0.0151148730351 0.04
0 0.962212817412 0.386666666667 0.0223700120919 0.0577777777778
0 0.946191051995 0.277222222222 0.0181378476421 0.0544444444444
0 0.926239419589 0.342222222222 0.0193470374849 0.0422222222222
0 0.822249093108 0.376666666667 0.0241837968561 0.0666666666667
0 0.789903264813 0.562777777778 0.0296251511487 0.0633333333333
0 0.886940749698 0.786666666667 0.0266021765417 0.06
0 0.694377267231 0.791666666667 0.0296251511487 0.0788888888889
0 0.631197097944 0.788888888889 0.0362756952842 0.0977777777778
0 0.664449818622 0.449444444444 0.0399032648126 0.118888888889
0 0.635731559855 0.482222222222 0.0223700120919 0.0511111111111
0 0.733071342201 0.132222222222 0.0223700120919 0.0444444444444
0 0.627267230955 0.125555555556 0.0259975816203 0.0466666666667
0 0.548065296252 0.116666666667 0.0368802902056 0.115555555556
0 0.454353083434 0.541666666667 0.0368802902056 0.0966666666667
0 0.487605804111 0.705555555556 0.0235792019347 0.1
0 0.274183796856 0.866666666667 0.0320435308343 0.113333333333
0 0.437726723096 0.101666666667 0.0302297460701 0.0788888888889
0 0.389963724305 0.169444444444 0.0362756952842 0.121111111111
0 0.296856106409 0.07 0.0338573155985 0.115555555556
0 0.22853688029 0.0733333333333 0.0423216444982 0.142222222222
0 0.0922007255139 0.173888888889 0.046553808948 0.127777777778
