0 0.167173949178 0.496271267262 0.0227848101266 0.0416666666667
0 0.267173949178 0.194187933929 0.0215189873418 0.0439814814815
0 0.289958759305 0.26941941541 0.020253164557 0.0416666666667
0 0.312110658039 0.270191020348 0.0177215189873 0.0246913580247
0 0.355148632723 0.322660156151 0.0164556962025 0.0293209876543
0 0.409579012469 0.44341632899 0.0164556962025 0.0331790123457
0 0.468123316267 0.452289785781 0.0158227848101 0.0324074074074
0 0.484579012469 0.450746575904 0.0132911392405 0.0231481481481
0 0.3820473669 0.534079909237 0.0158227848101 0.0293209876543
0 0.399135974495 0.588092254916 0.0132911392405 0.0185185185185
0 0.298503063102 0.50167250183 0.0196202531646 0.0308641975309
0 0.314009392216 0.542567563558 0.0177215189873 0.0216049382716
0 0.443756227659 0.589249662324 0.0139240506329 0.0223765432099
0 0.445654961836 0.607382378373 0.0113924050633 0.0200617283951
0 0.537743569431 0.42566941541 0.0132911392405 0.025462962963
