0 0.951114306254 0.461703958692 0.0345075485262 0.0714285714286
0 0.715312724659 0.541308089501 0.0402588066139 0.0757314974182
0 0.630122214234 0.5834767642 0.0381020848311 0.0602409638554
0 0.730409777139 0.118760757315 0.0402588066139 0.0774526678141
0 0.570812365205 0.351118760757 0.0345075485262 0.0464716006885
0 0.411933860532 0.376936316695 0.0258806613947 0.0550774526678
0 0.304097771387 0.370481927711 0.0301941049605 0.0645438898451
0 0.259884974838 0.385972461274 0.0251617541337 0.0542168674699
0 0.440690150971 0.754733218589 0.0301941049605 0.0567986230637
0 0.345794392523 0.749569707401 0.0230050323508 0.0430292598967
0 0.228612508986 0.694492254733 0.0301941049605 0.0567986230637
0 0.199496764917 0.471170395869 0.0294751976995 0.0593803786575
0 0.145578720345 0.455679862306 0.0237239396118 0.0370051635112
0 0.0345075485262 0.515920826162 0.0359453630482 0.0507745266781
