0 0.0927358877797 0.229104493843 0.0310249307479 0.0882028665932
0 0.0913508462285 0.797461715453 0.0393351800554 0.0981256890849
0 0.12653090163 0.737924780503 0.0343490304709 0.102535832415
0 0.268636164788 0.667362487228 0.0282548476454 0.0915104740904
0 0.317112619082 0.700438562201 0.0254847645429 0.0826901874311
0 0.202431178638 0.793051572123 0.0243767313019 0.0672546857773
0 0.157555832378 0.280372410051 0.0299168975069 0.0826901874311
0 0.214342535979 0.252257746324 0.0360110803324 0.114663726571
0 0.323483810217 0.372434152057 0.0304709141274 0.0970231532525
0 0.413234502738 0.231309565508 0.0216066481994 0.0749724366042
0 0.298830070605 0.0653779227298 0.019944598338 0.0540242557883
0 0.279162480578 0.0868773714619 0.0249307479224 0.0617420066152
0 0.364204031824 0.218079135519 0.0243767313019 0.0573318632856
0 0.42680790994 0.782026213799 0.0288088642659 0.0540242557883
0 0.553400707724 0.794154107956 0.0238227146814 0.0804851157663
0 0.535395167558 0.203746169698 0.019944598338 0.0595369349504
0 0.519882702184 0.248398870911 0.0232686980609 0.0915104740904
0 0.593843921021 0.154683325155 0.0282548476454 0.102535832415
0 0.688857771436 0.275962266721 0.0210526315789 0.0628445424476
0 0.665589073375 0.46945730531 0.0254847645429 0.06394707828
0 0.641212342073 0.554352564406 0.017728531856 0.0308710033076
0 0.647860541519 0.731860833424 0.0277008310249 0.0882028665932
0 0.74869156645 0.705399973446 0.0254847645429 0.06394707828
0 0.680824530439 0.850934703325 0.0304709141274 0.0815876515987
0 0.779162480578 0.67728530972 0.0221606648199 0.0341786108049
0 0.864481040134 0.279821142134 0.0232686980609 0.0441014332966
0 0.940381317143 0.301871858783 0.0332409972299 0.0815876515987
0 0.863927023514 0.769898319643 0.0265927977839 0.0650496141125
0 0.929300984733 0.678939113469 0.0310249307479 0.0661521499449
0 0.612403477807 0.302974394615 0.0232686980609 0.06394707828
