0 0.395884520885 0.504266211604 0.0116707616708 0.0273037542662
0 0.39957002457 0.523890784983 0.0128992628993 0.0255972696246
0 0.35257985258 0.515784982935 0.0135135135135 0.0213310580205
0 0.330466830467 0.459897610922 0.0159705159705 0.0341296928328
0 0.269348894349 0.487627986348 0.0178132678133 0.0213310580205
0 0.246621621622 0.449658703072 0.0178132678133 0.0392491467577
0 0.132063882064 0.474829351536 0.0208845208845 0.0469283276451
0 0.343366093366 0.35409556314 0.0159705159705 0.0358361774744
0 0.398648648649 0.347269624573 0.0159705159705 0.037542662116
0 0.413390663391 0.340870307167 0.0135135135135 0.0230375426621
0 0.460995085995 0.299061433447 0.0153562653563 0.028156996587
0 0.275184275184 0.23933447099 0.017199017199 0.0315699658703
0 0.210380835381 0.201791808874 0.0190417690418 0.0486348122867
0 0.231265356265 0.19795221843 0.0190417690418 0.0290102389078
0 0.179975429975 0.129266211604 0.0233415233415 0.0503412969283
0 0.0463759213759 0.493174061433 0.0190417690418 0.0511945392491
0 0.0964373464373 0.275170648464 0.0257985257985 0.0435153583618
