0 0.0701754385965 0.897243107769 0.0899122807018 0.140350877193
0 0.400219298246 0.850250626566 0.0504385964912 0.0864661654135
0 0.477521929825 0.814536340852 0.0449561403509 0.077694235589
0 0.211622807018 0.602130325815 0.0635964912281 0.0764411027569
0 0.203947368421 0.803258145363 0.0526315789474 0.077694235589
0 0.0515350877193 0.110902255639 0.0833333333333 0.12656641604
0 0.281798245614 0.288847117794 0.0592105263158 0.093984962406
0 0.308114035088 0.224310776942 0.0504385964912 0.077694235589
0 0.461074561404 0.30701754386 0.0537280701754 0.0927318295739
0 0.873355263158 0.3164160401 0.0274122807018 0.0538847117794
0 0.943530701754 0.416666666667 0.0274122807018 0.0563909774436
0 0.836622807018 0.464912280702 0.030701754386 0.0676691729323
0 0.772478070175 0.265664160401 0.031798245614 0.0526315789474
0 0.65076754386 0.321428571429 0.0383771929825 0.0814536340852
0 0.74725877193 0.749373433584 0.0383771929825 0.0451127819549
0 0.855263157895 0.790100250627 0.0263157894737 0.0513784461153
0 0.950657894737 0.743107769424 0.0285087719298 0.0325814536341
