0 0.960651289009 0.70303030303 0.055630936228 0.113131313131
0 0.75644504749 0.665151515152 0.0312075983718 0.069696969697
0 0.708616010855 0.636363636364 0.027815468114 0.0626262626263
0 0.873134328358 0.465151515152 0.0393487109905 0.0616161616162
0 0.877883310719 0.627272727273 0.0325644504749 0.0626262626263
0 0.972184531886 0.0691919191919 0.0515603799186 0.10202020202
0 0.829715061058 0.212626262626 0.0366350067843 0.0757575757576
0 0.813432835821 0.160606060606 0.0312075983718 0.0626262626263
0 0.718792401628 0.227272727273 0.0332428765265 0.0747474747475
0 0.463704206242 0.234848484848 0.016960651289 0.0434343434343
0 0.420284938942 0.315656565657 0.016960651289 0.0454545454545
0 0.486431478969 0.354545454545 0.0189959294437 0.0545454545455
0 0.526119402985 0.193939393939 0.0196743554953 0.0424242424242
0 0.601424694708 0.238888888889 0.0237449118046 0.0656565656566
0 0.541723202171 0.583838383838 0.0237449118046 0.0363636363636
0 0.474898236092 0.616666666667 0.0162822252374 0.0414141414141
0 0.415875169607 0.578787878788 0.0176390773406 0.0262626262626
