0 0.208030609633 0.857079789963 0.0479797979798 0.0840182648402
0 0.135745256098 0.476257872155 0.0536616161616 0.096803652968
0 0.2809472763 0.266212210054 0.0309343434343 0.0748858447489
0 0.539785660138 0.562102621013 0.0309343434343 0.0584474885845
0 0.339659397512 0.658906273981 0.0284090909091 0.0694063926941
0 0.364280609633 0.619636867589 0.0284090909091 0.0383561643836
0 0.409103841956 0.218267004575 0.0271464646465 0.048401826484
0 0.471603841956 0.211417689506 0.0359848484848 0.089497716895
0 0.534419498522 0.345664264849 0.0265151515152 0.0584474885845
0 0.770214953067 0.546120885853 0.0271464646465 0.048401826484
0 0.738333639936 0.528312666675 0.0227272727273 0.0420091324201
0 0.837765458118 0.483563808228 0.0296717171717 0.0584474885845
0 0.643321013673 0.578084356173 0.0233585858586 0.041095890411
0 0.718762932865 0.248403990876 0.0252525252525 0.0630136986301
0 0.531578589431 0.250687095899 0.0233585858586 0.0474885844749
0 0.52652808438 0.142011296812 0.022095959596 0.0420091324201
0 0.696035660138 0.317353762566 0.0239898989899 0.0584474885845
0 0.136060912663 0.300002164392 0.0353535353535 0.062100456621
0 0.634798286401 0.195435954347 0.0214646464646 0.0283105022831
0 0.880694751047 0.0639291050316 0.0271464646465 0.048401826484
0 0.884482629835 0.105481616447 0.0170454545455 0.0383561643836
0 0.899634144986 0.369865178091 0.022095959596 0.0520547945205
0 0.864596266199 0.39680581736 0.0239898989899 0.0474885844749
