0 0.943489583333 0.557407407407 0.0182291666667 0.0425925925926
0 0.849479166667 0.598148148148 0.0145833333333 0.0388888888889
0 0.920052083333 0.584722222222 0.0130208333333 0.0305555555556
0 0.908072916667 0.570833333333 0.0140625 0.0324074074074
0 0.820572916667 0.562962962963 0.00989583333333 0.0222222222222
0 0.766666666667 0.50787037037 0.0135416666667 0.0324074074074
0 0.740625 0.531018518519 0.0125 0.0324074074074
0 0.74765625 0.572222222222 0.00885416666667 0.0166666666667
0 0.75625 0.546759259259 0.0135416666667 0.0342592592593
0 0.725 0.391666666667 0.0125 0.0314814814815
0 0.785677083333 0.428703703704 0.0130208333333 0.037037037037
0 0.8078125 0.364351851852 0.0125 0.0287037037037
0 0.707291666667 0.363425925926 0.0104166666667 0.025
0 0.919791666667 0.374074074074 0.0166666666667 0.0407407407407
0 0.926302083333 0.304166666667 0.0140625 0.0305555555556
0 0.633333333333 0.358333333333 0.009375 0.0296296296296
0 0.624739583333 0.386111111111 0.00989583333333 0.0314814814815
0 0.69296875 0.536574074074 0.0119791666667 0.0342592592593
0 0.64921875 0.581018518519 0.0109375 0.0268518518519
0 0.632552083333 0.562037037037 0.00885416666667 0.0203703703704
0 0.595833333333 0.530092592593 0.0104166666667 0.0342592592593
0 0.556770833333 0.513888888889 0.00833333333333 0.0259259259259
0 0.540625 0.547222222222 0.00625 0.0148148148148
0 0.518229166667 0.530555555556 0.00833333333333 0.0185185185185
0 0.51484375 0.542592592593 0.00677083333333 0.0166666666667
0 0.556510416667 0.440740740741 0.0078125 0.0259259259259
0 0.531770833333 0.42037037037 0.0104166666667 0.0222222222222
0 0.504166666667 0.367592592593 0.00833333333333 0.0240740740741
