0 0.665022388305 0.540461144434 0.0305767894371 0.0700934579439
0 0.517350393864 0.698755536957 0.0257123002085 0.0572429906542
0 0.760574855296 0.725624695836 0.0243224461432 0.0549065420561
0 0.698031422356 0.194666751911 0.0271021542738 0.0654205607477
0 0.732777773989 0.237306938827 0.0354412786657 0.0969626168224
0 0.601436564816 0.23263404163 0.0284920083391 0.0759345794393
0 0.553486599562 0.261839649107 0.0243224461432 0.0432242990654
0 0.513528295184 0.478545256584 0.0250173731758 0.0747663551402
0 0.666064778854 0.665461144434 0.0257123002085 0.0490654205607
0 0.621589448763 0.630998527612 0.0201528839472 0.0385514018692
0 0.781075202759 0.815577966864 0.0277970813065 0.071261682243
0 0.856822249319 0.798054602378 0.0500347463516 0.0969626168224
0 0.417628364677 0.671302265929 0.0138985406532 0.0373831775701
0 0.4627986218 0.55740039677 0.0166782487839 0.0525700934579
0 0.460018913669 0.654363013593 0.0138985406532 0.0338785046729
0 0.393305918534 0.447587312658 0.00694927032662 0.0221962616822
0 0.400602652377 0.449339649107 0.0090340514246 0.018691588785
