0 0.519938510152 0.316647384557 0.0167224080268 0.0365612648221
0 0.506560583731 0.296884538707 0.0180602006689 0.046442687747
0 0.474453560319 0.287497186928 0.0167224080268 0.0494071146245
0 0.425958577042 0.485619716572 0.01872909699 0.0405138339921
0 0.473784663998 0.552813392462 0.0153846153846 0.046442687747
0 0.311242857978 0.317141455703 0.019397993311 0.0415019762846
0 0.422948543597 0.640758056493 0.0220735785953 0.054347826087
0 0.367095700788 0.702022878628 0.0227424749164 0.052371541502
0 0.338667607142 0.690659242264 0.0207357859532 0.0395256916996
0 0.327630817844 0.410026831197 0.0267558528428 0.0474308300395
0 0.151042189082 0.303307463608 0.0321070234114 0.0474308300395
0 0.204219446607 0.331469518944 0.0260869565217 0.0326086956522
0 0.191510416507 0.760817345031 0.0341137123746 0.0553359683794
