0 0.23203125 0.8125 0.0432291666667 0.112037037037
0 0.320572916667 0.646759259259 0.0244791666667 0.062037037037
0 0.328645833333 0.483796296296 0.025 0.0731481481481
0 0.316666666667 0.442592592593 0.021875 0.0481481481481
0 0.10703125 0.0819444444444 0.0526041666667 0.0972222222222
0 0.230989583333 0.0837962962963 0.0276041666667 0.0527777777778
0 0.28125 0.194907407407 0.0239583333333 0.0657407407407
0 0.0338541666667 0.366666666667 0.059375 0.103703703704
0 0.359895833333 0.252777777778 0.0166666666667 0.0425925925926
0 0.3890625 0.4125 0.0197916666667 0.0490740740741
0 0.404947916667 0.596296296296 0.0161458333333 0.0518518518519
