0 0.601855553813 0.40088443008 0.0113297555158 0.0343680709534
0 0.580388648625 0.400330106355 0.0172927847346 0.0532150776053
0 0.544610473312 0.342680438949 0.0172927847346 0.0465631929047
0 0.569953347492 0.297780217219 0.0166964818128 0.0565410199557
0 0.444729733897 0.347669352474 0.0226595110316 0.0742793791574
0 0.34455084302 0.137580660678 0.0298151460942 0.0576496674058
0 0.368104808435 0.571616137397 0.0375670840787 0.107538802661
0 0.552958714219 0.60154961855 0.0172927847346 0.0476718403548
0 0.497800693944 0.796671569769 0.0190816935003 0.0587583148559
0 0.299828123879 0.769509707242 0.0286225402504 0.0709534368071
0 0.223203198417 0.874831215002 0.0459153249851 0.119733924612
0 0.301617032644 0.169731436732 0.0369707811568 0.09977827051
0 0.130478094064 0.409753609681 0.0429338103757 0.0565410199557
0 0.0979795848209 0.346006381299 0.0447227191413 0.20399113082
