0 0.207552083333 0.287962962963 0.0630208333333 0.168518518519
0 0.32734375 0.474537037037 0.0859375 0.158333333333
0 0.484375 0.684722222222 0.046875 0.087962962963
0 0.6875 0.840740740741 0.0458333333333 0.111111111111
0 0.737239583333 0.66712962963 0.0265625 0.0712962962963
0 0.756770833333 0.495833333333 0.034375 0.10462962963
0 0.56953125 0.125462962963 0.0411458333333 0.125
0 0.771614583333 0.229166666667 0.0223958333333 0.062037037037
0 0.757552083333 0.193055555556 0.0223958333333 0.0638888888889
0 0.8125 0.404166666667 0.025 0.0675925925926
0 0.831770833333 0.62037037037 0.021875 0.0555555555556
