0 0.441860465116 0.206341463415 0.0225913621262 0.049756097561
0 0.456146179402 0.17512195122 0.024584717608 0.0634146341463
0 0.498671096346 0.150243902439 0.0232558139535 0.0682926829268
0 0.598338870432 0.400975609756 0.0259136212625 0.0565853658537
0 0.545182724252 0.509756097561 0.0205980066445 0.0634146341463
0 0.726245847176 0.130731707317 0.0265780730897 0.0565853658537
0 0.629235880399 0.609756097561 0.0305647840532 0.0741463414634
0 0.71561461794 0.672195121951 0.0318936877076 0.0721951219512
0 0.752491694352 0.646341463415 0.0285714285714 0.0536585365854
0 0.719601328904 0.26243902439 0.0372093023256 0.0643902439024
0 0.941860465116 0.0521951219512 0.0445182724252 0.0653658536585
0 0.874418604651 0.110243902439 0.0358803986711 0.0448780487805
0 0.964784053156 0.686829268293 0.046511627907 0.0760975609756
