0 0.64521344362 0.64597593249 0.0239018087855 0.0542778288868
0 0.666531273077 0.660695343713 0.0226098191214 0.050597976081
0 0.602900782121 0.623896815654 0.0245478036176 0.0561177552898
0 0.501802590906 0.640916134882 0.0174418604651 0.0441582336707
0 0.53313334026 0.601357717218 0.0180878552972 0.0496780128795
0 0.535071324757 0.629876576464 0.0180878552972 0.03127874885
0 0.411363314421 0.714513190999 0.0200258397933 0.0294388224471
0 0.389722487547 0.698873816574 0.0193798449612 0.0275988960442
0 0.367435665842 0.737972252637 0.0187338501292 0.0469181232751
0 0.574477009511 0.369986972048 0.0219638242894 0.0579576816927
0 0.485329722689 0.393906015286 0.0232558139535 0.0597976080957
0 0.432681143878 0.392526070484 0.0174418604651 0.0367985280589
0 0.584166931992 0.20853343019 0.0219638242894 0.0515179392824
0 0.531841350596 0.226012731018 0.0219638242894 0.0441582336707
0 0.552190187806 0.199333798175 0.0264857881137 0.0625574977001
0 0.442694063775 0.478542629822 0.0219638242894 0.0524379024839
0 0.334812926824 0.455083568184 0.0167958656331 0.0496780128795
0 0.305420161966 0.44634391777 0.0200258397933 0.0321987120515
0 0.271182435868 0.432544469748 0.0226098191214 0.0395584176633
0 0.290562280829 0.502001691459 0.016149870801 0.0386384544618
0 0.25147959349 0.610557349233 0.0193798449612 0.0349586016559
0 0.316402074111 0.714053209399 0.0174418604651 0.0211591536339
0 0.296699231733 0.730152565424 0.0193798449612 0.0367985280589
0 0.277319386772 0.797769860733 0.0206718346253 0.0413983440662
0 0.182681143878 0.791330118322 0.0174418604651 0.0303587856486
0 0.213042900984 0.732452473428 0.016149870801 0.017479300828
0 0.127125588322 0.567779060365 0.016149870801 0.0229990800368
0 0.0799679655834 0.600437754017 0.0226098191214 0.0367985280589
