0 0.915104166667 0.581018518519 0.034375 0.0805555555556
0 0.860677083333 0.650462962963 0.0317708333333 0.0472222222222
0 0.7765625 0.539351851852 0.0260416666667 0.0712962962963
0 0.727864583333 0.621296296296 0.0213541666667 0.0425925925926
0 0.665885416667 0.577314814815 0.0192708333333 0.0490740740741
0 0.658333333333 0.608796296296 0.01875 0.037962962963
0 0.7828125 0.326388888889 0.028125 0.0694444444444
0 0.6984375 0.280555555556 0.0270833333333 0.0685185185185
0 0.62890625 0.167592592593 0.0213541666667 0.0555555555556
0 0.937760416667 0.133333333333 0.0317708333333 0.0703703703704
