0 0.151171043293 0.504643962848 0.0269694819021 0.0557275541796
0 0.234918381831 0.858617131063 0.0340667139815 0.061919504644
0 0.25621007807 0.805985552116 0.0298083747339 0.0639834881321
0 0.365862313698 0.700722394221 0.0248403122782 0.0577915376677
0 0.412349183818 0.700722394221 0.0227111426544 0.0515995872033
0 0.32860184528 0.807533539732 0.0212916962385 0.0423116615067
0 0.213981547197 0.508771929825 0.0262597586941 0.0515995872033
0 0.258339247693 0.466460268318 0.0312278211498 0.0722394220846
0 0.368701206529 0.494324045408 0.0262597586941 0.061919504644
0 0.424059616749 0.368421052632 0.0191625266146 0.047471620227
0 0.301987224982 0.31475748194 0.0177430801987 0.0350877192982
0 0.288502484031 0.336429308566 0.0220014194464 0.0392156862745
0 0.380411639461 0.38080495356 0.0212916962385 0.0371517027864
0 0.517388218595 0.703818369453 0.0255500354862 0.0350877192982
0 0.626685592619 0.656862745098 0.0212916962385 0.0505675954592
0 0.523420865862 0.298245614035 0.0177430801987 0.0371517027864
0 0.517033356991 0.332301341589 0.0205819730305 0.0577915376677
0 0.566004258339 0.242518059856 0.0248403122782 0.0639834881321
0 0.66430092264 0.277089783282 0.0184528034067 0.0402476780186
0 0.673527324344 0.406604747162 0.0227111426544 0.0412796697626
0 0.665720369056 0.470072239422 0.0156139105749 0.0196078431373
0 0.697657913414 0.576883384933 0.0241305890703 0.0557275541796
0 0.779276082328 0.517543859649 0.0227111426544 0.0402476780186
0 0.743435060326 0.636738906089 0.0262597586941 0.0515995872033
0 0.80092264017 0.486584107327 0.0191625266146 0.0216718266254
0 0.814407381121 0.203302373581 0.0205819730305 0.0288957688338
0 0.881831085877 0.184210526316 0.0290986515259 0.0526315789474
0 0.886799148332 0.50773993808 0.0234208658623 0.0412796697626
0 0.929027679205 0.422600619195 0.0269694819021 0.0423116615067
0 0.603619588361 0.326625386997 0.0205819730305 0.0402476780186
