0 0.960101867572 0.157322654462 0.044142614601 0.0789473684211
0 0.696943972835 0.149885583524 0.0339558573854 0.0778032036613
0 0.775042444822 0.693363844394 0.0390492359932 0.0640732265446
0 0.681239388795 0.635583524027 0.0331069609508 0.0720823798627
0 0.939303904924 0.596109839817 0.0365025466893 0.0617848970252
0 0.97623089983 0.567505720824 0.0373514431239 0.0366132723112
0 0.542020373514 0.550343249428 0.0263157894737 0.070938215103
0 0.494482173175 0.590961098398 0.0263157894737 0.033180778032
0 0.4240237691 0.519450800915 0.0246179966044 0.0526315789474
0 0.376910016978 0.587528604119 0.0220713073005 0.033180778032
0 0.317062818336 0.549199084668 0.0195246179966 0.0366132723112
0 0.306451612903 0.574942791762 0.0203735144312 0.0377574370709
0 0.429117147708 0.363272311213 0.0229202037351 0.0514874141876
0 0.76273344652 0.389588100686 0.0415959252971 0.0469107551487
0 0.649405772496 0.228260869565 0.0288624787776 0.0675057208238
0 0.561120543294 0.237986270023 0.0237691001698 0.0503432494279
0 0.353989813243 0.322082379863 0.0237691001698 0.0469107551487
0 0.277589134126 0.219679633867 0.0237691001698 0.045766590389
0 0.340407470289 0.297482837529 0.0220713073005 0.0389016018307
