0 0.344791666667 0.247222222222 0.0166666666667 0.0444444444444
0 0.35625 0.215277777778 0.0166666666667 0.0453703703704
0 0.388802083333 0.210648148148 0.0171875 0.0546296296296
0 0.527604166667 0.233796296296 0.01875 0.0416666666667
0 0.4140625 0.501851851852 0.0166666666667 0.0444444444444
0 0.477083333333 0.576388888889 0.0177083333333 0.0546296296296
0 0.523177083333 0.61712962963 0.0171875 0.0546296296296
0 0.542708333333 0.599074074074 0.015625 0.037037037037
0 0.6046875 0.246759259259 0.0145833333333 0.025
0 0.75859375 0.585185185185 0.0317708333333 0.0907407407407
0 0.720572916667 0.521759259259 0.0244791666667 0.0694444444444
0 0.786458333333 0.237962962963 0.0291666666667 0.0722222222222
0 0.707291666667 0.363425925926 0.0208333333333 0.0527777777778
0 0.680208333333 0.160648148148 0.0166666666667 0.0305555555556
0 0.827083333333 0.212962962963 0.0208333333333 0.0351851851852
0 0.921614583333 0.187962962963 0.0307291666667 0.0740740740741
0 0.93828125 0.603240740741 0.0223958333333 0.0601851851852
0 0.9109375 0.575 0.0322916666667 0.0333333333333
