0 0.335912695218 0.811408220872 0.0473958333333 0.132407407407
0 0.301537695218 0.847982294946 0.0401041666667 0.111111111111
0 0.409089778552 0.720204517168 0.0489583333333 0.133333333333
0 0.497891861885 0.623445257909 0.0401041666667 0.102777777778
0 0.541641861885 0.641963776427 0.0255208333333 0.0824074074074
0 0.910391861885 0.768815628279 0.0338541666667 0.0824074074074
0 0.761433528552 0.716963776427 0.0276041666667 0.0768518518519
0 0.850756445218 0.659093406057 0.03125 0.0796296296296
0 0.621068945218 0.27205636902 0.0395833333333 0.112962962963
0 0.365339778552 0.146130443094 0.04375 0.12962962963
0 0.542162695218 0.104463776427 0.0442708333333 0.12962962963
0 0.668204361885 0.257241554205 0.0317708333333 0.0777777777778
0 0.787214778552 0.249834146798 0.034375 0.0666666666667
0 0.785131445218 0.137797109761 0.034375 0.0666666666667
0 0.820548111885 0.10955636902 0.034375 0.0842592592593
0 0.896589778552 0.410019331983 0.0302083333333 0.0611111111111
0 0.628621028552 0.612797109761 0.0338541666667 0.1
0 0.735131445218 0.732704517168 0.0322916666667 0.062037037037
0 0.952839778552 0.606315628279 0.025 0.0388888888889
