0 0.880216614098 0.735174322363 0.0416666666667 0.0907407407407
0 0.639852030765 0.663878026067 0.0296875 0.087037037037
0 0.551049947432 0.643507655696 0.0197916666667 0.0666666666667
0 0.520320780765 0.610174322363 0.0197916666667 0.0574074074074
0 0.701570780765 0.378229877918 0.034375 0.0898148148148
0 0.665633280765 0.13934098903 0.0135416666667 0.0527777777778
0 0.753914530765 0.096748396437 0.0286458333333 0.0768518518519
0 0.588810364098 0.260174322363 0.0213541666667 0.0648148148148
0 0.585945780765 0.212489137178 0.0197916666667 0.0435185185185
0 0.656258280765 0.175452100141 0.015625 0.0527777777778
0 0.528393697432 0.266192840881 0.0203125 0.0657407407407
0 0.411727030765 0.5722113594 0.0171875 0.0481481481481
0 0.466935364098 0.565266914956 0.0151041666667 0.0416666666667
0 0.377872864098 0.606470618659 0.0140625 0.037037037037
0 0.330477030765 0.571285433474 0.0130208333333 0.0296296296296
0 0.471622864098 0.403229877918 0.0151041666667 0.037962962963
0 0.384383280765 0.366655803844 0.0135416666667 0.05
0 0.368497864098 0.260174322363 0.0140625 0.0407407407407
0 0.408862447432 0.221285433474 0.0197916666667 0.0555555555556
0 0.336206197432 0.33008172977 0.0130208333333 0.0416666666667
0 0.392195780765 0.577303951993 0.015625 0.0324074074074
0 0.451310364098 0.272674322363 0.0255208333333 0.0601851851852
0 0.657820780765 0.0388780260666 0.025 0.0574074074074
