0 0.570213697572 0.343267935589 0.025974025974 0.0607082630691
0 0.500283627642 0.316286485336 0.025974025974 0.0539629005059
0 0.640143767502 0.292677716365 0.02997002997 0.0472175379427
0 0.420863048222 0.446977884999 0.016983016983 0.0489038785835
0 0.534749162108 0.481547868135 0.020979020979 0.043844856661
0 0.580203707562 0.712576535926 0.027972027972 0.0741989881956
0 0.788994916354 0.813756974375 0.02997002997 0.0775716694772
0 0.740543367902 0.876994748405 0.024975024975 0.0590219224283
0 0.927856055215 0.898074006415 0.031968031968 0.0741989881956
0 0.957326584685 0.441918863076 0.026973026973 0.0387858347386
0 0.689594316953 0.333149891744 0.026973026973 0.0539629005059
0 0.691092818452 0.589473669147 0.01998001998 0.0404721753794
