0 0.338462562351 0.777080122671 0.0416666666667 0.0992835209826
0 0.430634279522 0.644019733725 0.0239898989899 0.0542476970317
0 0.445470138108 0.502771013152 0.0246212121212 0.064483111566
0 0.435684784573 0.465411750101 0.0214646464646 0.042988741044
0 0.251657006795 0.12457244611 0.0511363636364 0.085977482088
0 0.370028218916 0.141972650818 0.0265151515152 0.0470829068577
0 0.413273168411 0.245862108341 0.0233585858586 0.0583418628454
0 0.168954986593 0.363057604759 0.0574494949495 0.0921187308086
0 0.485558521947 0.306251054093 0.0164141414141 0.0378710337769
0 0.506076198714 0.44852331612 0.0195707070707 0.0440122824974
0 0.513336299724 0.611266407215 0.0164141414141 0.0460593654043
