0 0.162544063457 0.602995006646 0.0416666666667 0.0898148148148
0 0.38572114679 0.621513525165 0.0286458333333 0.0712962962963
0 0.360460730123 0.589106117757 0.0270833333333 0.0435185185185
0 0.507856563457 0.754846858498 0.0322916666667 0.0805555555556
0 0.118273230123 0.292809821461 0.0385416666667 0.0768518518519
0 0.186762813457 0.112254265905 0.0421875 0.117592592593
0 0.25837739679 0.115495006646 0.0270833333333 0.0592592592593
0 0.389366980123 0.157161673313 0.0265625 0.0833333333333
0 0.0979607301233 0.150680191831 0.0291666666667 0.0740740740741
0 0.572960730123 0.0830875992386 0.0302083333333 0.0907407407407
0 0.60915864679 0.185402414053 0.0286458333333 0.0842592592593
0 0.639366980123 0.143272784424 0.0255208333333 0.0555555555556
0 0.52243989679 0.370124636276 0.0291666666667 0.0666666666667
0 0.582335730123 0.674754265905 0.0291666666667 0.0851851851852
0 0.69822114679 0.571513525165 0.0286458333333 0.0787037037037
0 0.760460730123 0.641420932572 0.0270833333333 0.0407407407407
0 0.814106563457 0.544661673313 0.0260416666667 0.0675925925926
0 0.820616980123 0.323828339979 0.0276041666667 0.0814814814815
0 0.862023230123 0.637254265905 0.0239583333333 0.0398148148148
0 0.947179480123 0.595124636276 0.0296875 0.0703703703704
0 0.956294063457 0.632161673313 0.025 0.0481481481481
0 0.91150239679 0.250217228868 0.0333333333333 0.0824074074074
