0 0.103060587133 0.720128676471 0.0312304809494 0.0707720588235
0 0.215178013741 0.724724264706 0.0343535290443 0.0836397058824
0 0.149594003748 0.729779411765 0.0256089943785 0.0606617647059
0 0.436289818863 0.6796875 0.0318550905684 0.0726102941176
0 0.641474078701 0.635110294118 0.0274828232355 0.0716911764706
0 0.576514678326 0.604319852941 0.0274828232355 0.0597426470588
0 0.503435352904 0.484834558824 0.0374765771393 0.0818014705882
0 0.404434728295 0.429227941176 0.0243597751405 0.0367647058824
0 0.249843847595 0.454044117647 0.0387257963773 0.0680147058824
0 0.0712054965646 0.372242647059 0.0324797001874 0.0698529411765
0 0.721111805122 0.188419117647 0.0368519675203 0.0863970588235
0 0.858525921299 0.339154411765 0.0430980637102 0.0735294117647
0 0.533416614616 0.139705882353 0.0287320424735 0.0477941176471
0 0.467832604622 0.211397058824 0.0312304809494 0.0680147058824
0 0.144597126796 0.363051470588 0.0268582136165 0.0606617647059
0 0.148657089319 0.317555147059 0.0249843847595 0.0413602941176
0 0.422548407245 0.358455882353 0.0181136789507 0.0459558823529
0 0.48126171143 0.447150735294 0.0231105559026 0.0505514705882
0 0.806683322923 0.656709558824 0.0343535290443 0.0689338235294
