0 0.196880187104 0.111636722602 0.0391937290034 0.0913173652695
0 0.222076155749 0.24187624356 0.0425531914894 0.0943113772455
0 0.346376267731 0.191726542961 0.03359462486 0.0658682634731
0 0.231594632792 0.375109776494 0.043673012318 0.0823353293413
0 0.178963053845 0.869121752542 0.036954087346 0.0703592814371
0 0.434842113196 0.761337321404 0.0358342665174 0.0703592814371
0 0.469556558884 0.752355285476 0.026875699888 0.061377245509
0 0.551303479377 0.39681636332 0.0246360582307 0.0389221556886
0 0.534506166947 0.441726542961 0.020156774916 0.0479041916168
0 0.617932818683 0.407295405236 0.0257558790594 0.0568862275449
0 0.455558798526 0.337684626793 0.0279955207167 0.0523952095808
0 0.479634946342 0.381097800446 0.0179171332587 0.0404191616766
0 0.461157902669 0.37810378847 0.0212765957447 0.0404191616766
0 0.687921620474 0.756097800446 0.0246360582307 0.0508982035928
0 0.762389705581 0.774061872302 0.01679731243 0.0389221556886
0 0.690161262132 0.586936123799 0.0246360582307 0.0508982035928
0 0.790945136712 0.52555887829 0.0223964165733 0.0299401197605
0 0.373251967619 0.522564866314 0.026875699888 0.059880239521
0 0.322860030329 0.702205584877 0.026875699888 0.0419161676647
0 0.72095633492 0.643822351344 0.01679731243 0.0299401197605
