0 0.0929370174713 0.923503805562 0.0394990366089 0.105172413793
0 0.0587366321149 0.179538288321 0.0366088631985 0.110344827586
0 0.133881140785 0.304538288321 0.0346820809249 0.105172413793
0 0.1656730483 0.279538288321 0.0308285163776 0.0620689655172
0 0.255750119591 0.332986564183 0.0279383429672 0.0758620689655
0 0.400258790111 0.512296909011 0.0279383429672 0.0862068965517
0 0.486963992423 0.457124495217 0.0279383429672 0.0827586206897
0 0.50912198857 0.432986564183 0.0221579961464 0.0586206896552
0 0.413746266026 0.732124495217 0.0279383429672 0.0741379310345
0 0.468659560824 0.820917598666 0.02408477842 0.048275862069
0 0.278389811306 0.7700555297 0.0346820809249 0.0775862068966
0 0.323669194735 0.834710702114 0.0308285163776 0.0551724137931
0 0.531279984716 0.768331391769 0.02408477842 0.0568965517241
0 0.544767460631 0.80281415039 0.0202312138728 0.05
0 0.568852239051 0.315745184873 0.02408477842 0.0655172413793
