0 0.220031948574 0.238917450974 0.0177083333333 0.0453703703704
0 0.257531948574 0.230584117641 0.025 0.0694444444444
0 0.320031948574 0.149102636159 0.0239583333333 0.0657407407407
0 0.334615281907 0.118084117641 0.0208333333333 0.0518518518519
0 0.469250698574 0.166695228752 0.0317708333333 0.0898148148148
0 0.298938198574 0.498176710233 0.0255208333333 0.0694444444444
0 0.401021531907 0.784287821344 0.0348958333333 0.0972222222222
0 0.626542365241 0.767621154678 0.0411458333333 0.115740740741
0 0.690865281907 0.723639673196 0.0416666666667 0.0925925925926
0 0.683313198574 0.461602636159 0.0578125 0.174074074074
0 0.737740281907 0.373176710233 0.0510416666667 0.112037037037
0 0.934354865241 0.911139673196 0.0755208333333 0.141666666667
