0 0.298852790896 0.881381038184 0.0351437699681 0.0991636798088
0 0.383517327637 0.829409712019 0.0415335463259 0.0692951015532
0 0.591983781311 0.777438385854 0.0415335463259 0.0919952210275
0 0.45660039473 0.471584144516 0.029552715655 0.0537634408602
0 0.356760139139 0.3365781708 0.0375399361022 0.108721624851
0 0.302447040097 0.17887207761 0.0439297124601 0.113500597372
0 0.30803809441 0.0546187920668 0.0391373801917 0.0919952210275
0 0.49374096981 0.113161205448 0.0287539936102 0.0776583034648
0 0.518501353196 0.0952400584945 0.0287539936102 0.0537634408602
0 0.680242567254 0.316864909152 0.0375399361022 0.0669056152927
0 0.638309659906 0.270867298638 0.038338658147 0.0824372759857
0 0.770498158308 0.390938983226 0.0311501597444 0.078853046595
0 0.790466209426 0.3365781708 0.0279552715655 0.0585424133811
0 0.883117966615 0.340759771756 0.0327476038339 0.0740740740741
0 0.977766528915 0.772659413333 0.0351437699681 0.0609318996416
0 0.983357583228 0.559995136153 0.0239616613419 0.0728793309438
