0 0.906510416667 0.802777777778 0.0442708333333 0.0981481481481
0 0.786979166667 0.69537037037 0.0322916666667 0.0888888888889
0 0.884114583333 0.356018518519 0.0401041666667 0.0916666666667
0 0.752864583333 0.164351851852 0.0286458333333 0.0898148148148
0 0.725260416667 0.128703703704 0.0255208333333 0.0592592592593
0 0.668489583333 0.194907407407 0.0234375 0.062037037037
0 0.807552083333 0.0462962962963 0.0348958333333 0.0851851851852
0 0.54921875 0.343055555556 0.0234375 0.0675925925926
0 0.480729166667 0.29537037037 0.021875 0.0648148148148
0 0.418489583333 0.170833333333 0.0203125 0.0564814814815
0 0.548177083333 0.537962962963 0.0223958333333 0.0611111111111
0 0.651302083333 0.572222222222 0.0244791666667 0.0740740740741
0 0.606770833333 0.63287037037 0.025 0.0416666666667
0 0.452604166667 0.575462962963 0.01875 0.0472222222222
0 0.446614583333 0.606944444444 0.0171875 0.0342592592593
0 0.509375 0.61712962963 0.01875 0.0305555555556
