0 0.682879113133 0.340946178271 0.0140625 0.0324074074074
0 0.628712446466 0.34696469679 0.0171875 0.0518518518519
0 0.560483279799 0.307149881975 0.0151041666667 0.037037037037
0 0.591993696466 0.29233506716 0.0145833333333 0.0314814814815
0 0.595639529799 0.255298030123 0.0166666666667 0.037037037037
0 0.598764529799 0.536779511604 0.0177083333333 0.05
0 0.482618696466 0.702983215308 0.0197916666667 0.0509259259259
0 0.519858279799 0.487242474567 0.0182291666667 0.0472222222222
0 0.530535363133 0.443260993086 0.0177083333333 0.0425925925926
0 0.457879113133 0.335853585678 0.0213541666667 0.0666666666667
0 0.362045779799 0.689094326419 0.0234375 0.0657407407407
0 0.318816613133 0.651131363456 0.0234375 0.0509259259259
0 0.302410363133 0.515020252345 0.0302083333333 0.0824074074074
0 0.340431196466 0.20020543753 0.021875 0.0361111111111
0 0.288608279799 0.10946469679 0.0213541666667 0.0564814814815
0 0.281837446466 0.235390622716 0.0265625 0.0675925925926
0 0.195379113133 0.710853585678 0.0307291666667 0.0740740740741
0 0.0742853631326 0.103909141234 0.0385416666667 0.0842592592593
