0 0.245572916667 0.595833333333 0.0390625 0.0675925925926
0 0.0247395833333 0.612962962963 0.0453125 0.0481481481481
0 0.536197916667 0.650462962963 0.0223958333333 0.0583333333333
0 0.596614583333 0.6 0.0223958333333 0.0759259259259
0 0.510416666667 0.622222222222 0.0197916666667 0.0462962962963
0 0.309635416667 0.32037037037 0.0296875 0.0648148148148
0 0.211458333333 0.125 0.04375 0.109259259259
0 0.14921875 0.0916666666667 0.0328125 0.0648148148148
0 0.0200520833333 0.0782407407407 0.0359375 0.106481481481
0 0.345052083333 0.062037037037 0.0223958333333 0.0462962962963
0 0.529947916667 0.287037037037 0.0223958333333 0.0666666666667
0 0.525 0.172222222222 0.01875 0.05
0 0.440885416667 0.176388888889 0.0192708333333 0.0305555555556
0 0.393489583333 0.649537037037 0.0223958333333 0.0490740740741
0 0.651822916667 0.505092592593 0.0192708333333 0.0583333333333
0 0.613541666667 0.400925925926 0.0197916666667 0.0518518518519
0 0.670052083333 0.494907407407 0.0171875 0.0435185185185
0 0.691927083333 0.148611111111 0.0223958333333 0.0694444444444
0 0.726302083333 0.1625 0.0203125 0.0564814814815
0 0.740104166667 0.194907407407 0.0197916666667 0.0509259259259
