0 0.454306294705 0.721999737563 0.0155261644623 0.0287474332649
0 0.464082027885 0.693252304298 0.0166762507188 0.0287474332649
0 0.504622568425 0.695305692388 0.0126509488212 0.0232717316906
0 0.520148732888 0.631650661587 0.0138010350776 0.0301163586585
0 0.549188410864 0.630623967542 0.0132259919494 0.0280629705681
0 0.623944017534 0.614881325516 0.0155261644623 0.0171115674196
0 0.507497784067 0.517345391224 0.017251293847 0.031485284052
0 0.440217738063 0.519398779315 0.0161012075906 0.0342231348392
0 0.412615667908 0.549857369322 0.0149511213341 0.0308008213552
0 0.372362648931 0.552937451457 0.0138010350776 0.0273785078713
0 0.338435104366 0.490309114702 0.0161012075906 0.0362765229295
0 0.356548962905 0.487571263914 0.0143760782059 0.0266940451745
0 0.372650170496 0.470801927843 0.0143760782059 0.0219028062971
0 0.531937117017 0.432472016823 0.0132259919494 0.0287474332649
0 0.601517335533 0.372923762203 0.0132259919494 0.0246406570842
0 0.598354598328 0.393799874455 0.0149511213341 0.0335386721424
0 0.709625443641 0.579631496632 0.0166762507188 0.0328542094456
0 0.807670297005 0.549515137973 0.0207015526164 0.0342231348392
0 0.76540462708 0.515634234482 0.0201265094882 0.0335386721424
0 0.731477082514 0.40988474783 0.0189764232317 0.0260095824778
0 0.631419578201 0.328091455564 0.0201265094882 0.0349075975359
0 0.841597841571 0.460534987391 0.01955146636 0.0260095824778
0 0.85971170011 0.434183173565 0.0178263369753 0.0171115674196
0 0.72141382777 0.309953194099 0.0161012075906 0.031485284052
0 0.575352873198 0.610774549335 0.0138010350776 0.0212183436003
