0 0.591059602649 0.301740812379 0.0192052980132 0.0967117988395
0 0.598013245033 0.424564796905 0.0172185430464 0.0909090909091
0 0.674503311258 0.247582205029 0.0165562913907 0.0889748549323
0 0.412582781457 0.809477756286 0.0119205298013 0.0483558994197
0 0.511258278146 0.815280464217 0.0145695364238 0.0676982591876
0 0.49701986755 0.809477756286 0.0139072847682 0.0715667311412
0 0.38642384106 0.829787234043 0.00728476821192 0.0309477756286
0 0.444701986755 0.450676982592 0.0112582781457 0.0541586073501
0 0.546688741722 0.24081237911 0.0139072847682 0.063829787234
0 0.610264900662 0.166344294004 0.017880794702 0.073500967118
0 0.480463576159 0.486460348162 0.00993377483444 0.0406189555126
0 0.475496688742 0.438104448743 0.0119205298013 0.0444874274662
0 0.508278145695 0.384912959381 0.012582781457 0.0541586073501
0 0.41357615894 0.639264990329 0.00993377483444 0.0483558994197
0 0.37582781457 0.567698259188 0.00596026490066 0.0328820116054
