0 0.57890625 0.276388888889 0.0171875 0.0564814814815
0 0.51953125 0.335648148148 0.0171875 0.0564814814815
0 0.526822916667 0.260185185185 0.0140625 0.0407407407407
0 0.453645833333 0.191666666667 0.0145833333333 0.0388888888889
0 0.4453125 0.174074074074 0.0104166666667 0.0203703703704
0 0.36015625 0.25462962963 0.0182291666667 0.05
0 0.41640625 0.39537037037 0.0161458333333 0.0259259259259
0 0.340364583333 0.343055555556 0.0140625 0.0435185185185
0 0.45546875 0.531018518519 0.0161458333333 0.0509259259259
0 0.43203125 0.571759259259 0.0182291666667 0.0546296296296
0 0.39140625 0.564814814815 0.0192708333333 0.0407407407407
0 0.543229166667 0.602777777778 0.0125 0.0240740740741
0 0.56328125 0.580555555556 0.0140625 0.0351851851852
0 0.287760416667 0.280092592593 0.0182291666667 0.0564814814815
0 0.254427083333 0.252314814815 0.0182291666667 0.0527777777778
0 0.205208333333 0.293518518519 0.0166666666667 0.0537037037037
0 0.178385416667 0.25 0.0140625 0.0333333333333
0 0.169010416667 0.472685185185 0.0213541666667 0.0490740740741
0 0.20859375 0.581944444444 0.0161458333333 0.0398148148148
0 0.2140625 0.631481481481 0.01875 0.0388888888889
0 0.26640625 0.616666666667 0.0171875 0.0574074074074
0 0.285416666667 0.597222222222 0.0177083333333 0.0574074074074
0 0.13671875 0.568981481481 0.0171875 0.0435185185185
0 0.0578125 0.612037037037 0.025 0.0666666666667
0 0.0221354166667 0.415277777778 0.0265625 0.062037037037
0 0.105208333333 0.236111111111 0.0239583333333 0.0592592592593
