0 0.779285241562 0.614043355325 0.0363997352747 0.0782280867107
0 0.578755790867 0.581998114986 0.0324288550629 0.076343072573
0 0.645929847783 0.569745523091 0.0251489080079 0.0518378887842
0 0.63037723362 0.60603204524 0.0271343481138 0.062205466541
0 0.918266048974 0.506126295947 0.0324288550629 0.0584354382658
0 0.869291859696 0.224316682375 0.0337524818001 0.0546654099906
0 0.785903375248 0.143261074458 0.0350761085374 0.0584354382658
0 0.471211118465 0.394910461828 0.030443414957 0.0640904806786
0 0.269027134348 0.355796418473 0.017868960953 0.0311027332705
0 0.574784910655 0.257775683318 0.0258107213766 0.0650329877474
0 0.547981469226 0.154099905749 0.0251489080079 0.0348727615457
0 0.248510919921 0.229500471254 0.0311052283256 0.0348727615457
