0 0.720645719533 0.786551519495 0.039970392302 0.072706935123
0 0.674383691405 0.812278588846 0.039230199852 0.0816554809843
0 0.562984727675 0.729504539629 0.0384900074019 0.0906040268456
0 0.481933654396 0.613732727549 0.0273871206514 0.0715883668904
0 0.756915149585 0.394493353947 0.0444115470022 0.10514541387
0 0.683266000806 0.304448611218 0.0451517394523 0.0950782997763
0 0.537448088149 0.479504539629 0.0288675055514 0.0648769574944
0 0.454916629969 0.596954204059 0.0222057735011 0.0626398210291
0 0.863132766165 0.108699170502 0.0451517394523 0.0548098434004
0 0.689557636631 0.153441899808 0.0340488527017 0.0682326621924
0 0.423088354618 0.195388208533 0.0281273131014 0.0805369127517
0 0.380527288741 0.22782668728 0.0259067357513 0.0648769574944
0 0.361652381265 0.268654427772 0.0251665433013 0.0570469798658
