0 0.731598573223 0.097905265234 0.0224719101124 0.0316205533597
0 0.671298947755 0.240197755353 0.0292134831461 0.0553359683794
0 0.625231532024 0.25897245891 0.0194756554307 0.0256916996047
0 0.760062992698 0.285652300807 0.0284644194757 0.0415019762846
0 0.537591082586 0.320237281044 0.0194756554307 0.0434782608696
0 0.621111681837 0.562826213851 0.0202247191011 0.0385375494071
0 0.772797075095 0.477845976696 0.0284644194757 0.0721343873518
0 0.910999322286 0.437826213851 0.0262172284644 0.0355731225296
0 0.557815801687 0.678932933218 0.0194756554307 0.0395256916996
0 0.634220296069 0.5366404431 0.0194756554307 0.0217391304348
0 0.397890708054 0.363221470768 0.0202247191011 0.050395256917
0 0.384407561987 0.430415146657 0.0187265917603 0.048418972332
0 0.329351382211 0.463023842309 0.0179775280899 0.0326086956522
0 0.266055502062 0.588517913455 0.0187265917603 0.0385375494071
0 0.486280221163 0.494150324523 0.0217228464419 0.0415019762846
0 0.29901430356 0.70363649053 0.0187265917603 0.0395256916996
0 0.384033030152 0.672510008317 0.0209737827715 0.0444664031621
0 0.490774603185 0.678932933218 0.0202247191011 0.0395256916996
0 0.364557374721 0.722905265234 0.0194756554307 0.0227272727273
0 0.280662243635 0.77083016642 0.0164794007491 0.0237154150198
0 0.222609809178 0.776264949028 0.0172284644195 0.0326086956522
0 0.222235277343 0.801462577487 0.0179775280899 0.0237154150198
0 0.19114913502 0.586047557724 0.0247191011236 0.0474308300395
0 0.104632281088 0.538122656538 0.0209737827715 0.0385375494071
