0 0.709635416667 0.731018518519 0.0348958333333 0.087962962963
0 0.777083333333 0.632407407407 0.021875 0.0537037037037
0 0.624479166667 0.675925925926 0.0260416666667 0.0666666666667
0 0.469791666667 0.485185185185 0.0260416666667 0.0703703703704
0 0.5 0.481481481481 0.0375 0.0685185185185
0 0.785416666667 0.490740740741 0.021875 0.062962962963
0 0.773697916667 0.453240740741 0.0171875 0.0416666666667
0 0.63125 0.231944444444 0.0291666666667 0.0675925925926
0 0.660416666667 0.231944444444 0.0177083333333 0.0305555555556
0 0.494791666667 0.0634259259259 0.040625 0.108333333333
0 0.620052083333 0.102777777778 0.0328125 0.0777777777778
0 0.869270833333 0.597222222222 0.0197916666667 0.0555555555556
0 0.848177083333 0.418518518519 0.0223958333333 0.0574074074074
