0 0.540800615858 0.629341864717 0.0284834488068 0.0521023765996
0 0.561200923788 0.58592321755 0.0307929176289 0.054844606947
0 0.688221709007 0.476691042048 0.0338722093918 0.0612431444241
0 0.749807544265 0.479433272395 0.0323325635104 0.0502742230347
0 0.822170900693 0.453839122486 0.0338722093918 0.0648994515539
0 0.433025404157 0.32084095064 0.0269438029253 0.0457038391225
0 0.493841416474 0.310786106033 0.0284834488068 0.0566727605119
0 0.540800615858 0.240402193784 0.0377213240955 0.0749542961609
0 0.690531177829 0.228976234004 0.0461893764434 0.0703839122486
0 0.696304849885 0.0868372943327 0.0331023864511 0.0457038391225
0 0.774056966898 0.0397623400366 0.0331023864511 0.0594149908592
0 0.642802155504 0.594606946984 0.0277136258661 0.0411334552102
