0 0.694116464915 0.867085841224 0.0413793103448 0.0990453460621
0 0.492967039628 0.695248132393 0.0375478927203 0.0966587112172
0 0.567679683306 0.726274385376 0.0291187739464 0.0656324582339
0 0.540476618172 0.75730063836 0.0314176245211 0.0775656324582
0 0.873426809743 0.83605958824 0.0367816091954 0.0727923627685
0 0.907526426601 0.479257678932 0.0390804597701 0.0680190930788
0 0.844691177559 0.330093001128 0.0406130268199 0.0727923627685
0 0.437411484072 0.407061974875 0.0352490421456 0.0811455847255
0 0.23702834231 0.226274385376 0.0206896551724 0.0393794749403
0 0.587986196716 0.319949803037 0.0298850574713 0.0811455847255
0 0.591434472578 0.182718299458 0.0291187739464 0.0429594272076
0 0.253886579858 0.0675631681926 0.0360153256705 0.0441527446301
