0 0.515646346151 0.643046043097 0.0288548241659 0.0519210799585
0 0.561182865538 0.625392875911 0.0333633904418 0.0560747663551
0 0.610326237946 0.590605752339 0.0324616771867 0.0508826583593
0 0.649550764546 0.569837320355 0.0315599639315 0.0446521287643
0 0.741976373203 0.563087579961 0.0288548241659 0.0415368639668
0 0.544050313689 0.35176878453 0.0297565374211 0.0591900311526
0 0.698694136954 0.344499833335 0.034265103697 0.0571131879543
0 0.749190079244 0.400055388891 0.034265103697 0.0539979231568
0 0.498513794303 0.212620290241 0.0288548241659 0.048805815161
0 0.593193686097 0.211581868642 0.0450856627592 0.061266874351
