0 0.576265443107 0.305720568169 0.0151057401813 0.0351307189542
0 0.552700488424 0.353106189084 0.0187311178248 0.0383986928105
0 0.580495050358 0.411112725032 0.0163141993958 0.0302287581699
0 0.666597769391 0.346978738104 0.014501510574 0.0294117647059
0 0.678682361536 0.343710764248 0.0132930513595 0.0228758169935
0 0.525812270901 0.588400306731 0.014501510574 0.0269607843137
0 0.506779038273 0.606782659673 0.0138972809668 0.0294117647059
0 0.642730699904 0.625982006078 0.0175226586103 0.0383986928105
0 0.734573600207 0.433988542025 0.0175226586103 0.0334967320261
0 0.784724657608 0.465851287123 0.0138972809668 0.0302287581699
0 0.771129491445 0.46707677732 0.014501510574 0.0277777777778
0 0.733969370599 0.668465666208 0.0211480362538 0.0220588235294
0 0.830948222563 0.630883966862 0.016918429003 0.031862745098
0 0.865993539784 0.554495077973 0.012084592145 0.0147058823529
0 0.84816876637 0.495263051829 0.0138972809668 0.0236928104575
0 0.826114385705 0.511194424378 0.0157099697885 0.031045751634
0 0.904362119844 0.515687888431 0.0187311178248 0.0334967320261
0 0.900736742201 0.743220568169 0.0114803625378 0.0326797385621
