0 0.894106813996 0.407925407925 0.0220994475138 0.039627039627
0 0.885359116022 0.375291375291 0.0211786372007 0.041958041958
0 0.84576427256 0.357808857809 0.0230202578269 0.048951048951
0 0.669429097606 0.324009324009 0.02394106814 0.037296037296
0 0.76335174954 0.605477855478 0.0220994475138 0.0407925407925
0 0.671731123389 0.646853146853 0.0230202578269 0.048951048951
0 0.60773480663 0.664335664336 0.0220994475138 0.048951048951
0 0.586556169429 0.640442890443 0.0202578268877 0.0337995337995
0 0.571362799263 0.305361305361 0.0193370165746 0.02331002331
0 0.321362799263 0.543123543124 0.0405156537753 0.0815850815851
0 0.379373848987 0.502331002331 0.0313075506446 0.0629370629371
0 0.347145488029 0.225524475524 0.036832412523 0.0641025641026
0 0.423572744015 0.367715617716 0.0276243093923 0.0477855477855
0 0.492633517495 0.199300699301 0.0220994475138 0.027972027972
0 0.301565377532 0.187645687646 0.0267034990792 0.032634032634
0 0.188305709024 0.127622377622 0.0395948434622 0.0664335664336
0 0.0943830570902 0.488344988345 0.0285451197053 0.0536130536131
0 0.133517495396 0.474358974359 0.0405156537753 0.030303030303
