0 0.947796432319 0.115228426396 0.0309548793284 0.0497461928934
0 0.714060860441 0.146700507614 0.0367261280168 0.114720812183
0 0.77833158447 0.337055837563 0.0330535152151 0.0771573604061
0 0.797481636936 0.191878172589 0.0251836306401 0.0751269035533
0 0.651101783841 0.143147208122 0.0262329485834 0.058883248731
0 0.808761804827 0.0258883248731 0.0267576075551 0.0497461928934
0 0.736883525708 0.651776649746 0.0341028331584 0.0893401015228
0 0.878016789087 0.727918781726 0.0309548793284 0.0730964467005
0 0.5314795383 0.673096446701 0.0251836306401 0.0690355329949
0 0.557187827912 0.641116751269 0.0251836306401 0.043654822335
0 0.531741867786 0.179187817259 0.0257082896118 0.0883248730964
0 0.343126967471 0.0807106598985 0.0314795383001 0.104568527919
0 0.305876180483 0.189847715736 0.0283315844701 0.0954314720812
0 0.415267576076 0.212182741117 0.0246589716684 0.0710659898477
0 0.395068205666 0.40152284264 0.0304302203568 0.0680203045685
0 0.409496327387 0.829441624365 0.0309548793284 0.0913705583756
0 0.334207764953 0.746192893401 0.0262329485834 0.0913705583756
0 0.211437565582 0.630456852792 0.0314795383001 0.0954314720812
0 0.138247639035 0.713197969543 0.0299055613851 0.0477157360406
0 0.273347324239 0.139086294416 0.0262329485834 0.0629441624365
0 0.0674186778594 0.337563451777 0.0351521511018 0.0984771573604
0 0.0781741867786 0.599492385787 0.0304302203568 0.0802030456853
0 0.0201993704092 0.709644670051 0.0299055613851 0.0548223350254
0 0.108079748164 0.0837563451777 0.0272822665268 0.0700507614213
