0 0.0911458333333 0.893981481481 0.0635416666667 0.141666666667
0 0.338541666667 0.668518518519 0.0260416666667 0.0703703703704
0 0.31953125 0.486111111111 0.0286458333333 0.0907407407407
0 0.0638020833333 0.260185185185 0.0484375 0.122222222222
0 0.275 0.159259259259 0.0291666666667 0.0777777777778
0 0.202604166667 0.0476851851852 0.03125 0.0712962962963
0 0.2140625 0.294444444444 0.0239583333333 0.0537037037037
0 0.31328125 0.42962962963 0.0255208333333 0.0351851851852
0 0.432552083333 0.40462962963 0.0213541666667 0.0518518518519
0 0.4578125 0.609722222222 0.0197916666667 0.0638888888889
0 0.277083333333 0.65 0.0208333333333 0.037037037037
0 0.264583333333 0.600925925926 0.021875 0.0574074074074
0 0.386197916667 0.189351851852 0.0119791666667 0.0416666666667
0 0.377083333333 0.180555555556 0.0125 0.0351851851852
