0 0.625 0.224074074074 0.0166666666667 0.0462962962963
0 0.670833333333 0.310648148148 0.015625 0.0453703703704
0 0.689583333333 0.32962962963 0.0208333333333 0.0648148148148
0 0.756770833333 0.367592592593 0.0208333333333 0.0666666666667
0 0.86875 0.224537037037 0.0208333333333 0.0583333333333
0 0.657291666667 0.565740740741 0.0177083333333 0.0407407407407
0 0.64765625 0.591203703704 0.0161458333333 0.0342592592593
0 0.705989583333 0.603703703704 0.0151041666667 0.0333333333333
0 0.74609375 0.534259259259 0.0192708333333 0.0574074074074
0 0.854427083333 0.5625 0.0244791666667 0.0583333333333
0 0.82109375 0.612962962963 0.0234375 0.0388888888889
0 0.965885416667 0.198148148148 0.0265625 0.0814814814815
0 0.940885416667 0.181481481481 0.0223958333333 0.0425925925926
