0 0.916077470843 0.285675286855 0.0217539089055 0.0586124401914
0 0.899082229511 0.25517289451 0.0231135282121 0.055023923445
0 0.856934031006 0.253378636137 0.0203942895989 0.0633971291866
0 0.820224309728 0.582924090682 0.0203942895989 0.055023923445
0 0.748844296132 0.660675286855 0.0217539089055 0.0598086124402
0 0.694459523868 0.701345143314 0.0190346702923 0.0502392344498
0 0.673385424616 0.679814042835 0.0163154316791 0.0430622009569
0 0.574133215235 0.686392990204 0.0176750509857 0.0394736842105
0 0.691060475602 0.398115478242 0.0190346702923 0.0466507177033
0 0.690040761122 0.301225526089 0.0169952413324 0.0346889952153
0 0.613902079953 0.326943229438 0.0156356220258 0.0239234449761
0 0.541842256703 0.24979011939 0.0156356220258 0.0370813397129
0 0.516009489878 0.446560454319 0.0210740992522 0.0478468899522
0 0.474541101027 0.632565239008 0.0237933378654 0.049043062201
0 0.239666865813 0.768928875371 0.0258327668253 0.0633971291866
0 0.338579170367 0.657086770108 0.018354860639 0.0478468899522
0 0.356254221353 0.636751841878 0.0197144799456 0.0334928229665
0 0.231509149973 0.472278157668 0.0285520054385 0.0514354066986
0 0.3453772669 0.313187248577 0.0210740992522 0.0633971291866
0 0.456186240388 0.341895382548 0.0237933378654 0.0657894736842
0 0.420836138416 0.321560454319 0.0142760027192 0.0322966507177
0 0.172365710136 0.721680071544 0.0244731475187 0.066985645933
0 0.0452413049698 0.638546100252 0.0285520054385 0.0777511961722
0 0.146532943311 0.296440837094 0.0258327668253 0.0753588516746
0 0.184942188722 0.228857105036 0.0278721957852 0.0741626794258
0 0.117641033046 0.266536530874 0.0237933378654 0.0466507177033
0 0.0666553090486 0.283282942357 0.025152957172 0.061004784689
