0 0.375961850373 0.672711115247 0.0305444887118 0.0698924731183
0 0.192694918102 0.421815057899 0.0199203187251 0.0412186379928
0 0.284328384237 0.305327602702 0.0305444887118 0.0591397849462
0 0.359361584768 0.328625093742 0.0292164674635 0.0555555555556
0 0.356705542272 0.270381366143 0.0318725099602 0.0609318996416
0 0.440370880917 0.280237996967 0.0371845949535 0.0483870967742
0 0.613677653826 0.756940505928 0.0358565737052 0.0663082437276
0 0.77835228862 0.842065953957 0.0411686586985 0.0716845878136
0 0.569188942006 0.831313265785 0.0318725099602 0.0573476702509
0 0.967595316508 0.68704803281 0.0318725099602 0.0627240143369
