0 0.402141802068 0.374737945493 0.0125553914328 0.0262054507338
0 0.347119645495 0.300838574423 0.0177252584934 0.0356394129979
0 0.300221565731 0.317610062893 0.0169867060561 0.0335429769392
0 0.301329394387 0.277777777778 0.0177252584934 0.0377358490566
0 0.250738552437 0.288259958071 0.0214180206795 0.0356394129979
0 0.29246676514 0.530922431866 0.0192023633678 0.0429769392034
0 0.177252584934 0.626834381551 0.0162481536189 0.0335429769392
0 0.147341211226 0.589098532495 0.0214180206795 0.0461215932914
0 0.051329394387 0.639937106918 0.0243722304284 0.0450733752621
0 0.216765140325 0.309748427673 0.0169867060561 0.0345911949686
0 0.214918759232 0.455974842767 0.0147710487445 0.0314465408805
