0 0.367447916667 0.778240740741 0.0473958333333 0.132407407407
0 0.333072916667 0.814814814815 0.0401041666667 0.111111111111
0 0.440625 0.687037037037 0.0489583333333 0.133333333333
0 0.529427083333 0.590277777778 0.0401041666667 0.102777777778
0 0.573177083333 0.608796296296 0.0255208333333 0.0824074074074
0 0.941927083333 0.735648148148 0.0338541666667 0.0824074074074
0 0.79296875 0.683796296296 0.0276041666667 0.0768518518519
0 0.882291666667 0.625925925926 0.03125 0.0796296296296
0 0.652604166667 0.238888888889 0.0395833333333 0.112962962963
0 0.396875 0.112962962963 0.04375 0.12962962963
0 0.573697916667 0.0712962962963 0.0442708333333 0.12962962963
0 0.699739583333 0.224074074074 0.0317708333333 0.0777777777778
0 0.81875 0.216666666667 0.034375 0.0666666666667
0 0.816666666667 0.10462962963 0.034375 0.0666666666667
0 0.852083333333 0.0763888888889 0.034375 0.0842592592593
0 0.928125 0.376851851852 0.0302083333333 0.0611111111111
0 0.66015625 0.57962962963 0.0338541666667 0.1
0 0.766666666667 0.699537037037 0.0322916666667 0.062037037037
0 0.984375 0.573148148148 0.025 0.0388888888889
