0 0.681567666871 0.402486910995 0.0146968769137 0.0431937172775
0 0.617575015309 0.409685863874 0.0202082057563 0.0680628272251
0 0.537660747091 0.348821989529 0.0171463563993 0.053664921466
0 0.581139007961 0.28664921466 0.0171463563993 0.0497382198953
0 0.576852418861 0.330497382199 0.0171463563993 0.0405759162304
0 0.536129822413 0.272905759162 0.0202082057563 0.0667539267016
0 0.414268218004 0.386780104712 0.0263319044703 0.0929319371728
0 0.584200857318 0.673429319372 0.0208205756277 0.0693717277487
0 0.442131047152 0.910994764398 0.0208205756277 0.065445026178
0 0.489589712186 0.605366492147 0.0226576852419 0.0693717277487
0 0.501530924679 0.544502617801 0.0183710961421 0.0602094240838
0 0.295468462952 0.897251308901 0.0312308634415 0.0955497382199
0 0.24004898959 0.843586387435 0.0293937538273 0.0772251308901
0 0.218616044091 0.645942408377 0.0367421922841 0.119109947644
0 0.0789957134109 0.930628272251 0.0404164115126 0.112565445026
0 0.0447030006124 0.5 0.0281690140845 0.0602094240838
0 0.187691365585 0.579842931937 0.0287813839559 0.0785340314136
0 0.193202694427 0.23167539267 0.0336803429271 0.0994764397906
0 0.201775872627 0.0451570680628 0.0275566442131 0.0772251308901
0 0.26852418861 0.184554973822 0.0300061236987 0.0575916230366
