0 0.110118684897 0.155674187835 0.0462222222222 0.0807962529274
0 0.385674240453 0.148062946617 0.0355555555556 0.07962529274
0 0.303896462675 0.70426903561 0.0408888888889 0.0655737704918
0 0.402118684897 0.645135546149 0.0346666666667 0.0737704918033
0 0.131896462675 0.604737419685 0.0382222222222 0.0632318501171
0 0.0932297960083 0.575463415001 0.0391111111111 0.0374707259953
0 0.547896462675 0.557899012191 0.0275555555556 0.0725995316159
0 0.597674240453 0.599468098842 0.0275555555556 0.0339578454333
0 0.67145201823 0.526283087132 0.0257777777778 0.0538641686183
0 0.720785351564 0.59595521828 0.0231111111111 0.0339578454333
0 0.78345201823 0.556728052004 0.0204444444444 0.0374707259953
0 0.794563129342 0.583074656219 0.0213333333333 0.0386416861827
0 0.666118684897 0.366447021559 0.024 0.0526932084309
0 0.316785351564 0.393379105868 0.0435555555556 0.0480093676815
0 0.43545201823 0.228273719451 0.0302222222222 0.0690866510539
0 0.527896462675 0.238226881043 0.0248888888889 0.0515222482436
0 0.744785351564 0.324292454814 0.0248888888889 0.0480093676815
0 0.824785351564 0.219491518046 0.0248888888889 0.0468384074941
0 0.759007573786 0.299116810786 0.0231111111111 0.03981264637
