0 0.705208333333 0.276388888889 0.0135416666667 0.0342592592593
0 0.694791666667 0.252777777778 0.0145833333333 0.0407407407407
0 0.67578125 0.268981481481 0.0130208333333 0.0361111111111
0 0.62421875 0.568055555556 0.0171875 0.0472222222222
0 0.663802083333 0.487037037037 0.0109375 0.0351851851852
0 0.576041666667 0.60787037037 0.0166666666667 0.0453703703704
0 0.572135416667 0.334722222222 0.0182291666667 0.0472222222222
0 0.52890625 0.262037037037 0.0151041666667 0.0240740740741
0 0.559375 0.593055555556 0.0114583333333 0.0361111111111
0 0.591145833333 0.326851851852 0.0135416666667 0.0203703703704
0 0.553385416667 0.39212962963 0.0161458333333 0.0490740740741
0 0.45546875 0.564351851852 0.0223958333333 0.0472222222222
0 0.499739583333 0.606944444444 0.0171875 0.0342592592593
0 0.411197916667 0.647222222222 0.0171875 0.0462962962963
0 0.457291666667 0.250925925926 0.0260416666667 0.0777777777778
0 0.398177083333 0.214351851852 0.0182291666667 0.037962962963
0 0.315625 0.574537037037 0.025 0.0324074074074
0 0.287760416667 0.609259259259 0.0255208333333 0.0666666666667
0 0.242447916667 0.169444444444 0.0276041666667 0.0814814814815
0 0.17890625 0.775462962963 0.0359375 0.0861111111111
0 0.15234375 0.644907407407 0.0338541666667 0.0916666666667
0 0.1578125 0.353703703704 0.0354166666667 0.0703703703704
0 0.0158854166667 0.739814814815 0.0286458333333 0.112962962963
