0 0.0580708661417 0.475744211687 0.0137795275591 0.03197353914
0 0.0764435695538 0.474090407938 0.0190288713911 0.0463065049614
0 0.0839895013123 0.386438809261 0.0157480314961 0.0429988974642
0 0.104330708661 0.433847850055 0.0170603674541 0.0341786108049
0 0.194225721785 0.442668136714 0.0209973753281 0.0518191841235
0 0.231955380577 0.581036383682 0.0255905511811 0.0507166482911
0 0.162073490814 0.771223814774 0.0236220472441 0.0474090407938
0 0.325131233596 0.742006615215 0.0255905511811 0.0617420066152
0 0.378608923885 0.729327453142 0.0314960629921 0.0760749724366
0 0.332020997375 0.47243660419 0.0341207349081 0.0937155457552
0 0.358267716535 0.492833517089 0.0196850393701 0.0396912899669
0 0.25656167979 0.238147739802 0.0196850393701 0.0352811466373
0 0.345800524934 0.214994487321 0.0223097112861 0.0374862183021
0 0.412401574803 0.195148842337 0.0321522309711 0.090407938258
0 0.514763779528 0.508269018743 0.0321522309711 0.0749724366042
0 0.495734908136 0.641124586549 0.0203412073491 0.0782800441014
0 0.685039370079 0.729327453142 0.0275590551181 0.0893054024256
0 0.504593175853 0.164829106946 0.0262467191601 0.0628445424476
0 0.549212598425 0.209481808159 0.0314960629921 0.0948180815877
0 0.622375328084 0.116868798236 0.0295275590551 0.090407938258
0 0.680446194226 0.10749724366 0.0367454068241 0.111356119074
0 0.801509186352 0.162624035281 0.0400262467192 0.10033076075
