0 0.912061994609 0.56994047619 0.0869272237197 0.189484126984
0 0.441037735849 0.792658730159 0.0411051212938 0.0952380952381
0 0.399595687332 0.706845238095 0.0309973045822 0.0625
0 0.590296495957 0.584325396825 0.0566037735849 0.0555555555556
0 0.299191374663 0.610119047619 0.0256064690027 0.047619047619
0 0.326819407008 0.600198412698 0.0202156334232 0.0238095238095
0 0.323450134771 0.246031746032 0.0296495956873 0.0793650793651
0 0.263814016173 0.224206349206 0.0262803234501 0.0575396825397
0 0.211590296496 0.705853174603 0.0309973045822 0.0367063492063
0 0.10141509434 0.68005952381 0.0289757412399 0.0446428571429
0 0.150943396226 0.447420634921 0.0323450134771 0.0654761904762
0 0.0764824797844 0.417162698413 0.0316711590296 0.0644841269841
