0 0.279446721152 0.848917436357 0.0408052230686 0.0990502035278
0 0.0487611934045 0.874019200265 0.0473340587595 0.0705563093623
0 0.583037580782 0.928971710441 0.0233949945593 0.0854816824966
0 0.646149659128 0.855023270821 0.0233949945593 0.111261872456
0 0.556106133557 0.887587721296 0.0206746463547 0.067842605156
0 0.346367286984 0.445253935678 0.0310119695321 0.0949796472185
0 0.243810159672 0.15895814192 0.0457018498368 0.160108548168
0 0.178793837583 0.110111466208 0.0342763873776 0.0949796472185
0 0.0438645666363 0.0904371107124 0.0375408052231 0.156037991859
0 0.383364022567 0.0666921989078 0.0233949945593 0.067842605156
0 0.576508745091 0.396407259966 0.0233949945593 0.0976933514247
0 0.571340083502 0.228157599179 0.0195865070729 0.0732700135685
0 0.483472836495 0.234263433643 0.0201305767138 0.044776119403
0 0.433962499172 0.927614858338 0.0233949945593 0.0719131614654
0 0.703821041065 0.715945930251 0.0201305767138 0.0854816824966
0 0.663831922458 0.56330006865 0.0206746463547 0.0759837177748
0 0.722863478497 0.701020557117 0.0179542981502 0.0637720488467
0 0.745714403415 0.19355787055 0.0233949945593 0.101763907734
0 0.781622999716 0.213910652096 0.0212187159956 0.0827679782904
0 0.7960408452 0.261400475706 0.0206746463547 0.0746268656716
