0 0.0875 0.641666666667 0.034375 0.0722222222222
0 0.0536458333333 0.397222222222 0.03125 0.0851851851852
0 0.154427083333 0.169444444444 0.0296875 0.0648148148148
0 0.230989583333 0.469444444444 0.0255208333333 0.0611111111111
0 0.33984375 0.181481481481 0.0234375 0.0759259259259
0 0.377604166667 0.209259259259 0.0260416666667 0.0777777777778
0 0.3515625 0.655092592593 0.0260416666667 0.0824074074074
0 0.472135416667 0.158796296296 0.0286458333333 0.0768518518519
0 0.515104166667 0.601851851852 0.0270833333333 0.0611111111111
0 0.573697916667 0.610185185185 0.0276041666667 0.0814814814815
0 0.603125 0.549537037037 0.0260416666667 0.075
0 0.73515625 0.673611111111 0.0234375 0.0694444444444
0 0.699479166667 0.259259259259 0.0260416666667 0.087037037037
0 0.80234375 0.151851851852 0.0307291666667 0.0851851851852
0 0.745833333333 0.0518518518519 0.025 0.0759259259259
0 0.70234375 0.17037037037 0.0203125 0.0574074074074
0 0.60234375 0.0537037037037 0.0203125 0.0666666666667
0 0.585416666667 0.0310185185185 0.025 0.0453703703704
0 0.55 0.357407407407 0.025 0.0444444444444
0 0.277083333333 0.237962962963 0.021875 0.0740740740741
0 0.244270833333 0.182407407407 0.01875 0.0462962962963
0 0.780729166667 0.633333333333 0.021875 0.05
