0 0.336801040312 0.539037433155 0.0156046814044 0.0363636363636
0 0.344603381014 0.563101604278 0.0182054616385 0.0331550802139
0 0.287711313394 0.570053475936 0.0162548764629 0.0342245989305
0 0.250975292588 0.501069518717 0.0182054616385 0.048128342246
0 0.1755526658 0.561497326203 0.0208062418726 0.0363636363636
0 0.143693107932 0.514973262032 0.0221066319896 0.0524064171123
0 0.246423927178 0.352406417112 0.0208062418726 0.0588235294118
0 0.313719115735 0.323529411765 0.020156046814 0.0524064171123
0 0.332899869961 0.309625668449 0.0156046814044 0.0374331550802
0 0.380039011704 0.238502673797 0.01755526658 0.0470588235294
0 0.143368010403 0.209090909091 0.018855656697 0.048128342246
0 0.0490897269181 0.17486631016 0.0266579973992 0.0737967914439
0 0.0715214564369 0.161497326203 0.0299089726918 0.0406417112299
