0 0.311286524283 0.608281809246 0.0252827677977 0.0491803278689
0 0.210820789087 0.500277951965 0.0292747837658 0.0549662487946
0 0.392124847637 0.585138125543 0.0219560878244 0.0491803278689
0 0.496582598801 0.549940439911 0.0179640718563 0.0443587270974
0 0.517873350631 0.58899540616 0.0192947438456 0.0241080038573
0 0.576755586159 0.553315560451 0.0172987358616 0.0395371263259
0 0.64295651763 0.596227807317 0.0153027278776 0.0270009643202
0 0.64794653759 0.616960690634 0.0159680638723 0.0279652844744
0 0.265045672653 0.191695502592 0.0286094477711 0.0568948891032
0 0.587400962074 0.439525782245 0.0172987358616 0.0414657666345
0 0.641958513638 0.423614499699 0.0199600798403 0.0424300867888
0 0.706163437124 0.361898009824 0.0166333998669 0.0327868852459
0 0.601040349965 0.611174769709 0.0153027278776 0.0337512054002
0 0.356529371921 0.386970333836 0.0239520958084 0.0501446480231
0 0.429050995341 0.226893188224 0.0212907518297 0.0559305689489
0 0.457327775115 0.299217199795 0.0192947438456 0.0482160077146
0 0.517540682633 0.326700324193 0.0159680638723 0.0356798457088
0 0.655930569526 0.41493561831 0.0133067198935 0.0289296046287
