0 0.196274298056 0.789224952741 0.0415766738661 0.111531190926
0 0.413876889849 0.655482041588 0.0372570194384 0.108695652174
0 0.336663066955 0.668714555766 0.0286177105832 0.0727788279773
0 0.360151187905 0.711247637051 0.0313174946004 0.0879017013233
0 0.02186825054 0.703686200378 0.0372570194384 0.0822306238185
0 0.0256479481641 0.296313799622 0.0383369330454 0.0765595463138
0 0.103941684665 0.147920604915 0.0404967602592 0.0822306238185
0 0.499460043197 0.350661625709 0.0345572354212 0.0907372400756
0 0.717332613391 0.20652173913 0.0199784017279 0.0425330812854
0 0.3593412527 0.210302457467 0.0296976241901 0.0916824196597
0 0.370680345572 0.0562381852552 0.0286177105832 0.0482041587902
0 0.717602591793 0.0245746691871 0.0356371490281 0.0491493383743
