0 0.65859375 0.630092592593 0.0348958333333 0.0898148148148
0 0.61640625 0.130555555556 0.0286458333333 0.0777777777778
0 0.58828125 0.2 0.0265625 0.0592592592593
0 0.535677083333 0.284259259259 0.0161458333333 0.0425925925926
0 0.520833333333 0.245833333333 0.0166666666667 0.0398148148148
0 0.473697916667 0.258333333333 0.0171875 0.0555555555556
0 0.427083333333 0.588888888889 0.015625 0.05
0 0.425520833333 0.432407407407 0.015625 0.0462962962963
0 0.407552083333 0.485185185185 0.0119791666667 0.0277777777778
0 0.384375 0.5875 0.00833333333333 0.0212962962963
0 0.372916666667 0.39537037037 0.009375 0.0185185185185
0 0.853645833333 0.571759259259 0.0291666666667 0.075
0 0.9265625 0.753703703704 0.0510416666667 0.0981481481481
