0 0.849718750418 0.272743703907 0.0286458333333 0.075
0 0.936177083751 0.44357703724 0.0276041666667 0.062962962963
0 0.945552083751 0.389410370574 0.0255208333333 0.0490740740741
0 0.717427083751 0.16070666687 0.0234375 0.0472222222222
0 0.666125000418 0.216262222425 0.0239583333333 0.0638888888889
0 0.673677083751 0.0903362964995 0.0223958333333 0.0527777777778
0 0.866645833751 0.14820666687 0.01875 0.0277777777778
0 0.690343750418 0.479225185388 0.0276041666667 0.0805555555556
0 0.735135417084 0.662095555759 0.0234375 0.0648148148148
0 0.691906250418 0.613947407611 0.0182291666667 0.0518518518519
0 0.891125000418 0.695891852055 0.028125 0.0601851851852
0 0.596593750418 0.655151111314 0.0265625 0.062037037037
0 0.574197917084 0.4028362965 0.0192708333333 0.0388888888889
0 0.491906250418 0.382928889092 0.0265625 0.0824074074074
0 0.438781250418 0.636632592796 0.0244791666667 0.087962962963
0 0.383833333751 0.654688148351 0.01875 0.0537037037037
0 0.367687500418 0.587095555759 0.0197916666667 0.0611111111111
0 0.374458333751 0.461632592796 0.0239583333333 0.0638888888889
0 0.433052083751 0.16857703724 0.0244791666667 0.0759259259259
0 0.514041667084 0.153762222425 0.0208333333333 0.0592592592593
0 0.343468750418 0.237095555759 0.0203125 0.0722222222222
0 0.321854167084 0.191725185388 0.0229166666667 0.062962962963
0 0.257791667084 0.21857703724 0.025 0.0759259259259
0 0.286958333751 0.638484444648 0.0229166666667 0.0694444444444
0 0.307531250418 0.495428889092 0.0192708333333 0.0388888888889
0 0.145552083751 0.187558518722 0.0244791666667 0.0842592592593
0 0.0551875004178 0.0750585187218 0.0229166666667 0.0462962962963
0 0.0419062504178 0.0958918520551 0.0213541666667 0.062037037037
0 0.0768020837511 0.598669629833 0.0276041666667 0.0694444444444
0 0.0286250004178 0.587558518722 0.0302083333333 0.0712962962963
0 0.984354167084 0.142188148351 0.025 0.0694444444444
