0 0.122916666667 0.883796296296 0.05625 0.134259259259
0 0.0927083333333 0.261574074074 0.0458333333333 0.123148148148
0 0.339583333333 0.485185185185 0.0302083333333 0.0944444444444
0 0.358072916667 0.665277777778 0.0255208333333 0.0694444444444
0 0.22578125 0.0513888888889 0.0296875 0.0712962962963
0 0.295833333333 0.1625 0.0291666666667 0.0731481481481
0 0.0216145833333 0.0680555555556 0.0380208333333 0.126851851852
0 0.40078125 0.186111111111 0.0213541666667 0.05
0 0.45078125 0.401851851852 0.0213541666667 0.0574074074074
0 0.47421875 0.606944444444 0.0234375 0.0657407407407
0 0.540364583333 0.363888888889 0.0109375 0.0296296296296
