0 0.950260416667 0.607407407407 0.0484375 0.118518518519
0 0.923958333333 0.0921296296296 0.0510416666667 0.128703703704
0 0.839583333333 0.0916666666667 0.0322916666667 0.0648148148148
0 0.6890625 0.150462962963 0.028125 0.0842592592593
0 0.505729166667 0.0898148148148 0.03125 0.087037037037
0 0.46640625 0.192592592593 0.0234375 0.0833333333333
0 0.5578125 0.375925925926 0.0302083333333 0.0537037037037
0 0.696354166667 0.625925925926 0.0270833333333 0.0759259259259
0 0.724739583333 0.595833333333 0.0276041666667 0.0435185185185
0 0.569791666667 0.759722222222 0.0302083333333 0.0842592592593
0 0.4921875 0.679166666667 0.0260416666667 0.0824074074074
0 0.379947916667 0.570833333333 0.0223958333333 0.0768518518519
0 0.324739583333 0.636574074074 0.0255208333333 0.0472222222222
0 0.39609375 0.201851851852 0.0203125 0.0592592592593
0 0.439322916667 0.153703703704 0.0223958333333 0.0518518518519
0 0.26875 0.33287037037 0.0270833333333 0.0768518518519
0 0.1890625 0.268518518519 0.03125 0.0740740740741
0 0.273697916667 0.541203703704 0.0234375 0.0657407407407
0 0.229427083333 0.627314814815 0.0234375 0.0416666666667
0 0.15625 0.586111111111 0.0229166666667 0.0555555555556
0 0.149479166667 0.621759259259 0.021875 0.0416666666667
0 0.108333333333 0.113425925926 0.0291666666667 0.0638888888889
