0 0.362054330787 0.560037265118 0.0104166666667 0.0314814814815
0 0.392783497454 0.398463191044 0.009375 0.025
0 0.369866830787 0.410500228081 0.009375 0.025
0 0.369866830787 0.385963191044 0.0104166666667 0.0240740740741
0 0.286012664121 0.597537265118 0.0114583333333 0.0287037037037
0 0.343043914121 0.3915187466 0.0109375 0.0240740740741
0 0.422991830787 0.449852079933 0.00625 0.0203703703704
0 0.377939747454 0.462352079933 0.00885416666667 0.0212962962963
0 0.231585580787 0.632722450303 0.0130208333333 0.0287037037037
0 0.168825164121 0.564666894748 0.0125 0.0277777777778
0 0.140179330787 0.584574302155 0.0114583333333 0.0287037037037
0 0.154502247454 0.615592820674 0.00989583333333 0.0259259259259
0 0.161793914121 0.598000228081 0.0109375 0.0277777777778
0 0.103720997454 0.591981709563 0.0125 0.0305555555556
0 0.122210580787 0.45725948734 0.0130208333333 0.0333333333333
0 0.213356414121 0.448463191044 0.00989583333333 0.0231481481481
