0 0.492689122853 0.451381661619 0.0132995566814 0.0242522231205
0 0.48983921785 0.469975032678 0.0151994933502 0.0226354082458
0 0.540504195684 0.454615291368 0.0139328689044 0.0226354082458
0 0.560453530706 0.394793141004 0.0158328055731 0.0323362974939
0 0.636767653569 0.408940271158 0.0177327422419 0.0234438156831
0 0.65640033248 0.366498880697 0.0189993666878 0.0339531123686
0 0.539870883461 0.292933803898 0.0177327422419 0.0388035569927
0 0.476223005057 0.297380044804 0.017099430019 0.034761519806
0 0.45722363837 0.294954822492 0.0132995566814 0.0250606305578
0 0.404658723867 0.263426932435 0.0145661811273 0.0315278900566
0 0.605102042423 0.159950780454 0.0164661177961 0.0315278900566
0 0.681732821397 0.103766463559 0.0227992400253 0.0485044462409
0 0.659883549706 0.102553852403 0.02596580114 0.0266774454325
