0 0.0854027861902 0.578828828829 0.0872198667474 0.193693693694
0 0.559963658389 0.796846846847 0.0417928528165 0.0963963963964
0 0.600847970927 0.708558558559 0.0314960629921 0.0621621621622
0 0.408540278619 0.586936936937 0.0563294972744 0.0567567567568
0 0.701393095094 0.608108108108 0.0254391278013 0.0486486486486
0 0.673531193216 0.598648648649 0.0205935796487 0.0243243243243
0 0.673834039976 0.239189189189 0.0296789824349 0.0801801801802
0 0.733494851605 0.215765765766 0.0266505148395 0.0585585585586
0 0.789824348879 0.703603603604 0.0314960629921 0.0378378378378
0 0.900060569352 0.675675675676 0.0290732889158 0.045045045045
0 0.84887946699 0.440540540541 0.0333131435494 0.0666666666667
0 0.923379769836 0.408108108108 0.0321017565112 0.0648648648649
