0 0.0508253692441 0.792141951838 0.0321459600348 0.0760456273764
0 0.0886185925282 0.745247148289 0.0347523892268 0.0735107731305
0 0.155951346655 0.80164765526 0.0269331016507 0.0595690747782
0 0.229365768897 0.690114068441 0.0278019113814 0.0773130544994
0 0.27932232841 0.725602027883 0.0269331016507 0.0722433460076
0 0.417897480452 0.790240811153 0.0330147697654 0.0443599493029
0 0.293657688966 0.436628643853 0.0364900086881 0.0823827629911
0 0.178540399652 0.3536121673 0.0338835794961 0.0887198986058
0 0.108601216334 0.380861850444 0.0312771503041 0.0798479087452
0 0.0377932232841 0.334600760456 0.0286707211121 0.0709759188847
0 0.0278019113814 0.160329531052 0.0347523892268 0.0950570342205
0 0.0608166811468 0.178073510773 0.0295395308427 0.0697084917617
0 0.100347523892 0.164765525982 0.0304083405734 0.0557667934094
0 0.398783666377 0.292141951838 0.0278019113814 0.0747782002535
0 0.561251086012 0.25855513308 0.0278019113814 0.063371356147
0 0.539965247611 0.297845373891 0.0286707211121 0.0861850443599
0 0.589487402259 0.828263624842 0.0356211989574 0.084917617237
0 0.777584708949 0.892902408112 0.0434404865334 0.0899873257288
0 0.731972198089 0.768060836502 0.0425716768028 0.0861850443599
0 0.75325803649 0.503802281369 0.0399652476108 0.0671736375158
0 0.645091225022 0.204055766793 0.0425716768028 0.0912547528517
0 0.9022589053 0.752217997465 0.0408340573414 0.0671736375158
0 0.952649869679 0.721799746515 0.0373588184188 0.0443599493029
0 0.811468288445 0.283903675539 0.0330147697654 0.0811153358682
0 0.338835794961 0.717997465146 0.0278019113814 0.0544993662864
