0 0.449866903283 0.623661148978 0.039041703638 0.0613437195716
0 0.649511978705 0.312560856865 0.0319432120674 0.0525803310613
0 0.658828748891 0.375851996105 0.0292812777285 0.0408958130477
0 0.689884649512 0.464459591042 0.0186335403727 0.0292112950341
0 0.718278615794 0.447419668939 0.0186335403727 0.0282375851996
0 0.765749778172 0.484420642648 0.019520851819 0.0379746835443
0 0.715173025732 0.735150925024 0.0177462289264 0.0350535540409
0 0.764862466726 0.630477117819 0.0177462289264 0.0321324245375
0 0.768411712511 0.676728334956 0.0141969831411 0.0194741966894
0 0.762200532387 0.759493670886 0.0106477373558 0.0155793573515
0 0.833629103815 0.636806231743 0.0115350488021 0.0136319376826
0 0.255102040816 0.467380720545 0.0328305235138 0.0506329113924
0 0.118899733807 0.54576436222 0.0567879325643 0.0671859785784
