0 0.946875 0.174074074074 0.0291666666667 0.0703703703704
0 0.921614583333 0.252777777778 0.0255208333333 0.0648148148148
0 0.944010416667 0.639351851852 0.0265625 0.0657407407407
0 0.9890625 0.697222222222 0.0177083333333 0.062962962963
0 0.84765625 0.550462962963 0.0182291666667 0.0509259259259
0 0.714322916667 0.356481481481 0.0171875 0.0462962962963
0 0.763802083333 0.389351851852 0.0171875 0.0527777777778
0 0.825 0.551388888889 0.0166666666667 0.0398148148148
0 0.76875 0.525462962963 0.0166666666667 0.0472222222222
0 0.739583333333 0.579166666667 0.0166666666667 0.0342592592593
0 0.79921875 0.6 0.0182291666667 0.0481481481481
0 0.695833333333 0.553703703704 0.0135416666667 0.0351851851852
0 0.69140625 0.575925925926 0.0119791666667 0.0240740740741
0 0.6703125 0.278703703704 0.0145833333333 0.0314814814815
