0 0.820273631841 0.451038575668 0.0161691542289 0.0435212660732
0 0.915422885572 0.52274975272 0.0136815920398 0.0365974282888
0 0.952114427861 0.481701285856 0.0186567164179 0.0415430267062
0 0.78513681592 0.327893175074 0.0130597014925 0.028684470821
0 0.720460199005 0.315529179031 0.0105721393035 0.0237388724036
0 0.761194029851 0.32393669634 0.0124378109453 0.0187932739862
0 0.807835820896 0.242828882295 0.0174129353234 0.0385756676558
0 0.761815920398 0.238377843719 0.0161691542289 0.0316518298714
0 0.846082089552 0.207715133531 0.0167910447761 0.0276953511375
0 0.874689054726 0.225024727992 0.0167910447761 0.0365974282888
