0 0.519548308178 0.472938947668 0.0139072847682 0.0339943342776
0 0.521535063145 0.515904009046 0.012582781457 0.0311614730878
0 0.458290030032 0.473411091199 0.0119205298013 0.0311614730878
0 0.671535063145 0.604666992993 0.00927152317881 0.0179414542021
0 0.602992016787 0.629218456638 0.0112582781457 0.0236071765817
0 0.612594665794 0.623552734259 0.0105960264901 0.0254957507082
0 0.690740361158 0.605611280057 0.00529801324503 0.0122757318225
0 0.629482083012 0.489936114806 0.00860927152318 0.0188857412653
0 0.547031751886 0.44177747458 0.0105960264901 0.0226628895184
0 0.498687381025 0.430918173352 0.0132450331126 0.0254957507082
0 0.606634400893 0.510238286667 0.00794701986755 0.014164305949
0 0.607296652549 0.492296832465 0.00927152317881 0.0160528800755
0 0.581468837979 0.481909674769 0.00927152317881 0.0198300283286
0 0.66160128831 0.547065482134 0.00794701986755 0.0179414542021
0 0.683786718774 0.51401543492 0.0046357615894 0.0122757318225
