0 0.579662611339 0.655699957765 0.0387710314557 0.0985915492958
0 0.516385361888 0.12176909989 0.0321872713972 0.0857874519846
0 0.487855734968 0.199874093488 0.0292611558157 0.0653008962868
0 0.433356832261 0.295904823322 0.0182882223848 0.0473751600512
0 0.415434374324 0.256212121657 0.0190197512802 0.044814340589
0 0.364227351646 0.274778062758 0.0190197512802 0.0614596670935
0 0.324724791295 0.636493811798 0.0175566934894 0.0550576184379
0 0.317409502341 0.468119932157 0.0175566934894 0.0512163892446
0 0.299487044404 0.527018779788 0.0138990490124 0.0307298335467
0 0.27790694199 0.639694836126 0.0102414045355 0.0230473751601
0 0.258521426262 0.433548869416 0.0109729334309 0.0204865556978
0 0.791440226555 0.571833120377 0.0321872713972 0.0819462227913
0 0.877760636211 0.760053350851 0.0570592538405 0.107554417414
