0 0.540563420236 0.86353757151 0.0981087470449 0.115900383142
0 0.741509046714 0.692081632813 0.0555555555556 0.0641762452107
0 0.759830559716 0.523499257334 0.0567375886525 0.0756704980843
0 0.732643798487 0.480874736261 0.0496453900709 0.0498084291188
0 0.256875476974 0.107790445073 0.11938534279 0.100574712644
0 0.538199354043 0.109706153885 0.0626477541371 0.0545977011494
0 0.652265547896 0.224648682621 0.0543735224586 0.0680076628352
0 0.0907998268557 0.402330674958 0.13475177305 0.107279693487
0 0.830752545532 0.284514583004 0.0378250591017 0.044061302682
0 0.89694639896 0.449744468062 0.0449172576832 0.0507662835249
0 0.932998408416 0.639878567678 0.0366430260047 0.0536398467433
