0 0.615639810427 0.169409486931 0.0218009478673 0.0387221684414
0 0.66018957346 0.217328170378 0.0274881516588 0.0416263310745
0 0.629383886256 0.290900290416 0.0227488151659 0.0338818973863
0 0.487203791469 0.240561471442 0.0208530805687 0.0319457889642
0 0.468246445498 0.240077444337 0.0189573459716 0.0251694094869
0 0.745971563981 0.478702807357 0.0208530805687 0.0300096805421
0 0.778199052133 0.495159728945 0.0189573459716 0.0319457889642
0 0.576777251185 0.552758954501 0.0255924170616 0.0425943852856
0 0.400947867299 0.357696030978 0.024644549763 0.0358180058083
0 0.331753554502 0.407550822846 0.0189573459716 0.0329138431752
0 0.352606635071 0.405614714424 0.0208530805687 0.0309777347531
0 0.44691943128 0.624878993224 0.0293838862559 0.0242013552759
0 0.29336492891 0.60793804453 0.0236966824645 0.0348499515973
0 0.226066350711 0.530493707648 0.018009478673 0.0154888673766
0 0.241232227488 0.45788964182 0.0199052132701 0.0251694094869
0 0.278199052133 0.469990319458 0.0218009478673 0.0338818973863
0 0.16018957346 0.496127783156 0.0265402843602 0.0358180058083
0 0.209952606635 0.754598257502 0.018009478673 0.0358180058083
