0 0.88642093028 0.89650302922 0.0899705014749 0.142590866729
0 0.536125945029 0.669569198838 0.0368731563422 0.0708294501398
0 0.563043349159 0.485971808344 0.0405604719764 0.0913327120224
0 0.92513774444 0.258571994737 0.0685840707965 0.123019571295
0 0.626096446504 0.156987651773 0.0412979351032 0.0782851817335
0 0.728603821136 0.0446856946438 0.0442477876106 0.071761416589
0 0.712379632345 0.293054753358 0.0339233038348 0.0540540540541
0 0.571892906681 0.429121854942 0.0361356932153 0.0354147250699
0 0.403013850634 0.403958760813 0.0302359882006 0.0521901211556
0 0.367246888982 0.610389329313 0.0280235988201 0.0643056849953
0 0.623146593997 0.650929869854 0.0294985250737 0.0372786579683
0 0.640845709041 0.601535648045 0.0309734513274 0.0577819198509
0 0.468648068923 0.187276561373 0.0169616519174 0.0419384902144
0 0.481553673643 0.178422880105 0.0176991150442 0.0354147250699
