0 0.376181968461 0.509702425819 0.0131319763624 0.0235626767201
0 0.424770281002 0.498863594528 0.0157583716349 0.0377002827521
0 0.48123777936 0.451266987554 0.0144451739987 0.0273327049953
0 0.451362533136 0.449381973416 0.0137885751806 0.0235626767201
0 0.444139946136 0.423934282558 0.0151017728168 0.0273327049953
0 0.472373695315 0.626573302351 0.0164149704531 0.0367577756833
0 0.594172776077 0.713755206215 0.0183847669074 0.0377002827521
0 0.5370486789 0.569080371154 0.0170715692712 0.0348727615457
0 0.522931804311 0.540333905556 0.0164149704531 0.0320452403393
0 0.57578800917 0.442784423934 0.0196979645437 0.048067860509
0 0.699885185795 0.669457373982 0.0210111621799 0.0490103675778
0 0.734028324337 0.629872077092 0.0210111621799 0.0377002827521
0 0.733700024928 0.527610060127 0.026920551543 0.0593779453346
0 0.665085448434 0.312247194905 0.0196979645437 0.0263901979265
0 0.701198383431 0.232134094057 0.0196979645437 0.0414703110273
0 0.721224647384 0.321201012059 0.0242941562705 0.0499528746466
0 0.850574614554 0.638354640711 0.0282337491793 0.0546654099906
0 0.891283741277 0.168514866913 0.0347997373605 0.0612629594722
