0 0.319097222222 0.378623188406 0.0159722222222 0.0471014492754
0 0.414930555556 0.209541062802 0.0104166666667 0.0277777777778
0 0.367013888889 0.131038647343 0.0159722222222 0.0398550724638
0 0.327777777778 0.146739130435 0.0152777777778 0.0374396135266
0 0.329166666667 0.107487922705 0.0166666666667 0.0410628019324
0 0.285416666667 0.114130434783 0.0194444444444 0.0326086956522
0 0.194791666667 0.43538647343 0.01875 0.0446859903382
0 0.108680555556 0.492753623188 0.0215277777778 0.048309178744
0 0.218055555556 0.485507246377 0.0166666666667 0.0386473429952
0 0.00972222222222 0.388285024155 0.0166666666667 0.042270531401
