0 0.0987857992872 0.469311146632 0.0326167531505 0.0477502295684
0 0.130661262593 0.291625196219 0.0296515937732 0.0560146923783
0 0.283366970525 0.201634378955 0.0281690140845 0.0431588613407
0 0.277066006848 0.439926389974 0.0244625648629 0.040404040404
0 0.452381055032 0.315500311003 0.0222386953299 0.0505050505051
0 0.480550069117 0.354986077761 0.0252038547072 0.0505050505051
0 0.340816933461 0.628631624134 0.0244625648629 0.0541781450872
0 0.580994843023 0.376106371609 0.0274277242402 0.0505050505051
0 0.50686585859 0.687860274272 0.0259451445515 0.040404040404
0 0.558756147693 0.726427767385 0.0259451445515 0.0532598714417
0 0.601750958664 0.703470926246 0.0244625648629 0.0495867768595
0 0.692558964595 0.859577445989 0.0222386953299 0.0459136822773
0 0.766687949028 0.570780384465 0.0252038547072 0.0578512396694
0 0.889742063186 0.559761100718 0.0296515937732 0.0560146923783
0 0.863055628791 0.462883231113 0.0237212750185 0.0495867768595
0 0.792262448657 0.514765692086 0.0200148257969 0.0376492194674
0 0.729623456811 0.382075150305 0.0192735359526 0.0440771349862
0 0.719616043913 0.357740898698 0.0244625648629 0.030303030303
0 0.602121603587 0.549200953794 0.0237212750185 0.0293847566575
0 0.379734650288 0.316418584648 0.0207561156412 0.048668503214
0 0.363426273713 0.261781302738 0.0177909562639 0.0312213039486
0 0.745190543542 0.859577445989 0.0207561156412 0.0330578512397
