0 0.384526558891 0.665594855305 0.0230946882217 0.109324758842
0 0.316397228637 0.104501607717 0.0207852193995 0.0868167202572
0 0.367205542725 0.146302250804 0.0207852193995 0.0868167202572
0 0.367205542725 0.0610932475884 0.0230946882217 0.0836012861736
0 0.55311778291 0.795819935691 0.0254041570439 0.0996784565916
0 0.426674364896 0.08038585209 0.0242494226328 0.0836012861736
0 0.249422632794 0.282958199357 0.013856812933 0.0707395498392
0 0.349307159353 0.326366559486 0.0196304849885 0.0739549839228
0 0.673787528868 0.918006430868 0.0288683602771 0.0996784565916
0 0.812933025404 0.681672025723 0.0277136258661 0.096463022508
0 0.876443418014 0.750803858521 0.0254041570439 0.0996784565916
0 0.844688221709 0.858520900322 0.0219399538106 0.0900321543408
0 0.828521939954 0.797427652733 0.0242494226328 0.096463022508
0 0.95727482679 0.77652733119 0.0277136258661 0.106109324759
0 0.916281755196 0.308681672026 0.0288683602771 0.11575562701
0 0.714203233256 0.278135048232 0.0219399538106 0.08038585209
