0 0.965687881756 0.767254650111 0.0283687943262 0.0859950859951
0 0.93350021127 0.731013863871 0.0283687943262 0.0601965601966
0 0.954504030146 0.125977008834 0.025641025641 0.0565110565111
0 0.681454384756 0.668360301217 0.0272776868522 0.0872235872236
0 0.662632780828 0.237156370013 0.025641025641 0.0872235872236
0 0.620625143076 0.224257107114 0.0180032733224 0.04914004914
0 0.535518760097 0.228556861414 0.0223677032188 0.0798525798526
0 0.444684062879 0.81762320048 0.0229132569558 0.0835380835381
0 0.533609322017 0.680645313502 0.0185488270595 0.0552825552826
0 0.552703702814 0.651161284018 0.0185488270595 0.0356265356265
0 0.39285645786 0.156075288932 0.0229132569558 0.0921375921376
0 0.359577679901 0.246984379841 0.0207310420076 0.0847665847666
0 0.381945383119 0.752512635369 0.0196399345336 0.0786240786241
0 0.281290718635 0.64563302849 0.0212765957447 0.0884520884521
0 0.240919742094 0.714429097286 0.0201854882706 0.041769041769
0 0.180636054151 0.613691996549 0.0240043644299 0.0810810810811
0 0.135082317107 0.710129342986 0.0212765957447 0.0601965601966
0 0.184182153441 0.385190768048 0.0234588106929 0.0786240786241
0 0.296839000141 0.245755878613 0.0196399345336 0.0626535626536
0 0.432954657533 0.449687082544 0.0212765957447 0.0626535626536
0 0.0679792074511 0.669588802446 0.0234588106929 0.0626535626536
0 0.0576136864473 0.715657598514 0.0223677032188 0.04914004914
0 0.104531307833 0.301038433895 0.0289143480633 0.0970515970516
0 0.0213343629339 0.122291505148 0.0261865793781 0.0859950859951
