0 0.790959824659 0.47898477537 0.0205278592375 0.0429234338747
0 0.780207136487 0.552650668642 0.0263929618768 0.046403712297
0 0.705915836389 0.573532339175 0.0224828934506 0.0371229698376
0 0.662416325148 0.408219114117 0.019550342131 0.0359628770302
0 0.652152395529 0.390237675602 0.0185728250244 0.0278422273782
0 0.630158260632 0.807291039871 0.019550342131 0.0336426914153
0 0.636512121824 0.847894288131 0.0185728250244 0.0359628770302
0 0.47619931635 0.700562501588 0.0244379276637 0.0475638051044
0 0.523120137465 0.40705902131 0.0244379276637 0.0406032482599
0 0.444918768941 0.376316561913 0.0185728250244 0.0371229698376
0 0.458604008432 0.394298000428 0.0205278592375 0.0336426914153
0 0.345700782626 0.629216793932 0.0293255131965 0.0278422273782
0 0.270431965422 0.474924450544 0.0234604105572 0.0394431554524
0 0.290471066106 0.360655309013 0.0166177908113 0.0174013921114
0 0.354498436585 0.327012617598 0.019550342131 0.0290023201856
0 0.366717400417 0.368775958665 0.0224828934506 0.038283062645
0 0.278740860827 0.277128626878 0.0263929618768 0.0406032482599
0 0.110119159948 0.496386167482 0.0175953079179 0.0406032482599
