0 0.665885416667 0.565277777778 0.0161458333333 0.0398148148148
0 0.656770833333 0.590740740741 0.0177083333333 0.037037037037
0 0.715364583333 0.605555555556 0.0161458333333 0.037037037037
0 0.755989583333 0.533333333333 0.0182291666667 0.0537037037037
0 0.831770833333 0.610185185185 0.0208333333333 0.0388888888889
0 0.86640625 0.562037037037 0.0223958333333 0.0574074074074
0 0.7671875 0.367592592593 0.0208333333333 0.0648148148148
0 0.698697916667 0.326851851852 0.0203125 0.0574074074074
0 0.6796875 0.309259259259 0.015625 0.0407407407407
0 0.634114583333 0.224074074074 0.0171875 0.0518518518519
0 0.879947916667 0.219907407407 0.0192708333333 0.0527777777778
0 0.979166666667 0.193981481481 0.0270833333333 0.0824074074074
0 0.956510416667 0.175925925926 0.0307291666667 0.0444444444444
