0 0.56796875 0.124537037037 0.0213541666667 0.062037037037
0 0.598958333333 0.300462962963 0.01875 0.0712962962963
0 0.701822916667 0.297222222222 0.0203125 0.0648148148148
0 0.727864583333 0.368518518519 0.0213541666667 0.0555555555556
0 0.645833333333 0.585185185185 0.0208333333333 0.0611111111111
0 0.612239583333 0.628703703704 0.0223958333333 0.0666666666667
0 0.579166666667 0.652314814815 0.0197916666667 0.0694444444444
0 0.71640625 0.549074074074 0.0171875 0.0425925925926
0 0.786197916667 0.60462962963 0.0203125 0.0388888888889
0 0.822395833333 0.253703703704 0.0177083333333 0.0407407407407
0 0.804947916667 0.27962962963 0.0171875 0.037037037037
0 0.626302083333 0.127777777778 0.0161458333333 0.0407407407407
0 0.640885416667 0.111111111111 0.0223958333333 0.0703703703704
0 0.645052083333 0.171759259259 0.0140625 0.0324074074074
0 0.872395833333 0.63287037037 0.01875 0.0416666666667
0 0.838020833333 0.574074074074 0.0197916666667 0.0462962962963
0 0.8640625 0.430092592593 0.0177083333333 0.0342592592593
0 0.896614583333 0.541666666667 0.0130208333333 0.0222222222222
0 0.91796875 0.586574074074 0.0140625 0.0305555555556
0 0.936197916667 0.337962962963 0.0151041666667 0.0222222222222
0 0.978645833333 0.358333333333 0.0197916666667 0.0351851851852
0 0.803385416667 0.327777777778 0.0151041666667 0.0407407407407
