0 0.0863813229572 0.468 0.0311284046693 0.054
0 0.128793774319 0.515 0.0272373540856 0.05
0 0.184824902724 0.8175 0.0287937743191 0.051
0 0.149805447471 0.8825 0.0194552529183 0.049
0 0.267315175097 0.7055 0.0194552529183 0.039
0 0.366536964981 0.4965 0.0186770428016 0.035
0 0.32140077821 0.5445 0.0186770428016 0.041
0 0.291050583658 0.6955 0.0186770428016 0.031
0 0.344357976654 0.6495 0.0178988326848 0.037
0 0.38560311284 0.6765 0.0178988326848 0.027
0 0.328015564202 0.72 0.0194552529183 0.038
0 0.426070038911 0.6365 0.0147859922179 0.027
0 0.435408560311 0.6515 0.0132295719844 0.019
0 0.396498054475 0.4175 0.0163424124514 0.025
