0 0.53024911032 0.287002253944 0.0142348754448 0.0315552216379
0 0.526690391459 0.339594290008 0.017793594306 0.0345604808415
0 0.478647686833 0.359504132231 0.0154211150652 0.0277986476334
0 0.442170818505 0.246055597295 0.0136417556346 0.0262960180316
0 0.434460260973 0.234034560481 0.0124555160142 0.0202854996243
0 0.439205219454 0.529301277235 0.0136417556346 0.0247933884298
0 0.445136417556 0.557475582269 0.0124555160142 0.0270473328325
0 0.332740213523 0.464312546957 0.0166073546856 0.0345604808415
0 0.350533807829 0.254320060105 0.0166073546856 0.0293012772352
0 0.297449584816 0.238542449286 0.0124555160142 0.0262960180316
0 0.307236061684 0.2498121713 0.0142348754448 0.0247933884298
0 0.243475682088 0.422990232908 0.0195729537367 0.0195341848234
0 0.186536180308 0.320060105184 0.0160142348754 0.0285499624343
0 0.194543297746 0.237791134485 0.011862396204 0.0127723516153
0 0.23546856465 0.209616829452 0.0130486358244 0.0210368144252
0 0.245255041518 0.238542449286 0.014827995255 0.0277986476334
0 0.183274021352 0.179939894816 0.017793594306 0.0293012772352
0 0.0818505338078 0.345604808415 0.0106761565836 0.0300525920361
