0 0.912239583333 0.680092592593 0.0348958333333 0.075
0 0.876041666667 0.646759259259 0.028125 0.0583333333333
0 0.738802083333 0.655555555556 0.0265625 0.0574074074074
0 0.60859375 0.597222222222 0.0348958333333 0.0740740740741
0 0.854947916667 0.327314814815 0.0296875 0.0861111111111
0 0.902864583333 0.244444444444 0.0359375 0.0777777777778
0 0.586197916667 0.139814814815 0.0338541666667 0.105555555556
0 0.529166666667 0.130092592593 0.025 0.0527777777778
0 0.651302083333 0.314351851852 0.0317708333333 0.0731481481481
0 0.681510416667 0.0453703703704 0.0213541666667 0.0481481481481
0 0.796354166667 0.136574074074 0.0270833333333 0.0416666666667
0 0.27890625 0.779166666667 0.0369791666667 0.0953703703704
0 0.199479166667 0.693518518519 0.03125 0.101851851852
0 0.0549479166667 0.587962962963 0.0442708333333 0.0925925925926
0 0.4125 0.616203703704 0.0260416666667 0.0694444444444
0 0.4375 0.591203703704 0.0239583333333 0.0453703703704
0 0.263802083333 0.358796296296 0.0328125 0.0731481481481
0 0.16875 0.139351851852 0.0354166666667 0.0953703703704
0 0.12578125 0.0898148148148 0.0401041666667 0.062962962963
0 0.210416666667 0.0449074074074 0.0416666666667 0.0805555555556
0 0.418489583333 0.155092592593 0.0255208333333 0.0842592592593
0 0.29296875 0.174537037037 0.0265625 0.062037037037
