0 0.317570643631 0.843009328679 0.0353925353925 0.0784789644013
0 0.364224440285 0.777879878841 0.037323037323 0.0533980582524
0 0.52509960116 0.618090234828 0.024453024453 0.0380258899676
0 0.613259189319 0.557815153922 0.01287001287 0.0242718446602
0 0.548265624326 0.608381496964 0.018018018018 0.0299352750809
0 0.442088018148 0.659756901495 0.019305019305 0.037216828479
0 0.498072574133 0.426342662013 0.016731016731 0.0412621359223
0 0.543117619178 0.374562726738 0.016731016731 0.0347896440129
0 0.487133063193 0.334109652304 0.016731016731 0.0331715210356
0 0.426000502061 0.311455930621 0.019305019305 0.0412621359223
0 0.365511441572 0.349481820589 0.02574002574 0.0477346278317
0 0.223941300002 0.402070817353 0.037323037323 0.0477346278317
