0 0.102607790846 0.598147096914 0.0462850182704 0.0748355263158
0 0.165336170871 0.248229333756 0.0511571254568 0.0855263157895
0 0.357479898033 0.172571439019 0.0298416565164 0.0674342105263
0 0.482327644683 0.574298412703 0.0298416565164 0.0518092105263
0 0.279526183051 0.523722754809 0.0274056029233 0.0625
0 0.313630933356 0.508097754809 0.0274056029233 0.0345394736842
0 0.482632151382 0.216156965335 0.0255785627284 0.0427631578947
0 0.538661384026 0.25110762323 0.0341047503045 0.0797697368421
0 0.548101091699 0.398311570598 0.0249695493301 0.0518092105263
0 0.684824599616 0.707933281124 0.0255785627284 0.0427631578947
0 0.663204623977 0.67298262323 0.0213154689403 0.0370065789474
0 0.762778314598 0.700943149546 0.0280146163216 0.0518092105263
0 0.56576248025 0.652012228493 0.0225334957369 0.0361842105263
0 0.737808765268 0.437374070598 0.0243605359318 0.0559210526316
0 0.577029228118 0.320186570598 0.0219244823386 0.0419407894737
0 0.607784404732 0.230548412703 0.0213154689403 0.0370065789474
0 0.696091347485 0.47808130744 0.0225334957369 0.0518092105263
0 0.22288793701 0.107604333756 0.0334957369062 0.0559210526316
0 0.683302066121 0.341568149546 0.0213154689403 0.0254934210526
0 0.936347133112 0.392966175861 0.0255785627284 0.0427631578947
0 0.925689398642 0.428739202177 0.016443361754 0.0337171052632
0 0.852607790846 0.64954512323 0.0213154689403 0.0460526315789
0 0.813935440055 0.648311570598 0.0231425091352 0.0419407894737
