0 0.780424954128 0.172854714206 0.0147161878066 0.0328054298643
0 0.768161464289 0.153058334116 0.0154169586545 0.0384615384615
0 0.749941422242 0.171157881627 0.0140154169587 0.0339366515837
0 0.715603650694 0.45622575493 0.0182200420463 0.0452488687783
0 0.750992578514 0.37421218027 0.0119131044149 0.0328054298643
0 0.66935277473 0.501474623709 0.0182200420463 0.0429864253394
0 0.648680034716 0.249777791129 0.0189208128942 0.0441176470588
0 0.600326846209 0.190388650858 0.0161177295025 0.0226244343891
0 0.651483118108 0.490162406514 0.0119131044149 0.0339366515837
0 0.66760084761 0.239031184795 0.0147161878066 0.0203619909502
0 0.632912690638 0.306338877102 0.0168185003504 0.0463800904977
0 0.544265178374 0.482243854478 0.0231254379818 0.0452488687783
0 0.59156721061 0.513352451763 0.0182200420463 0.0328054298643
0 0.504321240042 0.566519872577 0.0175192711983 0.0441176470588
0 0.526745907176 0.192651094297 0.0273300630694 0.0723981900452
0 0.464727687134 0.169461049048 0.0196215837421 0.0350678733032
0 0.402709467092 0.516180506062 0.0259285213735 0.0316742081448
0 0.376430560294 0.552945211944 0.0266292922214 0.0622171945701
0 0.303900777533 0.155320777555 0.0287316047652 0.0769230769231
0 0.27622032904 0.725456524161 0.0378416257884 0.0814479638009
0 0.241181786643 0.610071908777 0.0350385423966 0.0859728506787
0 0.228918296805 0.340275528686 0.0371408549404 0.066742081448
0 0.10838571096 0.721497248143 0.0301331464611 0.10520361991
