0 0.823156409543 0.774159303098 0.0291666666667 0.0445283018868
0 0.799942123829 0.739819680456 0.0232142857143 0.0347169811321
0 0.686549266686 0.687366850268 0.022619047619 0.0339622641509
0 0.591608790496 0.598687604985 0.0291666666667 0.0437735849057
0 0.842204028591 0.545480057815 0.0244047619048 0.0505660377358
0 0.896668314305 0.517555529513 0.0297619047619 0.0460377358491
0 0.658275457162 0.323970623853 0.0279761904762 0.0618867924528
0 0.61363260002 0.294536661589 0.0208333333333 0.0316981132075
0 0.678811171448 0.452649869136 0.0261904761905 0.0430188679245
0 0.753215933353 0.30887628423 0.0178571428571 0.028679245283
0 0.830001647639 0.410385718192 0.022619047619 0.0249056603774
0 0.289227838115 0.566234774796 0.0303571428571 0.0558490566038
0 0.240715933353 0.483215906872 0.0261904761905 0.0603773584906
0 0.142501647639 0.361706472909 0.0369047619048 0.0543396226415
0 0.428513552401 0.527744208758 0.0220238095238 0.0407547169811
0 0.453215933353 0.523593265362 0.0202380952381 0.0264150943396
0 0.355001647639 0.316046095551 0.027380952381 0.0430188679245
0 0.318692123829 0.14887628423 0.0297619047619 0.0558490566038
0 0.292799266686 0.1020838314 0.0327380952381 0.0377358490566
0 0.36988260002 0.111517793664 0.0345238095238 0.0475471698113
0 0.518692123829 0.26246118989 0.0214285714286 0.0490566037736
0 0.413037361924 0.220951755928 0.0220238095238 0.0369811320755
