0 0.0549479166667 0.106944444444 0.0307291666667 0.0453703703704
0 0.286979166667 0.135648148148 0.0364583333333 0.10462962963
0 0.223177083333 0.309259259259 0.0328125 0.0703703703704
0 0.204166666667 0.176851851852 0.025 0.0685185185185
0 0.349479166667 0.132407407407 0.0260416666667 0.0537037037037
0 0.19296875 0.025462962963 0.0265625 0.0453703703704
0 0.264322916667 0.596296296296 0.0338541666667 0.0814814814815
0 0.12421875 0.665740740741 0.0307291666667 0.0666666666667
0 0.468229166667 0.615740740741 0.025 0.062962962963
0 0.442708333333 0.586574074074 0.025 0.0398148148148
0 0.46796875 0.165277777778 0.0255208333333 0.0805555555556
0 0.655208333333 0.075462962963 0.03125 0.0953703703704
0 0.6921875 0.175 0.028125 0.087037037037
0 0.58359375 0.19537037037 0.0244791666667 0.0648148148148
0 0.603645833333 0.368055555556 0.0302083333333 0.062037037037
0 0.589322916667 0.758333333333 0.0307291666667 0.0833333333333
0 0.6640625 0.682407407407 0.0260416666667 0.0833333333333
0 0.7859375 0.576851851852 0.03125 0.087037037037
0 0.85859375 0.652314814815 0.0296875 0.0435185185185
0 0.724479166667 0.128703703704 0.0260416666667 0.0574074074074
0 0.92890625 0.309722222222 0.0348958333333 0.0898148148148
0 0.918229166667 0.548611111111 0.0302083333333 0.0731481481481
0 0.97578125 0.649074074074 0.0296875 0.05
0 0.888541666667 0.0782407407407 0.0270833333333 0.0638888888889
