0 0.213120104439 0.626306620209 0.0150130548303 0.0331010452962
0 0.149151436031 0.725609756098 0.0124020887728 0.0278745644599
0 0.107702349869 0.714285714286 0.0169712793734 0.0313588850174
0 0.21409921671 0.519599303136 0.0117493472585 0.0217770034843
0 0.266644908616 0.478222996516 0.0097911227154 0.0174216027875
0 0.233681462141 0.504790940767 0.0117493472585 0.0148083623693
0 0.174281984334 0.470383275261 0.0156657963446 0.0296167247387
0 0.212793733681 0.44425087108 0.0143603133159 0.0243902439024
0 0.133812010444 0.464285714286 0.0156657963446 0.0209059233449
0 0.113250652742 0.491289198606 0.0150130548303 0.0278745644599
