0 0.674147601377 0.611048861566 0.0399397136398 0.0786885245902
0 0.472941874172 0.719792030965 0.0308967596081 0.0601092896175
0 0.726898166561 0.892469626593 0.0399397136398 0.0688524590164
0 0.604064707631 0.727442304189 0.0324039186134 0.0535519125683
0 0.400975031671 0.69738765938 0.0226073850791 0.0459016393443
0 0.381758754353 0.641649954462 0.0188394875659 0.0371584699454
0 0.622527405446 0.268425910746 0.0331574981161 0.0775956284153
0 0.801879327074 0.333453233151 0.0422004521477 0.102732240437
0 0.746114443879 0.277169080145 0.0361718161266 0.055737704918
0 0.476332981934 0.480994216757 0.0316503391108 0.0808743169399
0 0.541140819161 0.265693670309 0.016578749058 0.0262295081967
0 0.436770058046 0.260775637522 0.0173323285607 0.0404371584699
0 0.407757247194 0.31651334244 0.016578749058 0.0273224043716
0 0.338804722703 0.397934107468 0.0203466465712 0.0437158469945
0 0.351615574248 0.521977823315 0.0218538055765 0.0426229508197
0 0.256287767164 0.627988752276 0.0150715900528 0.0360655737705
0 0.244607284873 0.506677276866 0.0143180105501 0.0273224043716
0 0.243476915619 0.382633561019 0.0150715900528 0.0327868852459
0 0.228405325567 0.373343943533 0.0105501130369 0.0229508196721
0 0.262316403185 0.321977823315 0.0135644310475 0.031693989071
0 0.272866516222 0.36132208561 0.0135644310475 0.0273224043716
