0 0.408009130934 0.240373539466 0.0177083333333 0.0472222222222
0 0.419207047601 0.210743909836 0.0192708333333 0.0601851851852
0 0.452540380934 0.187132798725 0.0182291666667 0.0648148148148
0 0.530665380934 0.425095761688 0.0203125 0.0537037037037
0 0.488998714268 0.528336502429 0.0161458333333 0.0601851851852
0 0.630925797601 0.168614280206 0.0208333333333 0.0537037037037
0 0.554884130934 0.623243909836 0.0239583333333 0.0703703703704
0 0.622592464268 0.682503169095 0.025 0.0685185185185
0 0.651498714268 0.657966132058 0.0223958333333 0.0509259259259
0 0.625717464268 0.293614280206 0.0291666666667 0.0611111111111
0 0.799936214268 0.0940772431692 0.0348958333333 0.062037037037
0 0.747071630934 0.149169835762 0.028125 0.0425925925926
0 0.817904964268 0.696392057984 0.0364583333333 0.0722222222222
