0 0.64488839129 0.735614132738 0.0348958333333 0.087962962963
0 0.712336307957 0.637003021627 0.021875 0.0537037037037
0 0.55973214129 0.680521540146 0.0260416666667 0.0666666666667
0 0.40504464129 0.489780799405 0.0260416666667 0.0703703703704
0 0.435252974624 0.486077095701 0.0375 0.0685185185185
0 0.72066964129 0.495336354961 0.021875 0.062962962963
0 0.70895089129 0.457836354961 0.0171875 0.0416666666667
0 0.566502974624 0.236540058664 0.0291666666667 0.0675925925926
0 0.59566964129 0.236540058664 0.0177083333333 0.0305555555556
0 0.43004464129 0.0680215401458 0.040625 0.108333333333
0 0.555305057957 0.107373391998 0.0328125 0.0777777777778
0 0.804523807957 0.601817836442 0.0197916666667 0.0555555555556
0 0.783430057957 0.423114132738 0.0223958333333 0.0574074074074
