0 0.143229166667 0.681944444444 0.0322916666667 0.0805555555556
0 0.0145833333333 0.485185185185 0.025 0.0962962962963
0 0.01484375 0.644907407407 0.0265625 0.0583333333333
0 0.0432291666667 0.438425925926 0.0302083333333 0.0546296296296
0 0.32578125 0.647222222222 0.0286458333333 0.0851851851852
0 0.396614583333 0.661111111111 0.0192708333333 0.0481481481481
0 0.411458333333 0.59537037037 0.0197916666667 0.0555555555556
0 0.485677083333 0.6375 0.0203125 0.0657407407407
0 0.400260416667 0.467592592593 0.0223958333333 0.0611111111111
0 0.4671875 0.504166666667 0.0166666666667 0.0398148148148
0 0.26796875 0.378240740741 0.0286458333333 0.0805555555556
0 0.176302083333 0.397685185185 0.0244791666667 0.0435185185185
0 0.0494791666667 0.164814814815 0.034375 0.0740740740741
0 0.33828125 0.162962962963 0.0255208333333 0.0777777777778
0 0.43203125 0.252314814815 0.0203125 0.0657407407407
0 0.455208333333 0.204166666667 0.021875 0.0694444444444
0 0.512239583333 0.246759259259 0.0203125 0.0675925925926
0 0.602864583333 0.224537037037 0.0182291666667 0.0509259259259
0 0.722916666667 0.328240740741 0.0208333333333 0.0546296296296
0 0.79296875 0.274537037037 0.0203125 0.0527777777778
0 0.748697916667 0.19212962963 0.0182291666667 0.0509259259259
0 0.670833333333 0.152314814815 0.0166666666667 0.0342592592593
0 0.6796875 0.17037037037 0.015625 0.0481481481481
0 0.6859375 0.576851851852 0.0229166666667 0.0555555555556
0 0.73671875 0.612962962963 0.0161458333333 0.0407407407407
0 0.65078125 0.589351851852 0.0182291666667 0.0546296296296
0 0.664583333333 0.536111111111 0.015625 0.0407407407407
0 0.795052083333 0.581481481481 0.0182291666667 0.037037037037
0 0.0395833333333 0.025 0.0333333333333 0.0462962962963
