0 0.452209197475 0.648951048951 0.0207394048693 0.0447552447552
0 0.465734896303 0.674125874126 0.0225428313796 0.041958041958
0 0.395401262399 0.704195804196 0.0207394048693 0.0405594405594
0 0.33904418395 0.636363636364 0.0234445446348 0.0587412587413
0 0.252028854824 0.736363636364 0.0261496844004 0.0433566433566
0 0.205590622182 0.693006993007 0.0288548241659 0.0629370629371
0 0.311091073039 0.460839160839 0.0270513976555 0.0713286713287
0 0.391794409378 0.400699300699 0.0261496844004 0.0629370629371
0 0.41388638413 0.377622377622 0.0198376916141 0.0447552447552
0 0.46257889991 0.274825174825 0.0216411181244 0.0573426573427
0 0.15915238954 0.328671328671 0.02434625789 0.0587412587413
0 0.0351668169522 0.324475524476 0.034265103697 0.0895104895105
0 0.0617673579802 0.3 0.0387736699729 0.048951048951
