0 0.753997813436 0.229569267745 0.0177083333333 0.0453703703704
0 0.716497813436 0.221235934411 0.025 0.0694444444444
0 0.653997813436 0.13975445293 0.0239583333333 0.0657407407407
0 0.639414480103 0.108735934411 0.0208333333333 0.0518518518519
0 0.504779063436 0.157347045522 0.0317708333333 0.0898148148148
0 0.675091563436 0.488828527004 0.0255208333333 0.0694444444444
0 0.573008230103 0.774939638115 0.0348958333333 0.0972222222222
0 0.347487396769 0.758272971448 0.0411458333333 0.115740740741
0 0.283164480103 0.714291489967 0.0416666666667 0.0925925925926
0 0.290716563436 0.45225445293 0.0578125 0.174074074074
0 0.236289480103 0.363828527004 0.0510416666667 0.112037037037
0 0.0396748967695 0.901791489967 0.0755208333333 0.141666666667
