0 0.872523286171 0.898003314422 0.0635416666667 0.141666666667
0 0.625127452838 0.672540351459 0.0260416666667 0.0703703703704
0 0.644137869505 0.490132944051 0.0286458333333 0.0907407407407
0 0.899867036171 0.264207018126 0.0484375 0.122222222222
0 0.688669119505 0.1632810922 0.0291666666667 0.0777777777778
0 0.761064952838 0.0517070181256 0.03125 0.0712962962963
0 0.749606619505 0.298466277385 0.0239583333333 0.0537037037037
0 0.650387869505 0.43365146257 0.0255208333333 0.0351851851852
0 0.531117036171 0.40865146257 0.0213541666667 0.0518518518519
0 0.505856619505 0.613744055163 0.0197916666667 0.0638888888889
0 0.686585786171 0.65402183294 0.0208333333333 0.037037037037
0 0.699085786171 0.604947758866 0.021875 0.0574074074074
0 0.577471202838 0.193373684792 0.0119791666667 0.0416666666667
0 0.586585786171 0.184577388496 0.0125 0.0351851851852
