0 0.926174496644 0.419560185185 0.0581655480984 0.112268518519
0 0.821029082774 0.800925925926 0.055182699478 0.12962962963
0 0.679343773304 0.804976851852 0.0313199105145 0.068287037037
0 0.65697240865 0.716435185185 0.0298284862043 0.0833333333333
0 0.678598061148 0.553819444444 0.0402684563758 0.0821759259259
0 0.534675615213 0.769097222222 0.0357941834452 0.0868055555556
0 0.564876957494 0.600115740741 0.027591349739 0.056712962963
0 0.791573452647 0.123263888889 0.0454884414616 0.116898148148
0 0.625279642058 0.261574074074 0.0350484712901 0.087962962963
0 0.585011185682 0.207175925926 0.0320656226696 0.0856481481481
0 0.495152870992 0.263888888889 0.0328113348248 0.0856481481481
0 0.362043251305 0.254050925926 0.027591349739 0.0659722222222
0 0.260999254288 0.19212962963 0.0283370618941 0.0694444444444
0 0.249813571961 0.68287037037 0.0253542132737 0.0671296296296
0 0.196868008949 0.391203703704 0.0253542132737 0.0694444444444
0 0.112229679344 0.333333333333 0.0216256524981 0.0578703703704
0 0.164802386279 0.235532407407 0.0223713646532 0.0590277777778
