0 0.800275482094 0.710038986355 0.0358126721763 0.0692007797271
0 0.964876033058 0.602826510721 0.0426997245179 0.0769980506823
0 0.690771349862 0.644249512671 0.0316804407713 0.0701754385965
0 0.549931129477 0.552631578947 0.0254820936639 0.0623781676413
0 0.511707988981 0.596978557505 0.0275482093664 0.0341130604288
0 0.435606060606 0.5238791423 0.0241046831956 0.0555555555556
0 0.332988980716 0.555068226121 0.021349862259 0.0380116959064
0 0.321625344353 0.581384015595 0.0220385674931 0.0399610136452
0 0.950757575758 0.153021442495 0.0406336088154 0.0799220272904
0 0.443526170799 0.361598440546 0.0247933884298 0.0584795321637
0 0.369834710744 0.316764132554 0.0289256198347 0.0604288499025
0 0.29132231405 0.204191033138 0.0234159779614 0.0458089668616
0 0.3891184573 0.593079922027 0.0220385674931 0.0477582846004
0 0.781336088154 0.384990253411 0.0351239669421 0.0701754385965
0 0.71108815427 0.133040935673 0.0309917355372 0.0789473684211
0 0.656336088154 0.221247563353 0.0275482093664 0.0682261208577
0 0.565771349862 0.23440545809 0.0227272727273 0.0497076023392
0 0.351584022039 0.29873294347 0.0185950413223 0.0399610136452
