0 0.829879879755 0.254862830057 0.0296875 0.0777777777778
0 0.799150713088 0.264122089316 0.0223958333333 0.0666666666667
0 0.797327796421 0.163659126353 0.025 0.0564814814815
0 0.753577796421 0.364585052279 0.0260416666667 0.0712962962963
0 0.657484046421 0.214585052279 0.0192708333333 0.0583333333333
0 0.642640296421 0.202085052279 0.0177083333333 0.0425925925926
0 0.555400713088 0.329862830057 0.0182291666667 0.0518518518519
0 0.614775713088 0.673381348575 0.0213541666667 0.062962962963
0 0.792900713088 0.727085052279 0.0328125 0.0925925925926
0 0.507223629755 0.378473941168 0.015625 0.0527777777778
0 0.492900713088 0.35856653376 0.0151041666667 0.0518518518519
0 0.500713213088 0.672918385612 0.0182291666667 0.0361111111111
0 0.668421546421 0.628473941168 0.0203125 0.0583333333333
0 0.421546546421 0.567362830057 0.0161458333333 0.0398148148148
0 0.472848629755 0.706251718945 0.0135416666667 0.037962962963
0 0.381702796421 0.382177644871 0.0166666666667 0.0453703703704
0 0.333265296421 0.528936904131 0.015625 0.0518518518519
0 0.345244463088 0.663659126353 0.0166666666667 0.0342592592593
0 0.321025713088 0.678936904131 0.0151041666667 0.037037037037
0 0.277536129755 0.577548015242 0.0135416666667 0.0305555555556
0 0.230140296421 0.682177644871 0.0135416666667 0.0287037037037
0 0.259567379755 0.480788755982 0.0140625 0.037037037037
0 0.185609046421 0.483103570797 0.0109375 0.025
0 0.170504879755 0.476622089316 0.00885416666667 0.0212962962963
0 0.207223629755 0.462733200427 0.0104166666667 0.0194444444444
0 0.303317379755 0.368751718945 0.0109375 0.0203703703704
0 0.350452796421 0.387270237464 0.0125 0.0203703703704
