0 0.284917840376 0.60932145305 0.0240610328638 0.0383824537354
0 0.440727699531 0.627484578478 0.0199530516432 0.0308430431803
0 0.2529342723 0.757025359836 0.018779342723 0.0294722412611
0 0.175469483568 0.432830705963 0.0211267605634 0.0349554489376
0 0.158157276995 0.473269362577 0.0275821596244 0.0527758738862
0 0.262030516432 0.408841672378 0.0217136150235 0.0418094585332
0 0.306924882629 0.402330363263 0.018779342723 0.0233036326251
0 0.390845070423 0.504112405757 0.0199530516432 0.0404386566141
0 0.31396713615 0.679232350925 0.0199530516432 0.0260452364633
0 0.341255868545 0.639136394791 0.0158450704225 0.0212474297464
0 0.257922535211 0.816997943797 0.0217136150235 0.0383824537354
0 0.193368544601 0.842700479781 0.0393192488263 0.0527758738862
0 0.513791079812 0.565798492118 0.0111502347418 0.0198766278273
0 0.450704225352 0.523646333105 0.0140845070423 0.0287868403016
0 0.475645539906 0.576422206991 0.0111502347418 0.0178204249486
0 0.479753521127 0.430089102125 0.00645539906103 0.0116518163125
0 0.474178403756 0.434201507882 0.00704225352113 0.0102810143934
