0 0.671717953013 0.360860927219 0.0152173913043 0.0329949238579
0 0.618094764607 0.366571587118 0.018115942029 0.0520304568528
0 0.550341141419 0.325327932296 0.0159420289855 0.0380710659898
0 0.581862880549 0.312003059199 0.0152173913043 0.0317258883249
0 0.585848387795 0.275835546509 0.0173913043478 0.0380710659898
0 0.586935344317 0.551216257169 0.018115942029 0.0507614213198
0 0.470630996491 0.711114734326 0.0202898550725 0.0507614213198
0 0.509036793593 0.501089353615 0.0188405797101 0.0469543147208
0 0.51990635881 0.457942145494 0.0188405797101 0.0418781725888
0 0.448529547216 0.351343160722 0.0224637681159 0.0672588832487
0 0.350703460259 0.694617272397 0.0239130434783 0.0659898477157
0 0.308312155911 0.656546206407 0.0246376811594 0.0507614213198
0 0.293094764607 0.523297475443 0.0304347826087 0.0812182741117
0 0.33258751823 0.216825394225 0.0224637681159 0.0368020304569
0 0.28222519939 0.126723871382 0.0217391304348 0.0571065989848
0 0.274616503737 0.249820318082 0.0268115942029 0.0672588832487
0 0.185486068955 0.712383769859 0.0311594202899 0.0736040609137
0 0.0691817211288 0.115937069351 0.0391304347826 0.0837563451777
