0 0.04375 0.675925925926 0.0427083333333 0.103703703704
0 0.200520833333 0.641203703704 0.0239583333333 0.0638888888889
0 0.237239583333 0.614814814815 0.0213541666667 0.0574074074074
0 0.1109375 0.45787037037 0.0302083333333 0.0564814814815
0 0.107291666667 0.606481481481 0.025 0.0574074074074
0 0.0348958333333 0.0949074074074 0.0395833333333 0.0935185185185
0 0.144270833333 0.226388888889 0.028125 0.0694444444444
0 0.156770833333 0.178703703704 0.0239583333333 0.0574074074074
0 0.229427083333 0.239814814815 0.0255208333333 0.0685185185185
0 0.425260416667 0.246759259259 0.0130208333333 0.0398148148148
0 0.45859375 0.320833333333 0.0130208333333 0.0416666666667
0 0.4078125 0.356481481481 0.0145833333333 0.05
0 0.37734375 0.209259259259 0.0151041666667 0.0388888888889
0 0.31953125 0.250462962963 0.0182291666667 0.0601851851852
0 0.365364583333 0.566666666667 0.0182291666667 0.0333333333333
0 0.416666666667 0.596759259259 0.0125 0.037962962963
0 0.461979166667 0.562037037037 0.0135416666667 0.0240740740741
