0 0.219250682221 0.512123071242 0.0126662444585 0.0254314259764
0 0.225900460562 0.491687103939 0.0132995566814 0.0299727520436
0 0.24489982725 0.498044960433 0.0120329322356 0.0263396911898
0 0.323747199004 0.698317439997 0.0164661177961 0.0345140781108
0 0.279415343399 0.651087648898 0.0101329955668 0.0254314259764
0 0.370928959612 0.712849683412 0.0158328055731 0.0326975476839
0 0.344013190138 0.515756132095 0.0164661177961 0.0345140781108
0 0.374412176838 0.451269301941 0.0139328689044 0.0181653042688
0 0.384228516293 0.697409174784 0.0107663077897 0.0272479564033
0 0.326280447896 0.515756132095 0.0126662444585 0.016348773842
0 0.367129086274 0.552086740633 0.0145661811273 0.0363306085377
0 0.473208883614 0.647454588045 0.0202659911336 0.0345140781108
0 0.438693367465 0.69105131829 0.0158328055731 0.0254314259764
0 0.521657268668 0.694684379144 0.0158328055731 0.0345140781108
0 0.436793430796 0.423567212931 0.0234325522483 0.0572207084469
0 0.48524181585 0.380878747899 0.0164661177961 0.0281562216167
0 0.598604703754 0.615211172967 0.0227992400253 0.0245231607629
0 0.627420409897 0.632468212023 0.0234325522483 0.0481380563124
0 0.618870694887 0.304130337363 0.025332488917 0.0599455040872
0 0.742366578358 0.720569937727 0.0329322355921 0.0626702997275
0 0.75154960559 0.619752499035 0.0310322989234 0.0663033605813
0 0.714184184438 0.412213897763 0.0322989233692 0.0508628519528
0 0.883278547959 0.649271118471 0.02596580114 0.0817438692098
