0 0.141784820684 0.634995296331 0.0583819849875 0.0884289746002
0 0.270642201835 0.214487300094 0.047539616347 0.0809031044214
0 0.466638865721 0.487300094073 0.0325271059216 0.0620884289746
0 0.43953294412 0.613828786453 0.0266889074229 0.0460959548448
0 0.461217681401 0.145813734713 0.0316930775646 0.0470366886171
0 0.504587155963 0.254468485419 0.0300250208507 0.0479774223895
0 0.247706422018 0.0512699905927 0.0400333611343 0.0837253057385
0 0.606338615513 0.323612417686 0.023352793995 0.0338664158043
0 0.602168473728 0.49012229539 0.023352793995 0.0376293508937
0 0.573811509591 0.635465663217 0.0250208507089 0.0442144873001
0 0.703919933278 0.511288805268 0.0116763969975 0.0197554092192
