0 0.1359375 0.648611111111 0.028125 0.0601851851852
0 0.168489583333 0.669907407407 0.0276041666667 0.0675925925926
0 0.246875 0.601388888889 0.0270833333333 0.075
0 0.30390625 0.505555555556 0.0192708333333 0.0592592592593
0 0.110416666667 0.324074074074 0.03125 0.087037037037
0 0.162239583333 0.249537037037 0.0317708333333 0.0787037037037
0 0.26484375 0.394444444444 0.0203125 0.0537037037037
0 0.322916666667 0.491666666667 0.015625 0.0518518518519
0 0.0356770833333 0.0875 0.0317708333333 0.0453703703704
0 0.1578125 0.124537037037 0.0239583333333 0.0564814814815
0 0.3453125 0.159259259259 0.0197916666667 0.0666666666667
0 0.375260416667 0.186111111111 0.0182291666667 0.0537037037037
0 0.388541666667 0.219907407407 0.0177083333333 0.0472222222222
