0 0.35728030789 0.336356141797 0.00769724182168 0.0148392415499
0 0.337075048108 0.281945589448 0.010904425914 0.0197856553998
0 0.307248236049 0.277411376752 0.0102629890956 0.0189612530915
0 0.313983322643 0.256801319044 0.010904425914 0.0206100577082
0 0.282873636947 0.248145094806 0.0128287363695 0.0197856553998
0 0.26908274535 0.387469084913 0.012187299551 0.0230832646331
0 0.187299550994 0.404781533388 0.0102629890956 0.0181368507832
0 0.175753688262 0.376339653751 0.0128287363695 0.0255564715581
0 0.112251443233 0.375927452597 0.0153944836434 0.0247320692498
0 0.259781911482 0.249381698269 0.0102629890956 0.0189612530915
0 0.236048749198 0.326051112943 0.00898011545863 0.0173124484749
