0 0.909375 0.667592592593 0.0489583333333 0.112962962963
0 0.822916666667 0.723611111111 0.0322916666667 0.0898148148148
0 0.791666666667 0.673611111111 0.0322916666667 0.075
0 0.661979166667 0.761574074074 0.034375 0.106481481481
0 0.477083333333 0.522222222222 0.03125 0.0851851851852
0 0.413020833333 0.585648148148 0.03125 0.0842592592593
0 0.45859375 0.614351851852 0.0265625 0.0805555555556
0 0.441927083333 0.674537037037 0.0244791666667 0.0398148148148
0 0.573697916667 0.193518518519 0.0244791666667 0.0685185185185
0 0.58125 0.0449074074074 0.0239583333333 0.0527777777778
0 0.524479166667 0.325 0.028125 0.0722222222222
0 0.335677083333 0.590740740741 0.0234375 0.0777777777778
0 0.244270833333 0.69212962963 0.025 0.0601851851852
0 0.244270833333 0.635185185185 0.0229166666667 0.0481481481481
0 0.36875 0.207407407407 0.03125 0.0814814814815
0 0.2328125 0.181944444444 0.0229166666667 0.0731481481481
0 0.191927083333 0.236574074074 0.0192708333333 0.0416666666667
0 0.23515625 0.25462962963 0.0213541666667 0.0592592592593
0 0.190625 0.543981481481 0.0208333333333 0.0361111111111
0 0.516927083333 0.657407407407 0.0161458333333 0.0611111111111
0 0.597135416667 0.662962962963 0.0223958333333 0.05
0 0.0971354166667 0.375 0.0223958333333 0.0555555555556
0 0.0440104166667 0.328240740741 0.0223958333333 0.0583333333333
0 0.0364583333333 0.568055555556 0.021875 0.0527777777778
0 0.115885416667 0.599537037037 0.0213541666667 0.0287037037037
