0 0.116051620201 0.391991623597 0.0552083333333 0.109259259259
0 0.206155786867 0.77532495693 0.046875 0.116666666667
0 0.292874536867 0.731806438412 0.0265625 0.0722222222222
0 0.330114120201 0.696158290264 0.025 0.0638888888889
0 0.449645370201 0.64708421619 0.0182291666667 0.0416666666667
0 0.466572453534 0.643380512486 0.01875 0.0509259259259
0 0.519697453534 0.638287919893 0.0135416666667 0.0277777777778
0 0.372041203534 0.461899031004 0.0171875 0.0509259259259
0 0.464749536867 0.428102734708 0.0151041666667 0.05
0 0.249124536867 0.271621253227 0.0286458333333 0.0796296296296
0 0.319437036867 0.293843475449 0.0265625 0.0740740740741
0 0.242614120201 0.208195327301 0.0270833333333 0.0527777777778
0 0.479332870201 0.319306438412 0.0119791666667 0.0398148148148
0 0.511624536867 0.395695327301 0.0140625 0.0388888888889
0 0.443916203534 0.27208421619 0.0192708333333 0.0546296296296
0 0.406155786867 0.307732364338 0.0197916666667 0.0555555555556
0 0.393134953534 0.331806438412 0.0125 0.0351851851852
