0 0.961979166667 0.231944444444 0.0270833333333 0.0638888888889
0 0.800520833333 0.225925925926 0.0208333333333 0.062962962963
0 0.8484375 0.665740740741 0.0239583333333 0.0518518518519
0 0.790885416667 0.618981481481 0.0203125 0.0583333333333
0 0.94921875 0.587037037037 0.0223958333333 0.05
0 0.971875 0.563888888889 0.0229166666667 0.0296296296296
0 0.70546875 0.55 0.0161458333333 0.0574074074074
0 0.676302083333 0.58287037037 0.0161458333333 0.0268518518519
0 0.633072916667 0.525 0.0151041666667 0.0425925925926
0 0.604166666667 0.580092592593 0.0135416666667 0.0268518518519
0 0.567447916667 0.549074074074 0.0119791666667 0.0296296296296
0 0.5609375 0.569907407407 0.0125 0.0305555555556
0 0.636197916667 0.398611111111 0.0140625 0.0416666666667
0 0.840885416667 0.419907407407 0.0255208333333 0.037962962963
0 0.771354166667 0.289351851852 0.0177083333333 0.0546296296296
0 0.7171875 0.297222222222 0.0145833333333 0.0407407407407
0 0.590104166667 0.365277777778 0.0145833333333 0.037962962963
0 0.543229166667 0.282407407407 0.0145833333333 0.037037037037
0 0.581770833333 0.34537037037 0.0135416666667 0.0314814814815
