0 0.687805458338 0.415346422059 0.0293937538273 0.051012145749
0 0.653206560604 0.478909175096 0.0275566442131 0.0307692307692
0 0.564719114186 0.440852494934 0.0220453153705 0.0453441295547
0 0.536856285038 0.510488122464 0.0189834660135 0.0275303643725
0 0.477762592447 0.506034681168 0.0171463563993 0.0315789473684
0 0.476537852704 0.528706745946 0.0159216166565 0.0251012145749
0 0.535937730231 0.305629822869 0.0244947948561 0.0437246963563
0 0.457860571627 0.308868689266 0.0238824249847 0.0437246963563
0 0.381620522637 0.26433427631 0.0183710961421 0.0356275303644
0 0.635447834333 0.127087312747 0.0275566442131 0.0445344129555
