0 0.762315270936 0.264578833693 0.0188834154351 0.036717062635
0 0.741789819376 0.246220302376 0.0188834154351 0.036717062635
0 0.705254515599 0.262958963283 0.0197044334975 0.0442764578834
0 0.562397372742 0.367710583153 0.0213464696223 0.0334773218143
0 0.755747126437 0.509719222462 0.0188834154351 0.036717062635
0 0.707717569787 0.608531317495 0.0197044334975 0.0442764578834
0 0.669540229885 0.669546436285 0.0188834154351 0.0453563714903
0 0.64367816092 0.667386609071 0.0180623973727 0.0302375809935
0 0.48275862069 0.426025917927 0.0164203612479 0.0205183585313
0 0.408045977011 0.790496760259 0.0344827586207 0.07343412527
0 0.432266009852 0.717062634989 0.0270935960591 0.0561555075594
0 0.285303776683 0.532397408207 0.0320197044335 0.0583153347732
0 0.4039408867 0.582613390929 0.0229885057471 0.0421166306695
0 0.378899835796 0.404427645788 0.0188834154351 0.024838012959
0 0.235221674877 0.537257019438 0.0238095238095 0.0291576673866
0 0.12684729064 0.576673866091 0.0336617405583 0.060475161987
0 0.219622331691 0.917386609071 0.0254515599343 0.048596112311
0 0.241789819376 0.877429805616 0.0353037766831 0.0269978401728
