0 0.589583333333 0.315277777778 0.0125 0.0305555555556
0 0.53515625 0.32037037037 0.0171875 0.0481481481481
0 0.4671875 0.277314814815 0.0145833333333 0.037962962963
0 0.504166666667 0.233333333333 0.0145833333333 0.0351851851852
0 0.500520833333 0.264351851852 0.0145833333333 0.0287037037037
0 0.465885416667 0.223611111111 0.0171875 0.0472222222222
0 0.362239583333 0.304166666667 0.0223958333333 0.0657407407407
0 0.506770833333 0.506944444444 0.0177083333333 0.0490740740741
0 0.3859375 0.675 0.0177083333333 0.0462962962963
0 0.426302083333 0.458796296296 0.0192708333333 0.0490740740741
0 0.436458333333 0.415740740741 0.015625 0.0425925925926
0 0.261197916667 0.665277777778 0.0265625 0.0675925925926
0 0.2140625 0.627314814815 0.025 0.0546296296296
0 0.195833333333 0.4875 0.03125 0.0842592592593
0 0.0770833333333 0.688888888889 0.034375 0.0796296296296
0 0.0479166666667 0.384259259259 0.0239583333333 0.0425925925926
0 0.16953125 0.440740740741 0.0244791666667 0.0555555555556
0 0.17421875 0.194444444444 0.0286458333333 0.0703703703704
0 0.181510416667 0.0625 0.0234375 0.0546296296296
0 0.23828125 0.161111111111 0.0255208333333 0.0407407407407
