0 0.703915533146 0.472776158391 0.0338983050847 0.0613586559533
0 0.75696010314 0.230993835528 0.0508474576271 0.0876552227904
0 0.885648113184 0.322301359267 0.0445699937225 0.0511322132944
0 0.704857152732 0.20981049002 0.037037037037 0.0525931336742
0 0.593746041621 0.25765563246 0.0257376020088 0.0357925493061
0 0.477612959386 0.57211874422 0.0307595731325 0.0613586559533
0 0.428962614126 0.57504058498 0.0213433772756 0.0423666910153
0 0.390670084308 0.578692885929 0.0200878844947 0.0379839298758
0 0.437123317201 0.343484704775 0.0338983050847 0.0511322132944
0 0.295252632958 0.358824368763 0.0200878844947 0.0394448502557
0 0.337625514314 0.321205668983 0.021971123666 0.0430971512053
0 0.33260354319 0.288334960436 0.0182046453233 0.0197224251278
0 0.225886656812 0.399730139399 0.0194601381042 0.0336011687363
0 0.163112017766 0.43515745861 0.0156936597615 0.0284879474069
0 0.305296575205 0.465471556492 0.0163214061519 0.0248356464573
0 0.278931226806 0.623250957514 0.0188323917137 0.0306793279766
0 0.262609820654 0.632746939983 0.0163214061519 0.0321402483565
0 0.213331729003 0.664521958245 0.0131826741996 0.0226442658875
0 0.148359977591 0.502359796083 0.0175768989328 0.027027027027
