0 0.257845566189 0.460711083075 0.0506485484867 0.0932524639879
0 0.391570087499 0.50847454024 0.0685608400247 0.0871872630781
0 0.559575028821 0.552447246836 0.0376775787523 0.049279757392
0 0.752595411773 0.545623895812 0.0370599135269 0.0614101592115
0 0.755992570513 0.428110628185 0.0216182828907 0.0401819560273
0 0.736227283299 0.325760362833 0.0277949351452 0.0583775587566
0 0.51077947601 0.207868020149 0.0327362569487 0.0697498104625
0 0.692373052292 0.172993114918 0.017912291538 0.0348749052312
0 0.673843095529 0.159725487927 0.017912291538 0.035633055345
0 0.760933892317 0.250324426517 0.0203829524398 0.0379075056861
0 0.821465084411 0.35987711795 0.017912291538 0.0310841546626
