0 0.612197928654 0.424046321526 0.0138089758343 0.0292915531335
0 0.552646720368 0.425408719346 0.0132336018412 0.0292915531335
0 0.575949367089 0.390326975477 0.0115074798619 0.0217983651226
0 0.535385500575 0.319482288828 0.012082853855 0.0204359673025
0 0.533084004603 0.306539509537 0.00863060989643 0.0108991825613
0 0.449079401611 0.306198910082 0.0143843498274 0.0265667574932
0 0.459723820483 0.405313351499 0.0126582278481 0.0136239782016
0 0.413118527043 0.341621253406 0.0115074798619 0.0224795640327
0 0.458285385501 0.493869209809 0.0132336018412 0.0272479564033
0 0.430667433832 0.50340599455 0.0143843498274 0.0286103542234
0 0.401323360184 0.479904632153 0.0155350978136 0.0211171662125
0 0.508918296893 0.573228882834 0.00978135788262 0.0129427792916
0 0.529344073648 0.571866485014 0.0115074798619 0.0183923705722
0 0.38751438435 0.283719346049 0.0143843498274 0.0292915531335
0 0.368527042578 0.253065395095 0.0143843498274 0.0279291553134
0 0.321058688147 0.250340599455 0.0138089758343 0.0279291553134
0 0.310701956272 0.215258855586 0.0115074798619 0.0177111716621
0 0.251726121979 0.324250681199 0.0166858457998 0.0258855585831
0 0.256616800921 0.399523160763 0.0126582278481 0.0211171662125
0 0.249712313003 0.427452316076 0.0149597238205 0.0211171662125
0 0.292865362486 0.445504087193 0.0138089758343 0.0299727520436
0 0.312140391254 0.444822888283 0.0143843498274 0.0299727520436
0 0.204545454545 0.357629427793 0.0132336018412 0.0231607629428
0 0.134062140391 0.341621253406 0.0195627157652 0.0347411444142
0 0.152186421174 0.223433242507 0.0212888377445 0.0326975476839
0 0.25747986191 0.172002724796 0.0189873417722 0.0306539509537
