0 0.831777841916 0.292914692985 0.0276008492569 0.0651629072682
0 0.670419030876 0.287275595241 0.0219391365888 0.0639097744361
0 0.719251302638 0.723992387221 0.0247699929229 0.0526315789474
0 0.661572604832 0.67825303885 0.0212314225053 0.0588972431078
0 0.819746702496 0.645671585216 0.0233545647558 0.0513784461153
0 0.842039696127 0.622488627822 0.0240622788393 0.0300751879699
0 0.576293057769 0.610583865918 0.0162774239207 0.0588972431078
0 0.547276780345 0.643165319552 0.0162774239207 0.0288220551378
0 0.504106221251 0.585521209276 0.0162774239207 0.0438596491228
0 0.475443800869 0.641285620303 0.0141542816702 0.0275689223058
0 0.438642668526 0.610583865918 0.0127388535032 0.031328320802
0 0.432273241774 0.630633991231 0.0127388535032 0.031328320802
0 0.506937077585 0.460834492484 0.0148619957537 0.0426065162907
0 0.711466447719 0.480258051381 0.0261854210899 0.0388471177945
0 0.641756610493 0.350558803261 0.0184005661713 0.0551378446115
0 0.587616483105 0.358704166669 0.0148619957537 0.0413533834586
0 0.460935662157 0.427626472434 0.0148619957537 0.0388471177945
0 0.413872675603 0.345546271933 0.0155697098372 0.0375939849624
0 0.452796950196 0.408202913537 0.0141542816702 0.0325814536341
