0 0.636803711033 0.67927795142 0.025 0.0722222222222
0 0.655032877699 0.708444618087 0.0239583333333 0.0675925925926
0 0.598262044366 0.631129803272 0.0260416666667 0.0740740740741
0 0.493053711033 0.602889062531 0.0177083333333 0.0583333333333
0 0.532116211033 0.568629803272 0.01875 0.0657407407407
0 0.528470377699 0.605666840309 0.01875 0.0416666666667
0 0.387845377699 0.651963136605 0.0208333333333 0.037962962963
0 0.368834961033 0.62140758105 0.0203125 0.0361111111111
0 0.339147461033 0.659833506976 0.0192708333333 0.062962962963
0 0.618574544366 0.297796469939 0.0229166666667 0.0777777777778
0 0.523782877699 0.284833506976 0.025 0.0796296296296
0 0.470918294366 0.257055729198 0.0182291666667 0.0481481481481
0 0.658939127699 0.0996483217904 0.0234375 0.0685185185185
0 0.602949544366 0.0954816551237 0.0229166666667 0.0583333333333
0 0.628730794366 0.0727964699386 0.0276041666667 0.0833333333333
0 0.464407877699 0.370018692161 0.0229166666667 0.0685185185185
0 0.360241211033 0.288074247716 0.0177083333333 0.0657407407407
0 0.332637044366 0.263074247716 0.0208333333333 0.0416666666667
0 0.300605794366 0.22927795142 0.0234375 0.0518518518519
0 0.306855794366 0.325574247716 0.0171875 0.0518518518519
0 0.246439127699 0.443166840309 0.0203125 0.0462962962963
0 0.292272461033 0.604740914383 0.0182291666667 0.0268518518519
0 0.269355794366 0.615852025494 0.0203125 0.0490740740741
0 0.236543294366 0.691314988457 0.0213541666667 0.0555555555556
0 0.142272461033 0.63714832179 0.0182291666667 0.0398148148148
0 0.184459961033 0.577426099568 0.0161458333333 0.0222222222222
0 0.129512044366 0.32927795142 0.0166666666667 0.0296296296296
0 0.0758662110325 0.347333506976 0.0239583333333 0.0490740740741
