0 0.96484375 0.664351851852 0.0286458333333 0.075
0 0.984635416667 0.121296296296 0.0265625 0.0796296296296
0 0.930208333333 0.213888888889 0.025 0.0759259259259
0 0.906770833333 0.196296296296 0.021875 0.0444444444444
0 0.841145833333 0.237037037037 0.0197916666667 0.0537037037037
0 0.7359375 0.371296296296 0.0197916666667 0.0611111111111
0 0.672135416667 0.333333333333 0.0192708333333 0.0592592592593
0 0.655729166667 0.316203703704 0.015625 0.0416666666667
0 0.727604166667 0.531944444444 0.0197916666667 0.0527777777778
0 0.688020833333 0.598148148148 0.0166666666667 0.0333333333333
0 0.82734375 0.556481481481 0.0244791666667 0.0555555555556
0 0.794791666667 0.60462962963 0.021875 0.0388888888889
0 0.641666666667 0.561111111111 0.0166666666667 0.0407407407407
0 0.63203125 0.586574074074 0.0140625 0.0361111111111
0 0.6109375 0.231481481481 0.0166666666667 0.0462962962963
