0 0.29765625 0.363425925926 0.00885416666667 0.0231481481481
0 0.258854166667 0.298148148148 0.0125 0.0314814814815
0 0.22578125 0.312962962963 0.0119791666667 0.0296296296296
0 0.2265625 0.277777777778 0.0125 0.0333333333333
0 0.190885416667 0.287037037037 0.0151041666667 0.0314814814815
0 0.2203125 0.501388888889 0.0135416666667 0.037962962963
0 0.1390625 0.586111111111 0.0114583333333 0.0296296296296
0 0.11796875 0.552777777778 0.0151041666667 0.0407407407407
0 0.0502604166667 0.597685185185 0.0171875 0.0398148148148
0 0.166927083333 0.306018518519 0.0119791666667 0.0305555555556
0 0.165625 0.435185185185 0.0104166666667 0.0277777777778
