0 0.581118881119 0.325085324232 0.0181818181818 0.0324232081911
0 0.512587412587 0.22866894198 0.0265734265734 0.0443686006826
0 0.446153846154 0.23976109215 0.0251748251748 0.042662116041
0 0.451748251748 0.192832764505 0.0251748251748 0.0477815699659
0 0.381118881119 0.196245733788 0.0321678321678 0.0443686006826
0 0.413986013986 0.491467576792 0.027972027972 0.0511945392491
0 0.245454545455 0.585324232082 0.0237762237762 0.0409556313993
0 0.208391608392 0.534982935154 0.0307692307692 0.0563139931741
0 0.0706293706294 0.578498293515 0.034965034965 0.0546075085324
0 0.332167832168 0.215870307167 0.0237762237762 0.042662116041
0 0.314685314685 0.389078498294 0.0223776223776 0.037542662116
