0 0.448986058302 0.6508753862 0.0221799746515 0.0679711637487
0 0.397972116603 0.608135942327 0.0266159695817 0.048403707518
0 0.269961977186 0.556127703399 0.0266159695817 0.0638516992791
0 0.364385297845 0.359938208033 0.0190114068441 0.038105046344
0 0.4309252218 0.277033985582 0.0240811153359 0.0741503604531
0 0.470215462611 0.1745623069 0.0278833967047 0.0772399588054
0 0.471166032953 0.0895983522142 0.0247148288973 0.0638516992791
0 0.35329531052 0.114315139032 0.0183776932826 0.053553038105
0 0.338719898606 0.0998970133883 0.0183776932826 0.0370751802266
0 0.230038022814 0.237384140062 0.0240811153359 0.0463439752832
0 0.257921419518 0.209577754892 0.0240811153359 0.0566426364573
0 0.171419518378 0.279608650875 0.0196451204056 0.0545829042225
0 0.160963244613 0.241503604531 0.0177439797212 0.0401647785788
0 0.102978453739 0.236869207003 0.0209125475285 0.0514933058702
0 0.0294676806084 0.521627188465 0.0221799746515 0.0422245108136
0 0.0329531051965 0.376416065911 0.0152091254753 0.0504634397528
