0 0.268048128342 0.224938875306 0.0173796791444 0.0440097799511
0 0.314839572193 0.205378973105 0.0173796791444 0.039119804401
0 0.221256684492 0.18826405868 0.0200534759358 0.0342298288509
0 0.367981283422 0.300122249389 0.0113636363636 0.0354523227384
0 0.291778074866 0.325183374083 0.0140374331551 0.0317848410758
0 0.261363636364 0.492665036675 0.0187165775401 0.0537897310513
0 0.121657754011 0.566014669927 0.0200534759358 0.0562347188264
0 0.154077540107 0.611858190709 0.0167112299465 0.0427872860636
0 0.028743315508 0.627139364303 0.0213903743316 0.0537897310513
0 0.00902406417112 0.296454767726 0.0180481283422 0.0281173594132
0 0.188168449198 0.21760391198 0.0180481283422 0.039119804401
0 0.187165775401 0.403422982885 0.0133689839572 0.0293398533007
