0 0.0651299474306 0.766741720912 0.0362750406064 0.0824008138352
0 0.102758534328 0.730119136985 0.0292365998917 0.0640895218718
0 0.24542231343 0.739783429965 0.0276123443422 0.0630722278739
0 0.380776942558 0.675693908094 0.0362750406064 0.0813835198372
0 0.124685984247 0.379152707687 0.0308608554413 0.0946083418108
0 0.0748754807279 0.288104894869 0.0373578776394 0.0854526958291
0 0.404057938768 0.173150673099 0.0351922035734 0.115971515768
0 0.463343266326 0.16246908612 0.0259880887926 0.057985757884
0 0.336380624204 0.364910591715 0.0330265295073 0.0803662258393
0 0.304978350246 0.0693866853062 0.022198159177 0.0528992878942
0 0.185595567355 0.169590144106 0.0281537628587 0.0457782299084
0 0.723494863511 0.875592178694 0.0384407146724 0.10478128179
0 0.806061187279 0.781492483882 0.0324851109908 0.111902339776
0 0.956304825611 0.665520968114 0.0460205739036 0.101729399797
0 0.584621014025 0.696548435052 0.0270709258257 0.0762970498474
0 0.558632925232 0.669081497107 0.0249052517596 0.0498474059003
0 0.73919600049 0.413740703618 0.0341093665403 0.0803662258393
0 0.838004879753 0.1726420261 0.0368164591229 0.10478128179
0 0.882671907366 0.118216797209 0.0416892257715 0.0691759918616
0 0.794691398432 0.0688780383072 0.0433134813211 0.088504577823
0 0.578394701085 0.189936024065 0.0265295073091 0.0925737538149
0 0.708876563565 0.211299198022 0.0276123443422 0.0681586978637
