0 0.0750893921335 0.613255644574 0.0119189511323 0.0203932993445
0 0.0986293206198 0.607064821559 0.0148986889154 0.0327749453751
0 0.157926102503 0.698470502549 0.0119189511323 0.0203932993445
0 0.239272943981 0.679533867444 0.0101311084625 0.0189366351056
0 0.295887961859 0.668244719592 0.00893921334923 0.0167516387473
0 0.278307508939 0.557538237436 0.00834326579261 0.0123816460306
0 0.335220500596 0.536416605972 0.0101311084625 0.0152949745084
0 0.328665077473 0.601966496723 0.00893921334923 0.0138383102695
0 0.348331346841 0.603058994902 0.00893921334923 0.0145666423889
0 0.339690107271 0.614712308813 0.00834326579261 0.01310997815
0 0.336710369487 0.520029133285 0.00834326579261 0.0116533139111
0 0.410607866508 0.593954843409 0.00715137067938 0.0123816460306
0 0.417461263409 0.581209031318 0.00655542312277 0.01310997815
0 0.433551847437 0.551711580481 0.00893921334923 0.0123816460306
0 0.381704410012 0.490531682447 0.00655542312277 0.0123816460306
0 0.391537544696 0.499271667881 0.00715137067938 0.0138383102695
0 0.444576877235 0.498543335761 0.00595947556615 0.0123816460306
0 0.46662693683 0.446103423161 0.00595947556615 0.0123816460306
0 0.45768772348 0.479606700655 0.00715137067938 0.0123816460306
0 0.485399284863 0.524763292061 0.00536352800954 0.0094683175528
0 0.489570917759 0.529133284778 0.00536352800954 0.00801165331391
0 0.473480333731 0.541150764749 0.00536352800954 0.00728332119446
0 0.457389749702 0.531682447196 0.00655542312277 0.0116533139111
