0 0.930989583333 0.739351851852 0.0953125 0.252777777778
0 0.397395833333 0.858333333333 0.0447916666667 0.125925925926
0 0.36484375 0.732407407407 0.0338541666667 0.0814814814815
0 0.585416666667 0.64212962963 0.0614583333333 0.0731481481481
0 0.270572916667 0.570833333333 0.0276041666667 0.062037037037
0 0.3015625 0.568055555556 0.021875 0.0305555555556
0 0.346354166667 0.109722222222 0.0322916666667 0.10462962963
0 0.285677083333 0.0601851851852 0.0286458333333 0.0759259259259
0 0.163802083333 0.662962962963 0.0338541666667 0.0481481481481
0 0.05 0.590277777778 0.03125 0.0583333333333
0 0.134375 0.30787037037 0.0354166666667 0.0861111111111
0 0.0588541666667 0.24212962963 0.034375 0.0842592592593
