0 0.857917570499 0.491548042705 0.0281995661605 0.0489323843416
0 0.914678235719 0.296708185053 0.0274765003615 0.0578291814947
0 0.958423716558 0.392348754448 0.0238611713666 0.0355871886121
0 0.877440347072 0.28603202847 0.0267534345625 0.0329181494662
0 0.690889370933 0.580071174377 0.0253073029646 0.0516014234875
0 0.634128705712 0.631227758007 0.0173535791757 0.029359430605
0 0.603036876356 0.600978647687 0.0173535791757 0.0346975088968
0 0.550976138829 0.67037366548 0.0187997107737 0.0400355871886
0 0.577729573391 0.517793594306 0.0202458423717 0.0373665480427
0 0.530007230658 0.580071174377 0.0144613159798 0.0249110320285
0 0.667028199566 0.384786476868 0.0253073029646 0.0489323843416
0 0.751265365148 0.341637010676 0.0216919739696 0.0266903914591
0 0.796818510484 0.126779359431 0.0303687635575 0.0453736654804
0 0.547360809834 0.299377224199 0.0231381055676 0.047153024911
0 0.490961677513 0.408807829181 0.0187997107737 0.0400355871886
0 0.458062183659 0.394128113879 0.0195227765727 0.0427046263345
0 0.420462762111 0.453736654804 0.0195227765727 0.0409252669039
0 0.336225596529 0.495106761566 0.0159074475777 0.0311387900356
0 0.261388286334 0.629003558719 0.0180766449747 0.0338078291815
0 0.186189443239 0.638790035587 0.0180766449747 0.0320284697509
0 0.201735357918 0.563612099644 0.0159074475777 0.0311387900356
0 0.257772957339 0.492882562278 0.0151843817787 0.0213523131673
0 0.255242227043 0.508896797153 0.0144613159798 0.0302491103203
0 0.361532899494 0.754893238434 0.0202458423717 0.0346975088968
0 0.327548806941 0.806939501779 0.0144613159798 0.0249110320285
0 0.395155459147 0.741103202847 0.0166305133767 0.0338078291815
0 0.368763557484 0.717971530249 0.0144613159798 0.0249110320285
0 0.268618944324 0.822953736655 0.0166305133767 0.0231316725979
0 0.766811279826 0.0373665480427 0.0296456977585 0.0284697508897
