0 0.184598672477 0.783295584415 0.0174193548387 0.035652173913
0 0.264921253122 0.669382540936 0.0141935483871 0.0269565217391
0 0.296211575702 0.674599932241 0.0135483870968 0.0269565217391
0 0.284921253122 0.692860801806 0.0141935483871 0.0286956521739
0 0.21169544667 0.736773845284 0.0148387096774 0.0173913043478
0 0.299114801509 0.706339062675 0.0116129032258 0.024347826087
0 0.287179317638 0.555034714849 0.0135483870968 0.024347826087
0 0.230727704735 0.610686888762 0.0167741935484 0.0278260869565
0 0.194921253122 0.570686888762 0.0135483870968 0.0260869565217
0 0.31105028538 0.527643410502 0.0122580645161 0.0252173913043
0 0.385888995057 0.490252106154 0.0109677419355 0.0252173913043
0 0.40169544667 0.507643410502 0.0103225806452 0.0252173913043
0 0.408147059573 0.668512975719 0.0116129032258 0.0217391304348
0 0.423953511186 0.646339062675 0.0109677419355 0.024347826087
0 0.352985769251 0.654165149632 0.0148387096774 0.0260869565217
0 0.456211575702 0.603730367023 0.0109677419355 0.0260869565217
0 0.493953511186 0.576773845284 0.00903225806452 0.0191304347826
0 0.514598672477 0.595469497458 0.00774193548387 0.0147826086957
0 0.479437382154 0.607208627893 0.00838709677419 0.0139130434783
0 0.534276091831 0.57155645398 0.00838709677419 0.015652173913
0 0.539437382154 0.580252106154 0.00838709677419 0.0139130434783
0 0.48105028538 0.52155645398 0.00903225806452 0.02
0 0.503630930541 0.490686888762 0.0116129032258 0.0295652173913
0 0.52105028538 0.445904280067 0.00903225806452 0.02
