0 0.681087319523 0.283752352534 0.0171875 0.0564814814815
0 0.621712319523 0.343011611793 0.0171875 0.0564814814815
0 0.629003986189 0.26754864883 0.0140625 0.0407407407407
0 0.555826902856 0.199030130312 0.0145833333333 0.0388888888889
0 0.547493569523 0.181437537719 0.0104166666667 0.0203703703704
0 0.462337319523 0.261993093275 0.0182291666667 0.05
0 0.518587319523 0.402733834015 0.0161458333333 0.0259259259259
0 0.442545652856 0.3504190192 0.0140625 0.0435185185185
0 0.557649819523 0.538381982163 0.0161458333333 0.0509259259259
0 0.534212319523 0.579122722904 0.0182291666667 0.0546296296296
0 0.493587319523 0.57217827846 0.0192708333333 0.0407407407407
0 0.645410236189 0.610141241423 0.0125 0.0240740740741
0 0.665462319523 0.5879190192 0.0140625 0.0351851851852
0 0.389941486189 0.287456056237 0.0182291666667 0.0564814814815
0 0.356608152856 0.25967827846 0.0182291666667 0.0527777777778
0 0.307389402856 0.300881982163 0.0166666666667 0.0537037037037
0 0.280566486189 0.257363463645 0.0140625 0.0333333333333
0 0.271191486189 0.48004864883 0.0213541666667 0.0490740740741
0 0.310774819523 0.589307908089 0.0161458333333 0.0398148148148
0 0.316243569523 0.638844945126 0.01875 0.0388888888889
0 0.368587319523 0.624030130312 0.0171875 0.0574074074074
0 0.387597736189 0.604585685867 0.0177083333333 0.0574074074074
0 0.238899819523 0.576344945126 0.0171875 0.0435185185185
0 0.159993569523 0.619400500682 0.025 0.0666666666667
0 0.124316486189 0.422641241423 0.0265625 0.062037037037
0 0.207389402856 0.243474574756 0.0239583333333 0.0592592592593
