0 0.9421875 0.360648148148 0.040625 0.0898148148148
0 0.86875 0.665740740741 0.0385416666667 0.103703703704
0 0.769791666667 0.668981481481 0.021875 0.0546296296296
0 0.754166666667 0.598148148148 0.0208333333333 0.0666666666667
0 0.769270833333 0.468055555556 0.028125 0.0657407407407
0 0.66875 0.640277777778 0.025 0.0694444444444
0 0.68984375 0.505092592593 0.0192708333333 0.0453703703704
0 0.848177083333 0.123611111111 0.0317708333333 0.0935185185185
0 0.73203125 0.234259259259 0.0244791666667 0.0703703703704
0 0.70390625 0.190740740741 0.0223958333333 0.0685185185185
0 0.641145833333 0.236111111111 0.0229166666667 0.0685185185185
0 0.548177083333 0.228240740741 0.0192708333333 0.0527777777778
0 0.477604166667 0.178703703704 0.0197916666667 0.0555555555556
0 0.469791666667 0.571296296296 0.0177083333333 0.0537037037037
0 0.4328125 0.337962962963 0.0177083333333 0.0555555555556
0 0.373697916667 0.291666666667 0.0151041666667 0.0462962962963
0 0.410416666667 0.213425925926 0.015625 0.0472222222222
