0 0.842736022191 0.298152849938 0.0630208333333 0.168518518519
0 0.722944355524 0.484726924012 0.0859375 0.158333333333
0 0.565913105524 0.694912109198 0.046875 0.087962962963
0 0.362788105524 0.850930627716 0.0458333333333 0.111111111111
0 0.313048522191 0.677319516605 0.0265625 0.0712962962963
0 0.293517272191 0.506023220309 0.034375 0.10462962963
0 0.480756855524 0.135652849938 0.0411458333333 0.125
0 0.278673522191 0.239356553642 0.0223958333333 0.062037037037
0 0.292736022191 0.203245442531 0.0223958333333 0.0638888888889
0 0.237788105524 0.414356553642 0.025 0.0675925925926
0 0.218517272191 0.630560257346 0.021875 0.0555555555556
