0 0.0255208333333 0.773611111111 0.0427083333333 0.136111111111
0 0.09765625 0.712962962963 0.0453125 0.0925925925926
0 0.322916666667 0.602777777778 0.0291666666667 0.0648148148148
0 0.437239583333 0.582407407407 0.0151041666667 0.0407407407407
0 0.35078125 0.606481481481 0.0213541666667 0.05
0 0.22109375 0.599074074074 0.0223958333333 0.0648148148148
0 0.361979166667 0.296296296296 0.0197916666667 0.0703703703704
0 0.427864583333 0.25462962963 0.0192708333333 0.0592592592593
0 0.383072916667 0.150925925926 0.0192708333333 0.0574074074074
0 0.327083333333 0.0689814814815 0.0229166666667 0.0712962962963
0 0.25 0.0777777777778 0.03125 0.0814814814815
0 0.0828125 0.0444444444444 0.0458333333333 0.0814814814815
