0 0.937007874016 0.908091908092 0.0573678290214 0.123876123876
0 0.95613048369 0.335664335664 0.0641169853768 0.141858141858
0 0.753374578178 0.0999000999001 0.0365579302587 0.10989010989
0 0.503374578178 0.632867132867 0.037120359955 0.0849150849151
0 0.751406074241 0.683316683317 0.0337457817773 0.101898101898
0 0.715973003375 0.638361638362 0.0337457817773 0.0559440559441
0 0.59701912261 0.0879120879121 0.0320584926884 0.0699300699301
0 0.523059617548 0.105394605395 0.0427446569179 0.130869130869
0 0.473284589426 0.323176823177 0.0309336332958 0.0849150849151
0 0.234251968504 0.709290709291 0.0320584926884 0.0699300699301
0 0.267997750281 0.66983016983 0.0264341957255 0.0609390609391
0 0.145669291339 0.64985014985 0.0348706411699 0.0849150849151
0 0.386670416198 0.6998001998 0.0275590551181 0.0589410589411
0 0.243813273341 0.263736263736 0.0298087739033 0.0919080919081
0 0.46062992126 0.186313686314 0.0269966254218 0.0689310689311
0 0.448256467942 0.0304695304695 0.0258717660292 0.0609390609391
0 0.281214848144 0.352147852148 0.0281214848144 0.0849150849151
0 0.926321709786 0.0854145854146 0.0416197975253 0.0909090909091
0 0.33183352081 0.152347652348 0.0258717660292 0.040959040959
0 0.025309336333 0.0719280719281 0.0314960629921 0.0699300699301
0 0.0281214848144 0.132867132867 0.0202474690664 0.0559440559441
0 0.0551181102362 0.514985014985 0.0258717660292 0.0749250749251
0 0.100112485939 0.537962037962 0.0281214848144 0.0689310689311
