0 0.113125839424 0.61087163548 0.01629726206 0.029490616622
0 0.200153218825 0.606850187759 0.013037809648 0.0268096514745
0 0.137245787273 0.621148668545 0.0123859191656 0.0214477211796
0 0.145720363544 0.608190670333 0.0123859191656 0.0223413762288
0 0.220035878538 0.573338123416 0.00977835723598 0.0151921358356
0 0.259149307482 0.518825165418 0.0123859191656 0.0223413762288
0 0.284573036295 0.525527578286 0.0110821382008 0.0232350312779
0 0.284247091054 0.555465022433 0.00782268578879 0.011617515639
0 0.273490898095 0.541166541646 0.0123859191656 0.0241286863271
0 0.279031967195 0.427672350404 0.0117340286832 0.0223413762288
0 0.231769907221 0.472355102862 0.0123859191656 0.0259159964254
0 0.203738616478 0.43705572842 0.0110821382008 0.0196604110813
0 0.290440050637 0.403096836552 0.00977835723598 0.017873100983
0 0.108562606048 0.480844825829 0.0149934810952 0.0285969615728
0 0.0932431797112 0.436608900896 0.013037809648 0.0205540661305
0 0.35367342743 0.374946702504 0.00847457627119 0.0205540661305
0 0.365081510872 0.390585665864 0.00912646675359 0.0214477211796
0 0.326294027169 0.513463235123 0.0110821382008 0.0241286863271
0 0.370296634731 0.528655370958 0.0104302477184 0.0187667560322
0 0.382356608655 0.510335442451 0.00847457627119 0.0142984807864
0 0.409410063675 0.476376550583 0.00912646675359 0.0232350312779
0 0.44070080683 0.45269469178 0.00782268578879 0.0187667560322
0 0.459279685578 0.46922731019 0.00586701434159 0.0107238605898
0 0.476554783362 0.450907381682 0.00782268578879 0.0134048257373
0 0.481118016739 0.458056622075 0.00651890482399 0.011617515639
0 0.431248394835 0.403990491602 0.00717079530639 0.017873100983
0 0.449501328342 0.382095942897 0.00977835723598 0.0151921358356
0 0.466124535643 0.33741319044 0.00782268578879 0.0169794459339
