0 0.875815056313 0.462115232833 0.0302311796088 0.0481452249408
0 0.840248962656 0.454222573007 0.0243034973325 0.0370955011839
0 0.725844694724 0.510260457774 0.0231179608773 0.0370955011839
0 0.606698280972 0.52091554854 0.0302311796088 0.0473559589582
0 0.772673384707 0.259668508287 0.0254890337878 0.0552486187845
0 0.800237107291 0.189818468824 0.0308239478364 0.0497237569061
0 0.516597510373 0.239936858721 0.0290456431535 0.0678768745067
0 0.467101363367 0.254932912391 0.0213396561944 0.034727703236
0 0.598695909899 0.326756116811 0.0272673384707 0.0473559589582
0 0.58239478364 0.145224940805 0.0183758150563 0.0315706393054
0 0.693538826319 0.161010260458 0.0237107291049 0.0268350434096
0 0.356550088915 0.757300710339 0.031416716064 0.060773480663
0 0.276229994072 0.732438831886 0.0272673384707 0.0647198105762
0 0.137522228809 0.71862667719 0.0379371665679 0.0591949486977
0 0.44398340249 0.604972375691 0.0225251926497 0.0449881610103
0 0.461470065205 0.580110497238 0.0207468879668 0.0299921073402
0 0.278601066983 0.497237569061 0.0284528749259 0.0473559589582
0 0.164196799052 0.393054459353 0.0308239478364 0.0615627466456
0 0.120331950207 0.377663772691 0.0343805572021 0.0402525651144
0 0.184647302905 0.318074191002 0.036158861885 0.052091554854
0 0.377296976882 0.31136543015 0.0219324244221 0.0544593528019
0 0.274451689389 0.369771112865 0.0225251926497 0.0402525651144
