0 0.455208333333 0.679166666667 0.0229166666667 0.0768518518519
0 0.4 0.638888888889 0.0270833333333 0.0537037037037
0 0.2640625 0.598611111111 0.0270833333333 0.0712962962963
0 0.35234375 0.361574074074 0.0192708333333 0.0416666666667
0 0.417447916667 0.256944444444 0.0244791666667 0.0842592592593
0 0.452864583333 0.134722222222 0.0286458333333 0.087962962963
0 0.44921875 0.0384259259259 0.0255208333333 0.0712962962963
0 0.328125 0.0837962962963 0.01875 0.0601851851852
0 0.311979166667 0.0699074074074 0.01875 0.0416666666667
0 0.206510416667 0.241666666667 0.0244791666667 0.0518518518519
0 0.233854166667 0.206018518519 0.025 0.0638888888889
0 0.14765625 0.299074074074 0.0203125 0.0611111111111
0 0.134635416667 0.256944444444 0.0182291666667 0.0453703703704
0 0.07421875 0.260185185185 0.0213541666667 0.0574074074074
0 0.0125 0.594907407407 0.0229166666667 0.0472222222222
0 0.00885416666667 0.430092592593 0.015625 0.0564814814815
