0 0.084375 0.659722222222 0.021875 0.0657407407407
0 0.104166666667 0.6625 0.01875 0.0453703703704
0 0.327083333333 0.603703703704 0.0197916666667 0.05
0 0.390104166667 0.598148148148 0.0125 0.0277777777778
0 0.332291666667 0.42037037037 0.0177083333333 0.0574074074074
0 0.269010416667 0.211574074074 0.0234375 0.0694444444444
0 0.0778645833333 0.0962962962963 0.0411458333333 0.0944444444444
0 0.197135416667 0.173611111111 0.0213541666667 0.0546296296296
0 0.178385416667 0.210648148148 0.0255208333333 0.0731481481481
0 0.299479166667 0.231018518519 0.01875 0.037962962963
0 0.4078125 0.388888888889 0.0125 0.0240740740741
0 0.361197916667 0.477314814815 0.0140625 0.0212962962963
