0 0.0775602409639 0.91484300666 0.0918674698795 0.145575642245
0 0.435240963855 0.683158896289 0.0376506024096 0.0723120837298
0 0.407756024096 0.495718363463 0.0414156626506 0.09324452902
0 0.0380271084337 0.263558515699 0.0700301204819 0.125594671741
0 0.343373493976 0.159847764034 0.0421686746988 0.0799238820171
0 0.238704819277 0.0451950523311 0.0451807228916 0.0732635585157
0 0.255271084337 0.298763082778 0.0346385542169 0.0551855375833
0 0.398719879518 0.437678401522 0.0368975903614 0.0361560418649
0 0.571159638554 0.411988582303 0.0308734939759 0.0532825880114
0 0.607680722892 0.622740247383 0.0286144578313 0.0656517602284
0 0.346385542169 0.664129400571 0.0301204819277 0.0380589914367
0 0.328313253012 0.613701236917 0.0316265060241 0.0589914367269
0 0.504141566265 0.190770694577 0.0173192771084 0.0428163653663
0 0.490963855422 0.18173168411 0.0180722891566 0.0361560418649
