0 0.951538461781 0.801462083469 0.0586132952109 0.140939597315
0 0.852539176577 0.738662466978 0.0621872766262 0.0958772770853
0 0.543389784154 0.624568507247 0.0400285918513 0.0671140939597
0 0.386492000022 0.603475506288 0.0207290922087 0.0421860019175
0 0.50514818301 0.62840359833 0.0293066476054 0.0517737296261
0 0.683132457492 0.620733416163 0.0307362401716 0.0671140939597
0 0.489780062924 0.307214720094 0.0271622587563 0.0728667305849
0 0.399358333117 0.264069945406 0.0264474624732 0.0613614573346
0 0.46083081346 0.15668739507 0.0264474624732 0.0594439117929
0 0.537671413889 0.0718360048496 0.0314510364546 0.0738255033557
0 0.643461263782 0.0809443461727 0.0428877769836 0.0843720038351
0 0.872910870644 0.046428526422 0.0629020729092 0.0843720038351
