0 0.930208333333 0.77962962963 0.0885416666667 0.212962962963
0 0.762239583333 0.697222222222 0.0526041666667 0.109259259259
0 0.30703125 0.636574074074 0.0307291666667 0.0657407407407
0 0.51953125 0.624074074074 0.0296875 0.0592592592593
0 0.487760416667 0.161111111111 0.0276041666667 0.0851851851852
0 0.575 0.0606481481481 0.0270833333333 0.0935185185185
0 0.598177083333 0.0574074074074 0.0296875 0.109259259259
0 0.69296875 0.123148148148 0.0411458333333 0.0944444444444
0 0.216145833333 0.630092592593 0.01875 0.0398148148148
0 0.439322916667 0.450925925926 0.0255208333333 0.0648148148148
0 0.4578125 0.593981481481 0.021875 0.0527777777778
0 0.298958333333 0.394444444444 0.025 0.0851851851852
0 0.257291666667 0.477314814815 0.0208333333333 0.0398148148148
0 0.38046875 0.137962962963 0.0255208333333 0.087037037037
0 0.340364583333 0.160185185185 0.0223958333333 0.0462962962963
0 0.1921875 0.359259259259 0.0177083333333 0.0296296296296
