0 0.321177223289 0.637145313844 0.043506078055 0.0911435941531
0 0.285028790787 0.650472914875 0.0364683301344 0.0765262252794
0 0.399872040947 0.599742046432 0.0447856685861 0.0920034393809
0 0.493282149712 0.563628546862 0.0371081253999 0.0713671539123
0 0.530070377479 0.590713671539 0.0236724248241 0.0567497850387
0 0.844849648113 0.800515907137 0.0313499680102 0.0567497850387
0 0.717850287908 0.715391229579 0.0255918106206 0.0533104041273
0 0.806461932182 0.705932932072 0.0287907869482 0.055030094583
0 0.653550863724 0.36543422184 0.0364683301344 0.0773860705073
0 0.440499040307 0.193895098882 0.0403071017274 0.0885640584695
0 0.605886116443 0.224419604471 0.040946896993 0.0894239036973
0 0.698016634677 0.371023215821 0.0294305822137 0.0541702493551
0 0.806461932182 0.405846947549 0.0313499680102 0.0464316423044
0 0.82021753039 0.328460877042 0.0319897632758 0.0464316423044
0 0.856046065259 0.321582115219 0.0319897632758 0.0584694754944
0 0.882597568778 0.551590713672 0.0275111964171 0.0421324161651
0 0.612603966731 0.600171969046 0.0313499680102 0.0687876182287
0 0.691938579655 0.717110920034 0.0300703774792 0.0429922613929
0 0.905950095969 0.704213241617 0.0230326295585 0.0275150472915
