0 0.326809173952 0.759148608628 0.0485549132948 0.126679462572
0 0.136924780888 0.433812716113 0.0734104046243 0.182341650672
0 0.0441502144141 0.713083349511 0.0647398843931 0.10556621881
0 0.182878538114 0.345520969472 0.0531791907514 0.107485604607
0 0.331722468749 0.303774328397 0.0364161849711 0.073896353167
0 0.630855416726 0.677574712274 0.0439306358382 0.126679462572
0 0.686635763547 0.630549760259 0.0271676300578 0.0882917466411
0 0.730855416726 0.59648066237 0.028901734104 0.0777351247601
0 0.55137564794 0.274503695 0.0491329479769 0.10556621881
0 0.716115532333 0.149263771775 0.0271676300578 0.0815738963532
0 0.649063509212 0.134868378301 0.0306358381503 0.0892514395393
0 0.636635763547 0.0777666508541 0.0254335260116 0.0383877159309
0 0.81524848031 0.140626535691 0.0277456647399 0.0681381957774
0 0.903687786668 0.131029606708 0.0219653179191 0.0585412667946
0 0.763225358923 0.327766650854 0.0231213872832 0.0508637236084
0 0.878254260657 0.549455710355 0.0265895953757 0.0623800383877
0 0.901664665281 0.54657663166 0.0225433526012 0.0662188099808
0 0.973340965859 0.545137092313 0.0190751445087 0.0460652591171
0 0.95686697742 0.221240739146 0.0242774566474 0.0547024952015
