0 0.537760416667 0.338425925926 0.00989583333333 0.0287037037037
0 0.556510416667 0.337962962963 0.0151041666667 0.0444444444444
0 0.587760416667 0.289814814815 0.0151041666667 0.0388888888889
0 0.565625 0.252314814815 0.0145833333333 0.0472222222222
0 0.675 0.293981481481 0.0197916666667 0.062037037037
0 0.7625 0.118518518519 0.0260416666667 0.0481481481481
0 0.741927083333 0.481018518519 0.0328125 0.0898148148148
0 0.58046875 0.506018518519 0.0151041666667 0.0398148148148
0 0.628645833333 0.668981481481 0.0166666666667 0.0490740740741
0 0.8015625 0.646296296296 0.025 0.0592592592593
0 0.868489583333 0.734259259259 0.0401041666667 0.1
0 0.8 0.14537037037 0.0322916666667 0.0833333333333
0 0.949479166667 0.345833333333 0.0375 0.0472222222222
0 0.977864583333 0.292592592593 0.0390625 0.17037037037
