0 0.886694386694 0.736279069767 0.045045045045 0.0827906976744
0 0.937976437976 0.370697674419 0.047817047817 0.0902325581395
0 0.860706860707 0.340930232558 0.030492030492 0.0455813953488
0 0.714483714484 0.329302325581 0.026334026334 0.0595348837209
0 0.555786555787 0.223255813953 0.029106029106 0.0613953488372
0 0.504504504505 0.280465116279 0.022176022176 0.0586046511628
0 0.561330561331 0.439069767442 0.02772002772 0.0372093023256
0 0.651767151767 0.66 0.025641025641 0.053023255814
0 0.681912681913 0.649302325581 0.026334026334 0.0316279069767
0 0.515939015939 0.708372093023 0.028413028413 0.0586046511628
0 0.457033957034 0.626046511628 0.024255024255 0.0576744186047
0 0.370062370062 0.511627906977 0.02079002079 0.0539534883721
0 0.310117810118 0.537674418605 0.024255024255 0.033488372093
0 0.438669438669 0.262790697674 0.019404019404 0.0418604651163
0 0.485446985447 0.244186046512 0.021483021483 0.0362790697674
0 0.303187803188 0.308837209302 0.025641025641 0.0539534883721
0 0.239778239778 0.236279069767 0.029106029106 0.0520930232558
0 0.2772002772 0.453953488372 0.022176022176 0.046511627907
0 0.223839223839 0.498604651163 0.022176022176 0.0297674418605
0 0.163201663202 0.444186046512 0.021483021483 0.04
0 0.151767151767 0.466046511628 0.02079002079 0.0297674418605
0 0.188496188496 0.100930232558 0.02772002772 0.0455813953488
