0 0.854166666667 0.188888888889 0.0291666666667 0.0740740740741
0 0.85546875 0.666203703704 0.0369791666667 0.0824074074074
0 0.822395833333 0.616203703704 0.0322916666667 0.0861111111111
0 0.688802083333 0.556944444444 0.0265625 0.0768518518519
0 0.643229166667 0.584722222222 0.0239583333333 0.0694444444444
0 0.751041666667 0.6625 0.0229166666667 0.0564814814815
0 0.793229166667 0.231944444444 0.028125 0.0694444444444
0 0.73984375 0.208333333333 0.0338541666667 0.0962962962963
0 0.637239583333 0.309259259259 0.0286458333333 0.0814814814815
0 0.552864583333 0.190740740741 0.0203125 0.062962962963
0 0.660416666667 0.0513888888889 0.01875 0.0453703703704
0 0.67890625 0.0694444444444 0.0234375 0.0518518518519
0 0.598958333333 0.17962962963 0.0229166666667 0.0481481481481
0 0.540104166667 0.653240740741 0.0270833333333 0.0453703703704
0 0.42109375 0.663425925926 0.0223958333333 0.0675925925926
0 0.438020833333 0.167592592593 0.01875 0.05
0 0.452604166667 0.205092592593 0.021875 0.0768518518519
0 0.383072916667 0.126388888889 0.0265625 0.0861111111111
0 0.29375 0.228240740741 0.0197916666667 0.0527777777778
0 0.315625 0.390740740741 0.0239583333333 0.0537037037037
0 0.338541666667 0.462037037037 0.0166666666667 0.0259259259259
0 0.332291666667 0.611111111111 0.0260416666667 0.0740740740741
0 0.2375 0.588888888889 0.0239583333333 0.0537037037037
0 0.301302083333 0.711111111111 0.0286458333333 0.0685185185185
0 0.208854166667 0.565277777778 0.0208333333333 0.0287037037037
0 0.128645833333 0.231481481481 0.021875 0.037037037037
0 0.0572916666667 0.25 0.03125 0.0685185185185
0 0.129166666667 0.643055555556 0.025 0.0546296296296
0 0.0677083333333 0.566666666667 0.0291666666667 0.0555555555556
0 0.365625 0.250925925926 0.021875 0.0537037037037
