0 0.1875 0.610185185185 0.0166666666667 0.0462962962963
0 0.161197916667 0.594444444444 0.0192708333333 0.05
0 0.1328125 0.563425925926 0.01875 0.0453703703704
0 0.11015625 0.544907407407 0.0182291666667 0.0398148148148
0 0.0567708333333 0.538888888889 0.0166666666667 0.037037037037
0 0.17109375 0.350462962963 0.0171875 0.0527777777778
0 0.0817708333333 0.343981481481 0.0197916666667 0.0509259259259
0 0.0526041666667 0.393518518519 0.0197916666667 0.0481481481481
0 0.197395833333 0.226388888889 0.0166666666667 0.0435185185185
0 0.142708333333 0.225462962963 0.0260416666667 0.0546296296296
