0 0.784124194493 0.698372966208 0.0181605155243 0.0500625782228
0 0.792911540715 0.737797246558 0.0193321616872 0.0413016270338
0 0.727299355595 0.748435544431 0.0181605155243 0.0475594493116
0 0.687170474517 0.655193992491 0.0199179847686 0.0688360450563
0 0.594024604569 0.689612015019 0.0199179847686 0.0801001251564
0 0.629173989455 0.747809762203 0.0187463386057 0.0387984981227
0 0.683362624487 0.439924906133 0.02050380785 0.0713391739675
0 0.751318101933 0.373591989987 0.02050380785 0.0763454317897
0 0.821616871705 0.215269086358 0.0216754540129 0.0650813516896
0 0.579964850615 0.293491864831 0.0175746924429 0.0613266583229
0 0.533099004101 0.255319148936 0.0175746924429 0.0475594493116
0 0.513181019332 0.289737171464 0.0210896309315 0.0838548185232
0 0.489455184534 0.795369211514 0.0216754540129 0.081351689612
0 0.4179847686 0.86170212766 0.0251903925015 0.0788485607009
0 0.313415348565 0.73717146433 0.02460456942 0.0826032540676
0 0.289982425308 0.700250312891 0.0234329232572 0.0488110137672
0 0.430579964851 0.483729662078 0.0234329232572 0.063829787234
0 0.477152899824 0.193366708385 0.0240187463386 0.0888610763454
0 0.316637375513 0.245306633292 0.0240187463386 0.0876095118899
0 0.118043350908 0.738423028786 0.0357352079672 0.137672090113
0 0.200351493849 0.222778473091 0.02460456942 0.0475594493116
0 0.142647920328 0.240926157697 0.0357352079672 0.103879849812
0 0.0705916813122 0.389236545682 0.02050380785 0.0625782227785
0 0.0243116578793 0.0425531914894 0.0310486233158 0.0700876095119
