0 0.160416666667 0.50462962963 0.0166666666667 0.05
0 0.0658854166667 0.606481481481 0.0140625 0.0425925925926
0 0.0247395833333 0.565277777778 0.0192708333333 0.0472222222222
0 0.1890625 0.353240740741 0.0135416666667 0.0324074074074
0 0.255989583333 0.326388888889 0.0109375 0.0268518518519
0 0.213802083333 0.343981481481 0.0130208333333 0.0212962962963
0 0.159375 0.258333333333 0.0177083333333 0.0444444444444
0 0.207291666667 0.244444444444 0.0166666666667 0.037037037037
0 0.1171875 0.224537037037 0.0177083333333 0.0324074074074
0 0.0885416666667 0.250462962963 0.0166666666667 0.0416666666667
