0 0.909622886866 0.665148063781 0.0221066319896 0.0660592255125
0 0.890117035111 0.667425968109 0.0195058517555 0.0455580865604
0 0.669375812744 0.604783599089 0.020156046814 0.0501138952164
0 0.606631989597 0.598519362187 0.0130039011704 0.0284738041002
0 0.665799739922 0.425398633257 0.0182054616385 0.0580865603645
0 0.729843953186 0.222665148064 0.0240572171651 0.0694760820046
0 0.920026007802 0.113895216401 0.0416124837451 0.0933940774487
0 0.801365409623 0.186788154897 0.0214564369311 0.0546697038724
0 0.819895968791 0.223804100228 0.0260078023407 0.0717539863326
0 0.699284785436 0.240888382688 0.018855656697 0.0375854214123
0 0.591027308192 0.392938496583 0.0130039011704 0.0250569476082
0 0.636540962289 0.480637813212 0.0143042912874 0.0227790432802
