0 0.16859344894 0.15160230074 0.0224791265254 0.0386195562859
0 0.301862556198 0.21446179129 0.0179833012203 0.037797863599
0 0.18368657675 0.454396055875 0.0205523442518 0.0312243221035
0 0.239242132306 0.449876746097 0.0173410404624 0.0353327855382
0 0.114964675658 0.366885784717 0.019267822736 0.0304026294166
0 0.100834938985 0.343467543139 0.019267822736 0.0180772391126
0 0.321772639692 0.444535743632 0.0141297366731 0.0345110928513
0 0.339755940912 0.475760065735 0.0141297366731 0.0164338537387
0 0.385356454721 0.459326211997 0.0128452151574 0.0262941659819
0 0.399165061015 0.503697617091 0.0122029543995 0.0164338537387
0 0.434810533076 0.500410846343 0.0102761721259 0.0180772391126
0 0.436416184971 0.515612161052 0.0109184328838 0.0188989317995
0 0.405587668593 0.383319638455 0.0122029543995 0.025472473295
0 0.234104046243 0.312243221035 0.0211946050096 0.0230073952342
0 0.314386640976 0.263763352506 0.014771997431 0.0328677074774
0 0.357418111753 0.290879211175 0.0122029543995 0.0246507806081
0 0.449261400128 0.382908792112 0.0122029543995 0.0230073952342
0 0.50289017341 0.353327855382 0.0128452151574 0.0230073952342
0 0.459858702633 0.374281018899 0.0115606936416 0.0188989317995
