0 0.528642149929 0.420353982301 0.0162659123055 0.0383480825959
0 0.523338048091 0.470009832842 0.01414427157 0.0353982300885
0 0.600424328147 0.428711897738 0.01414427157 0.0353982300885
0 0.33981612447 0.552605703048 0.0106082036775 0.0196656833825
0 0.419024045262 0.58947885939 0.0120226308345 0.0265486725664
0 0.407708628006 0.582595870206 0.0120226308345 0.0285152409046
0 0.316831683168 0.551130776794 0.00707213578501 0.0127826941986
0 0.397100424328 0.425762045231 0.00919377652051 0.0216322517207
0 0.497524752475 0.38151425762 0.0120226308345 0.0255653883972
0 0.555516265912 0.375122910521 0.0148514851485 0.0285152409046
0 0.422913719943 0.451819075713 0.00848656294201 0.0167158308751
0 0.423267326733 0.431661750246 0.0106082036775 0.0176991150442
0 0.454384724187 0.422812192724 0.0106082036775 0.0216322517207
0 0.355374823197 0.486725663717 0.00919377652051 0.0196656833825
0 0.330975954738 0.446411012783 0.00565770862801 0.0137659783677
