0 0.768886043534 0.23134991119 0.0256081946223 0.050621669627
0 0.881241997439 0.297957371226 0.0236875800256 0.0435168738899
0 0.877400768246 0.256660746004 0.0224071702945 0.0337477797513
0 0.630601792574 0.229573712256 0.0204865556978 0.0328596802842
0 0.598911651729 0.295293072824 0.0211267605634 0.0435168738899
0 0.5771446863 0.206927175844 0.0198463508323 0.0355239786856
0 0.755441741357 0.138987566607 0.0166453265045 0.0186500888099
0 0.67861715749 0.457371225577 0.0243277848912 0.0550621669627
0 0.758002560819 0.555062166963 0.0204865556978 0.044404973357
0 0.710307298335 0.547069271758 0.0160051216389 0.0355239786856
0 0.899167733675 0.491563055062 0.0249679897567 0.0417406749556
0 0.637644046095 0.626998223801 0.0230473751601 0.0426287744227
0 0.562099871959 0.470692717584 0.0166453265045 0.0266429840142
0 0.487195902689 0.503108348135 0.0230473751601 0.0559502664298
0 0.498399487836 0.702042628774 0.0211267605634 0.0595026642984
0 0.455185659411 0.744227353464 0.0166453265045 0.0373001776199
0 0.426376440461 0.708259325044 0.0179257362356 0.0417406749556
0 0.404289372599 0.620337477798 0.0211267605634 0.0435168738899
0 0.388604353393 0.392095914742 0.0217669654289 0.0523978685613
0 0.454865556978 0.337477797513 0.0185659411012 0.0408525754885
0 0.3271446863 0.487122557726 0.0179257362356 0.0488454706927
0 0.298655569782 0.46891651865 0.0198463508323 0.0426287744227
0 0.249679897567 0.522202486679 0.0217669654289 0.0515097690941
0 0.368758002561 0.786856127886 0.0204865556978 0.0479573712256
0 0.354353393086 0.679840142096 0.01728553137 0.0275310834813
0 0.146606914213 0.563499111901 0.0217669654289 0.0577264653641
0 0.0441741357234 0.538188277087 0.0204865556978 0.0319715808171
0 0.0374519846351 0.559502664298 0.0185659411012 0.0426287744227
0 0.179897567222 0.876110124334 0.0243277848912 0.0470692717584
0 0.136043533931 0.895648312611 0.0262483994878 0.0488454706927
0 0.854993597951 0.0697158081705 0.0224071702945 0.0470692717584
