0 0.306451612903 0.314685314685 0.0217959895379 0.0512820512821
0 0.337401918047 0.379370629371 0.0244115082825 0.0524475524476
0 0.398430688753 0.322843822844 0.0191804707934 0.037296037296
0 0.360069747167 0.450466200466 0.0244115082825 0.0454545454545
0 0.39668700959 0.731934731935 0.0209241499564 0.039627039627
0 0.521795989538 0.613053613054 0.0200523103749 0.039627039627
0 0.539668700959 0.59965034965 0.0156931124673 0.0337995337995
0 0.537053182214 0.386363636364 0.0139494333043 0.0221445221445
0 0.534001743679 0.414918414918 0.0113339145597 0.027972027972
0 0.57497820401 0.376456876457 0.0148212728858 0.032634032634
0 0.477332170881 0.37703962704 0.0165649520488 0.0291375291375
0 0.496076721883 0.395104895105 0.0104620749782 0.02331002331
0 0.485614646905 0.397435897436 0.0122057541412 0.02331002331
0 0.659110723627 0.550116550117 0.0139494333043 0.027972027972
0 0.701830863121 0.542540792541 0.0104620749782 0.0221445221445
0 0.63775065388 0.457459207459 0.0148212728858 0.0291375291375
0 0.684829991282 0.40034965035 0.0130775937228 0.0174825174825
0 0.456843940715 0.497086247086 0.0156931124673 0.0337995337995
0 0.452920662598 0.606643356643 0.0148212728858 0.0244755244755
0 0.662162162162 0.480769230769 0.00959023539669 0.0174825174825
