0 0.0611758474576 0.207931404073 0.0291313559322 0.064308681672
0 0.188824152542 0.242229367631 0.0354872881356 0.0921757770632
0 0.238082627119 0.582529474812 0.03125 0.108252947481
0 0.222987288136 0.110932475884 0.0254237288136 0.0718113612004
0 0.287605932203 0.12486602358 0.0254237288136 0.0782422293676
0 0.320974576271 0.192926045016 0.0264830508475 0.0664523043944
0 0.462923728814 0.286173633441 0.0254237288136 0.096463022508
0 0.424258474576 0.68756698821 0.0233050847458 0.0846730975348
0 0.568855932203 0.790460878885 0.0264830508475 0.091103965702
0 0.462394067797 0.825294748124 0.0286016949153 0.0385852090032
0 0.628177966102 0.731511254019 0.0233050847458 0.0653804930332
0 0.782044491525 0.79421221865 0.03125 0.0878885316184
0 0.695709745763 0.556270096463 0.0333686440678 0.109324758842
0 0.711069915254 0.497856377278 0.0238347457627 0.058949624866
0 0.777277542373 0.447481243301 0.0227754237288 0.048231511254
0 0.737552966102 0.348874598071 0.020656779661 0.0610932475884
0 0.615730932203 0.137727759914 0.0259533898305 0.058949624866
0 0.521186440678 0.386387995713 0.0264830508475 0.0739549839228
0 0.688294491525 0.195605573419 0.0291313559322 0.0846730975348
0 0.681144067797 0.0300107181136 0.0222457627119 0.0600214362272
0 0.959216101695 0.405680600214 0.0444915254237 0.0932475884244
0 0.982521186441 0.110932475884 0.0296610169492 0.091103965702
