0 0.213650793651 0.394305019305 0.0590476190476 0.13416988417
0 0.33873015873 0.515926640927 0.0793650793651 0.126447876448
0 0.5 0.648166023166 0.0438095238095 0.0704633204633
0 0.699047619048 0.728281853282 0.0431746031746 0.0878378378378
0 0.731428571429 0.580598455598 0.0253968253968 0.0569498069498
0 0.73619047619 0.441602316602 0.032380952381 0.0839768339768
0 0.534285714286 0.189671814672 0.0387301587302 0.0994208494208
0 0.728571428571 0.228764478764 0.0209523809524 0.0501930501931
0 0.713015873016 0.203185328185 0.0215873015873 0.0511583011583
0 0.78 0.358108108108 0.0234920634921 0.0540540540541
0 0.814920634921 0.524131274131 0.0209523809524 0.0444015444015
