0 0.568215297981 0.12627909087 0.0213541666667 0.062037037037
0 0.537225714648 0.302205016796 0.01875 0.0712962962963
0 0.434361131315 0.298964276056 0.0203125 0.0648148148148
0 0.408319464648 0.370260572352 0.0213541666667 0.0555555555556
0 0.490350714648 0.586927239019 0.0208333333333 0.0611111111111
0 0.523944464648 0.630445757537 0.0223958333333 0.0666666666667
0 0.557017381315 0.654056868648 0.0197916666667 0.0694444444444
0 0.419777797981 0.550816127908 0.0171875 0.0425925925926
0 0.349986131315 0.606371683463 0.0203125 0.0388888888889
0 0.313788214648 0.255445757537 0.0177083333333 0.0407407407407
0 0.331236131315 0.281371683463 0.0171875 0.037037037037
0 0.509881964648 0.129519831611 0.0161458333333 0.0407407407407
0 0.495298631315 0.112853164945 0.0223958333333 0.0703703703704
0 0.491131964648 0.173501313093 0.0140625 0.0324074074074
0 0.263788214648 0.634612424204 0.01875 0.0416666666667
0 0.298163214648 0.575816127908 0.0197916666667 0.0462962962963
0 0.272121547981 0.431834646426 0.0177083333333 0.0342592592593
0 0.239569464648 0.5434087205 0.0130208333333 0.0222222222222
0 0.218215297981 0.588316127908 0.0140625 0.0305555555556
0 0.199986131315 0.339705016796 0.0151041666667 0.0222222222222
0 0.157538214648 0.360075387167 0.0197916666667 0.0351851851852
0 0.332798631315 0.329519831611 0.0151041666667 0.0407407407407
