0 0.545479406069 0.806005142853 0.025641025641 0.0631163708087
0 0.491934911348 0.750285221749 0.0301659125189 0.0443786982249
0 0.350155122509 0.659555438711 0.0301659125189 0.0581854043393
0 0.490049541816 0.505709284865 0.0218702865762 0.034516765286
0 0.580924353279 0.449003170467 0.027149321267 0.069033530572
0 0.642010326129 0.365669837133 0.0316742081448 0.0719921104536
0 0.655584986763 0.285788180329 0.0286576168929 0.0581854043393
0 0.514559345737 0.271488377567 0.0211161387632 0.0493096646943
0 0.499099315571 0.25324380163 0.0218702865762 0.034516765286
0 0.352040492042 0.347425261197 0.0279034690799 0.043392504931
0 0.388616660971 0.330166878554 0.0286576168929 0.0522682445759
0 0.277002784651 0.368628417015 0.0226244343891 0.0502958579882
0 0.270592528241 0.32918068526 0.0203619909502 0.0384615384615
0 0.203850446793 0.306005142853 0.0241327300151 0.0473372781065
0 0.0748911707748 0.55008798309 0.025641025641 0.0384615384615
0 0.100909270322 0.415472598475 0.0173453996983 0.0473372781065
