0 0.297985667401 0.61679049024 0.0390625 0.0675925925926
0 0.0771523340677 0.63392011987 0.0453125 0.0481481481481
0 0.588610667401 0.67142011987 0.0223958333333 0.0583333333333
0 0.649027334068 0.620957156907 0.0223958333333 0.0759259259259
0 0.562829417401 0.643179379129 0.0197916666667 0.0462962962963
0 0.362048167401 0.341327527278 0.0296875 0.0648148148148
0 0.263871084068 0.145957156907 0.04375 0.109259259259
0 0.201631500734 0.112623823574 0.0328125 0.0648148148148
0 0.0724648340677 0.0991978976479 0.0359375 0.106481481481
0 0.397464834068 0.0829941939442 0.0223958333333 0.0462962962963
0 0.582360667401 0.307994193944 0.0223958333333 0.0666666666667
0 0.577412750734 0.193179379129 0.01875 0.05
0 0.493298167401 0.197346045796 0.0192708333333 0.0305555555556
0 0.445902334068 0.670494193944 0.0223958333333 0.0490740740741
0 0.704235667401 0.5260497495 0.0192708333333 0.0583333333333
0 0.665954417401 0.421883082833 0.0197916666667 0.0518518518519
0 0.722464834068 0.515864564315 0.0171875 0.0435185185185
0 0.744339834068 0.169568268018 0.0223958333333 0.0694444444444
0 0.778714834068 0.183457156907 0.0203125 0.0564814814815
0 0.792516917401 0.215864564315 0.0197916666667 0.0509259259259
