0 0.415782493369 0.746413934426 0.0371352785146 0.10143442623
0 0.659151193634 0.574282786885 0.0318302387268 0.0768442622951
0 0.429376657825 0.210553278689 0.0298408488064 0.0870901639344
0 0.692970822281 0.557889344262 0.025198938992 0.0686475409836
0 0.649204244032 0.155737704918 0.025198938992 0.0614754098361
0 0.738395225464 0.22131147541 0.0205570291777 0.0389344262295
0 0.729774535809 0.262295081967 0.0152519893899 0.0368852459016
0 0.676061007958 0.207991803279 0.0165782493369 0.0409836065574
0 0.662466843501 0.209528688525 0.0159151193634 0.046106557377
0 0.79476127321 0.21618852459 0.0232095490716 0.0491803278689
0 0.880968169761 0.503586065574 0.0245358090186 0.0420081967213
0 0.858090185676 0.513831967213 0.0172413793103 0.031762295082
0 0.866710875332 0.357581967213 0.0225464190981 0.047131147541
0 0.89025198939 0.409836065574 0.0165782493369 0.0430327868852
0 0.925066312997 0.504098360656 0.0145888594164 0.0266393442623
0 0.518899204244 0.543545081967 0.0258620689655 0.0522540983607
0 0.491379310345 0.684426229508 0.0397877984085 0.0594262295082
