0 0.0999556916423 0.465016519348 0.0318246110325 0.0622710622711
0 0.198965592632 0.544686849019 0.0346534653465 0.0732600732601
0 0.138498831671 0.504851684184 0.025459688826 0.0540293040293
0 0.414665734075 0.659155713488 0.0318246110325 0.0641025641026
0 0.615514390369 0.76217769151 0.0275813295615 0.0631868131868
0 0.567777473821 0.693954248286 0.02828854314 0.0531135531136
0 0.544793032519 0.549723479055 0.0374823196605 0.0723443223443
0 0.475132495037 0.438917618249 0.024045261669 0.0320512820513
0 0.326971250341 0.353294907627 0.0388967468175 0.0604395604396
0 0.195075917951 0.167855347187 0.032531824611 0.0613553113553
0 0.846066016961 0.462269266601 0.0360678925035 0.0769230769231
0 0.916080161232 0.675181354513 0.0431400282885 0.0650183150183
0 0.694015097583 0.29651835085 0.0289957567185 0.0421245421245
0 0.609503074952 0.308880988213 0.031117397454 0.0595238095238
0 0.264029241854 0.21043776477 0.0275813295615 0.0531135531136
0 0.284184828842 0.176554980887 0.025459688826 0.03663003663
0 0.51615088259 0.395419449751 0.018387553041 0.040293040293
0 0.537720896734 0.504851684184 0.0233380480905 0.0448717948718
0 0.75660349928 0.89129857063 0.033946251768 0.0613553113553
