0 0.903141068117 0.726616942015 0.0299448384555 0.0695443645084
0 0.730564235965 0.579734448011 0.0236406619385 0.0539568345324
0 0.682100878991 0.613307589497 0.0228526398739 0.0515587529976
0 0.707317585059 0.637887925229 0.0244286840032 0.0551558752998
0 0.842069358109 0.663067781344 0.0244286840032 0.0335731414868
0 0.689193077573 0.673259627867 0.0197005516154 0.0467625899281
0 0.652156040536 0.387288404845 0.0228526398739 0.0479616306954
0 0.764449184744 0.446640922831 0.0283687943262 0.0539568345324
0 0.807396387265 0.345321977987 0.0228526398739 0.0503597122302
0 0.603298672529 0.354914304126 0.0197005516154 0.0479616306954
0 0.467758877415 0.344122937219 0.0181245074862 0.0479616306954
0 0.448452336832 0.387288404845 0.0173364854216 0.0479616306954
0 0.498097726903 0.687648117075 0.0189125295508 0.0419664268585
0 0.464212778124 0.658871138658 0.0173364854216 0.0467625899281
0 0.582416087817 0.618703272951 0.0252167060678 0.0503597122302
0 0.396048869535 0.604914304126 0.0181245074862 0.0491606714628
0 0.324338861655 0.583931090697 0.0149724192277 0.0359712230216
0 0.29794012249 0.633691282543 0.0126083530339 0.0275779376499
0 0.35940584353 0.628895119474 0.0141843971631 0.0251798561151
0 0.257356986162 0.605513824509 0.0133963750985 0.0287769784173
0 0.252234842742 0.624698476788 0.0141843971631 0.0263788968825
0 0.325520894752 0.473619340097 0.0157604412924 0.0383693045564
0 0.27745154881 0.434050994773 0.0189125295508 0.0575539568345
0 0.232534291127 0.365106150649 0.0141843971631 0.0395683453237
