0 0.371340523883 0.595278246206 0.0369799691834 0.0607082630691
0 0.319722650231 0.564924114671 0.0416024653313 0.0674536256324
0 0.265793528505 0.513490725126 0.0416024653313 0.0590219224283
0 0.2218798151 0.480607082631 0.040061633282 0.0539629005059
0 0.111710323575 0.452782462057 0.0354391371341 0.0489038785835
0 0.38906009245 0.253794266442 0.0385208012327 0.0691399662732
0 0.203389830508 0.210792580101 0.0431432973806 0.0674536256324
0 0.13251155624 0.263069139966 0.0431432973806 0.0640809443508
0 0.469183359014 0.10455311973 0.0354391371341 0.0573355817875
0 0.354391371341 0.0817875210793 0.055469953775 0.0725126475548
