0 0.357552083333 0.3125 0.0140625 0.0324074074074
0 0.41171875 0.318518518519 0.0171875 0.0518518518519
0 0.479947916667 0.278703703704 0.0151041666667 0.037037037037
0 0.4484375 0.263888888889 0.0145833333333 0.0314814814815
0 0.444791666667 0.226851851852 0.0166666666667 0.037037037037
0 0.441666666667 0.508333333333 0.0177083333333 0.05
0 0.5578125 0.674537037037 0.0197916666667 0.0509259259259
0 0.520572916667 0.458796296296 0.0182291666667 0.0472222222222
0 0.509895833333 0.414814814815 0.0177083333333 0.0425925925926
0 0.582552083333 0.307407407407 0.0213541666667 0.0666666666667
0 0.678385416667 0.660648148148 0.0234375 0.0657407407407
0 0.721614583333 0.622685185185 0.0234375 0.0509259259259
0 0.738020833333 0.486574074074 0.0302083333333 0.0824074074074
0 0.7 0.171759259259 0.021875 0.0361111111111
0 0.751822916667 0.0810185185185 0.0213541666667 0.0564814814815
0 0.75859375 0.206944444444 0.0265625 0.0675925925926
0 0.845052083333 0.682407407407 0.0307291666667 0.0740740740741
0 0.966145833333 0.075462962963 0.0385416666667 0.0842592592593
