0 0.910503571739 0.114591329319 0.0229166666667 0.0435185185185
0 0.814409821739 0.243757995986 0.0296875 0.0777777777778
0 0.767274405072 0.234961699689 0.0197916666667 0.0361111111111
0 0.880295238405 0.360887625615 0.0291666666667 0.0583333333333
0 0.671180655072 0.247461699689 0.0203125 0.0611111111111
0 0.673524405072 0.598387625615 0.0208333333333 0.0537037037037
0 0.834722321739 0.601165403393 0.0296875 0.101851851852
0 0.970399405072 0.649313551541 0.0270833333333 0.05
0 0.582638988405 0.694683921912 0.0203125 0.0555555555556
0 0.693316071739 0.576165403393 0.0197916666667 0.0296296296296
0 0.533159821739 0.202554292282 0.0213541666667 0.0712962962963
0 0.500868155072 0.274313551541 0.0192708333333 0.0685185185185
0 0.442534821739 0.275239477467 0.0182291666667 0.0462962962963
0 0.348263988405 0.382183921912 0.0192708333333 0.0546296296296
0 0.573524405072 0.421535773764 0.021875 0.0574074074074
0 0.343836905072 0.544220958949 0.01875 0.0546296296296
0 0.428993155072 0.565517255245 0.0213541666667 0.062037037037
0 0.522482738405 0.647461699689 0.0208333333333 0.0555555555556
0 0.396701488405 0.61320244043 0.0192708333333 0.0314814814815
0 0.307638988405 0.612276514504 0.0171875 0.0333333333333
0 0.254253571739 0.578480218208 0.0177083333333 0.0453703703704
0 0.246180655072 0.609035773764 0.0182291666667 0.0324074074074
0 0.282378571739 0.327091329319 0.0260416666667 0.0666666666667
0 0.218836905072 0.209498736727 0.021875 0.0537037037037
