0 0.185387148304 0.763793567649 0.0224056603774 0.0379182156134
0 0.204844695474 0.735169032333 0.0224056603774 0.0267657992565
0 0.102545167172 0.48163743382 0.0206367924528 0.0252788104089
0 0.39087063887 0.605801002594 0.0218160377358 0.0386617100372
0 0.34399563887 0.41100546356 0.0200471698113 0.0386617100372
0 0.374656016228 0.388700630846 0.0141509433962 0.0223048327138
0 0.441283374719 0.3559868762 0.0176886792453 0.035687732342
0 0.595469695474 0.574574236794 0.0182783018868 0.0371747211896
0 0.507026299247 0.551154162445 0.0147405660377 0.0245353159851
0 0.488158374719 0.545949701478 0.0147405660377 0.0156133828996
0 0.541224412455 0.266767545345 0.0182783018868 0.0401486988848
0 0.579844695474 0.292789850177 0.0165094339623 0.0371747211896
0 0.634679601134 0.52067089107 0.0153301886792 0.0349442379182
0 0.697474412455 0.433682043486 0.0170990566038 0.039405204461
0 0.73845318604 0.447064943114 0.0165094339623 0.0185873605948
0 0.770587620002 0.379035203337 0.0194575471698 0.035687732342
0 0.819526299247 0.402083530475 0.0170990566038 0.0267657992565
0 0.735210261511 0.281265686609 0.0182783018868 0.0349442379182
0 0.628193752077 0.266767545345 0.0153301886792 0.0282527881041
0 0.551837620002 0.410261969136 0.0170990566038 0.0282527881041
0 0.865811676606 0.357473865047 0.0188679245283 0.0282527881041
0 0.880257431323 0.373087247947 0.0182783018868 0.0223048327138
0 0.784738563398 0.21286419962 0.0229952830189 0.0423791821561
0 0.823653657738 0.101340036051 0.0206367924528 0.0379182156134
