0 0.7457002457 0.724456521739 0.046683046683 0.0641304347826
0 0.707616707617 0.675 0.0515970515971 0.0673913043478
0 0.492014742015 0.558695652174 0.0552825552826 0.0760869565217
0 0.393734643735 0.56902173913 0.0528255528256 0.0619565217391
0 0.275184275184 0.546739130435 0.0565110565111 0.0804347826087
0 0.884520884521 0.344565217391 0.044226044226 0.0565217391304
0 0.785626535627 0.338586956522 0.0479115479115 0.070652173913
0 0.703316953317 0.260326086957 0.0626535626536 0.0923913043478
0 0.461916461916 0.263586956522 0.0761670761671 0.0858695652174
0 0.437346437346 0.0940217391304 0.0565110565111 0.0554347826087
0 0.307125307125 0.0461956521739 0.0540540540541 0.0728260869565
0 0.57800982801 0.694565217391 0.0454545454545 0.05
