0 0.610161621762 0.634300034836 0.0251748251748 0.0452708164915
0 0.607014768615 0.521122993607 0.0272727272727 0.0452708164915
0 0.502469314069 0.670274165798 0.0335664335664 0.0622473726758
0 0.40211966372 0.661381683987 0.0286713286713 0.0493128536783
0 0.38149029309 0.618536089807 0.027972027972 0.0363783346807
0 0.845825957426 0.454025176307 0.0265734265734 0.037186742118
0 0.190581202181 0.130257997649 0.0601398601399 0.0687146321746
0 0.181140642741 0.537695346072 0.0398601398601 0.0460792239289
0 0.255266516866 0.660573276549 0.0398601398601 0.0816491511722
0 0.64128050288 0.640767294334 0.0216783216783 0.0436540016168
