0 0.69237419378 0.48627737922 0.0133079847909 0.0242057488654
0 0.690473053096 0.464340919311 0.0133079847909 0.0242057488654
0 0.666708794541 0.446186607662 0.0139416983523 0.0287443267776
0 0.553907780599 0.391723672715 0.0152091254753 0.0226928895613
0 0.580840606962 0.585369663638 0.0133079847909 0.0242057488654
0 0.51556811013 0.593690389811 0.0145754119138 0.0287443267776
0 0.470574447266 0.592555745332 0.0133079847909 0.0295007564297
0 0.45948445994 0.574023218857 0.0126742712294 0.0196671709531
0 0.491486994794 0.361466486633 0.0120405576679 0.0136157337368
0 0.295986361081 0.463206274833 0.0253485424588 0.0476550680787
0 0.339395740042 0.448455896618 0.0196451204056 0.036308623298
0 0.353020581613 0.26956028391 0.0228136882129 0.0385779122542
0 0.385656830029 0.372434716588 0.0171102661597 0.0279878971256
0 0.452513610764 0.280528513865 0.0139416983523 0.0166414523449
0 0.327038325593 0.237033808873 0.0164765525982 0.0189107413011
0 0.259864688077 0.178410510839 0.0240811153359 0.0393343419062
0 0.152767096189 0.386050450325 0.0177439797212 0.0325264750378
0 0.180333636113 0.384159376195 0.0259822560203 0.018154311649
