0 0.672910450735 0.692889995784 0.025 0.0722222222222
0 0.691139617401 0.72205666245 0.0239583333333 0.0675925925926
0 0.634368784068 0.644741847635 0.0260416666667 0.0740740740741
0 0.529160450735 0.616501106895 0.0177083333333 0.0583333333333
0 0.568222950735 0.582241847635 0.01875 0.0657407407407
0 0.564577117401 0.619278884672 0.01875 0.0416666666667
0 0.423952117401 0.665575180969 0.0208333333333 0.037962962963
0 0.404941700735 0.635019625413 0.0203125 0.0361111111111
0 0.375254200735 0.673445551339 0.0192708333333 0.062962962963
0 0.654681284068 0.311408514302 0.0229166666667 0.0777777777778
0 0.559889617401 0.298445551339 0.025 0.0796296296296
0 0.507025034068 0.270667773561 0.0182291666667 0.0481481481481
0 0.695045867401 0.113260366154 0.0234375 0.0685185185185
0 0.639056284068 0.109093699487 0.0229166666667 0.0583333333333
0 0.664837534068 0.0864085143021 0.0276041666667 0.0833333333333
0 0.500514617401 0.383630736524 0.0229166666667 0.0685185185185
0 0.396347950735 0.30168629208 0.0177083333333 0.0657407407407
0 0.368743784068 0.27668629208 0.0208333333333 0.0416666666667
0 0.336712534068 0.242889995784 0.0234375 0.0518518518519
0 0.342962534068 0.33918629208 0.0171875 0.0518518518519
0 0.282545867401 0.456778884672 0.0203125 0.0462962962963
0 0.328379200735 0.618352958747 0.0182291666667 0.0268518518519
0 0.305462534068 0.629464069858 0.0203125 0.0490740740741
0 0.272650034068 0.704927032821 0.0213541666667 0.0555555555556
0 0.178379200735 0.650760366154 0.0182291666667 0.0398148148148
0 0.220566700735 0.591038143932 0.0161458333333 0.0222222222222
0 0.165618784068 0.342889995784 0.0166666666667 0.0296296296296
0 0.111972950735 0.360945551339 0.0239583333333 0.0490740740741
