0 0.0394597457627 0.126506024096 0.03125 0.0536692223439
0 0.275423728814 0.160460021906 0.0370762711864 0.123767798467
0 0.210540254237 0.36582694414 0.0333686440678 0.0832420591457
0 0.191207627119 0.209200438116 0.0254237288136 0.0810514786418
0 0.338983050847 0.156626506024 0.0264830508475 0.0635268346112
0 0.179819915254 0.0301204819277 0.0270127118644 0.0536692223439
0 0.252383474576 0.705366922234 0.0344279661017 0.0963855421687
0 0.109904661017 0.787513691128 0.03125 0.078860898138
0 0.459745762712 0.728368017525 0.0254237288136 0.0744797371303
0 0.433792372881 0.693866374589 0.0254237288136 0.0470974808324
0 0.459480932203 0.195509309967 0.0259533898305 0.0952902519168
0 0.649894067797 0.0892661555312 0.0317796610169 0.112814895947
0 0.6875 0.207009857612 0.0286016949153 0.10295728368
0 0.577065677966 0.231106243154 0.0248940677966 0.0766703176342
0 0.597457627119 0.435377875137 0.0307203389831 0.0733844468784
0 0.582891949153 0.89704271632 0.03125 0.0985761226725
0 0.658898305085 0.807228915663 0.0264830508475 0.0985761226725
0 0.782838983051 0.682365826944 0.0317796610169 0.10295728368
0 0.856726694915 0.771631982475 0.0301906779661 0.0514786418401
0 0.720338983051 0.152245345016 0.0264830508475 0.0679079956188
0 0.928230932203 0.366374589266 0.0354872881356 0.106243154436
0 0.917372881356 0.648959474261 0.0307203389831 0.0865279299014
0 0.975900423729 0.767798466594 0.0301906779661 0.0591456736035
0 0.88718220339 0.092552026287 0.0275423728814 0.0755750273823
