0 0.855729166667 0.681944444444 0.0322916666667 0.0805555555556
0 0.984375 0.485185185185 0.025 0.0962962962963
0 0.984114583333 0.644907407407 0.0265625 0.0583333333333
0 0.955729166667 0.438425925926 0.0302083333333 0.0546296296296
0 0.673177083333 0.647222222222 0.0286458333333 0.0851851851852
0 0.60234375 0.661111111111 0.0192708333333 0.0481481481481
0 0.5875 0.59537037037 0.0197916666667 0.0555555555556
0 0.51328125 0.6375 0.0203125 0.0657407407407
0 0.598697916667 0.467592592593 0.0223958333333 0.0611111111111
0 0.531770833333 0.504166666667 0.0166666666667 0.0398148148148
0 0.730989583333 0.378240740741 0.0286458333333 0.0805555555556
0 0.82265625 0.397685185185 0.0244791666667 0.0435185185185
0 0.949479166667 0.164814814815 0.034375 0.0740740740741
0 0.660677083333 0.162962962963 0.0255208333333 0.0777777777778
0 0.566927083333 0.252314814815 0.0203125 0.0657407407407
0 0.54375 0.204166666667 0.021875 0.0694444444444
0 0.48671875 0.246759259259 0.0203125 0.0675925925926
0 0.39609375 0.224537037037 0.0182291666667 0.0509259259259
0 0.276041666667 0.328240740741 0.0208333333333 0.0546296296296
0 0.205989583333 0.274537037037 0.0203125 0.0527777777778
0 0.250260416667 0.19212962963 0.0182291666667 0.0509259259259
0 0.328125 0.152314814815 0.0166666666667 0.0342592592593
0 0.319270833333 0.17037037037 0.015625 0.0481481481481
0 0.313020833333 0.576851851852 0.0229166666667 0.0555555555556
0 0.262239583333 0.612962962963 0.0161458333333 0.0407407407407
0 0.348177083333 0.589351851852 0.0182291666667 0.0546296296296
0 0.334375 0.536111111111 0.015625 0.0407407407407
0 0.20390625 0.581481481481 0.0182291666667 0.037037037037
0 0.959375 0.025 0.0333333333333 0.0462962962963
