0 0.723502304147 0.75056561086 0.0622119815668 0.0735294117647
0 0.651497695853 0.776583710407 0.0610599078341 0.0825791855204
0 0.478110599078 0.692873303167 0.0599078341014 0.091628959276
0 0.351958525346 0.575791855204 0.0426267281106 0.0723981900452
0 0.779953917051 0.35407239819 0.0691244239631 0.106334841629
0 0.665322580645 0.263009049774 0.0702764976959 0.0961538461538
0 0.4383640553 0.440045248869 0.044930875576 0.0656108597285
0 0.309907834101 0.558823529412 0.0345622119816 0.0633484162896
0 0.945276497696 0.0650452488688 0.0702764976959 0.0554298642534
0 0.675115207373 0.110294117647 0.0529953917051 0.0690045248869
0 0.260368663594 0.152714932127 0.0437788018433 0.0814479638009
0 0.194124423963 0.185520361991 0.0403225806452 0.0656108597285
0 0.164746543779 0.226809954751 0.0391705069124 0.0576923076923
