0 0.414814814815 0.824723247232 0.0765432098765 0.109471094711
0 0.58950617284 0.682656826568 0.0432098765432 0.0615006150062
0 0.624074074074 0.526445264453 0.0456790123457 0.0713407134071
0 0.608641975309 0.484009840098 0.0395061728395 0.0479704797048
0 0.28950617284 0.0861008610086 0.0925925925926 0.0959409594096
0 0.504938271605 0.115621156212 0.0493827160494 0.0516605166052
0 0.578395061728 0.234317343173 0.0432098765432 0.0651906519065
0 0.127160493827 0.346248462485 0.103703703704 0.10209102091
0 0.707407407407 0.308733087331 0.0296296296296 0.0418204182042
0 0.737654320988 0.470479704797 0.0358024691358 0.0479704797048
0 0.741975308642 0.653136531365 0.0296296296296 0.0516605166052
