0 0.248348573472 0.707975715018 0.033462033462 0.0477272727273
0 0.430459255583 0.59812723017 0.023166023166 0.0386363636364
0 0.401823476947 0.594339351382 0.0225225225225 0.0234848484848
0 0.561411636535 0.602672684715 0.0263835263835 0.0431818181818
0 0.133483708607 0.568581775624 0.0315315315315 0.0416666666667
0 0.141849216973 0.436763593806 0.0341055341055 0.0628787878788
0 0.199442524566 0.400021169564 0.021879021879 0.0318181818182
0 0.313985639109 0.351915108958 0.021879021879 0.044696969697
0 0.0807166558402 0.504566624109 0.0238095238095 0.0393939393939
0 0.440755265879 0.214415108958 0.024453024453 0.0484848484848
0 0.49609632122 0.248506018049 0.023166023166 0.0454545454545
0 0.509288084412 0.210248442291 0.0212355212355 0.0295454545455
0 0.474539049663 0.392066624109 0.0238095238095 0.0356060606061
0 0.600021675145 0.520475715018 0.0238095238095 0.0454545454545
0 0.665658740782 0.403809048352 0.0238095238095 0.0424242424242
0 0.73322630835 0.407218139261 0.0225225225225 0.0219696969697
0 0.750922576046 0.327293896837 0.021879021879 0.0363636363636
0 0.699442524566 0.207975715018 0.023166023166 0.0431818181818
0 0.812698637822 0.350399957443 0.019305019305 0.0219696969697
0 0.869648444772 0.28259692714 0.0238095238095 0.0378787878788
0 0.886379461503 0.297369654412 0.0199485199485 0.0265151515152
0 0.752853077977 0.120475715018 0.027027027027 0.0439393939394
