0 0.159653959865 0.774177731453 0.0427083333333 0.136111111111
0 0.231789376532 0.713529583304 0.0453125 0.0925925925926
0 0.457049793199 0.603344398119 0.0291666666667 0.0648148148148
0 0.571372709865 0.582974027749 0.0151041666667 0.0407407407407
0 0.484914376532 0.607048101823 0.0213541666667 0.05
0 0.355226876532 0.599640694415 0.0223958333333 0.0648148148148
0 0.496112293199 0.296862916638 0.0197916666667 0.0703703703704
0 0.561997709865 0.255196249971 0.0192708333333 0.0592592592593
0 0.517206043199 0.151492546267 0.0192708333333 0.0574074074074
0 0.461216459865 0.0695481018229 0.0229166666667 0.0712962962963
0 0.384133126532 0.0783443981192 0.03125 0.0814814814815
0 0.216945626532 0.0450110647859 0.0458333333333 0.0814814814815
