0 0.846153846154 0.723913043478 0.015037593985 0.0246376811594
0 0.762579525737 0.70652173913 0.0121457489879 0.0231884057971
0 0.822151532678 0.729347826087 0.010989010989 0.018115942029
0 0.814921920185 0.715942028986 0.0115673799884 0.0188405797101
0 0.745806824754 0.673913043478 0.00867553499132 0.0130434782609
0 0.713128976287 0.619565217391 0.0115673799884 0.0188405797101
0 0.687680740312 0.621376811594 0.0104106419896 0.0195652173913
0 0.685367264315 0.647826086957 0.0080971659919 0.0101449275362
0 0.697223828803 0.636956521739 0.010989010989 0.0202898550725
0 0.702139965298 0.535507246377 0.0104106419896 0.0188405797101
0 0.743782533256 0.582608695652 0.0115673799884 0.0217391304348
0 0.774146905726 0.555434782609 0.010989010989 0.0166666666667
0 0.693175245807 0.511594202899 0.00867553499132 0.0144927536232
0 0.862348178138 0.609057971014 0.0138808559861 0.0239130434783
0 0.881145170619 0.572826086957 0.0121457489879 0.018115942029
0 0.634470792366 0.476811594203 0.0080971659919 0.0173913043478
0 0.622325043378 0.489130434783 0.0080971659919 0.0188405797101
0 0.648062463852 0.603623188406 0.00983227299017 0.0202898550725
0 0.604395604396 0.610144927536 0.00925390399075 0.0159420289855
0 0.594563331405 0.592391304348 0.0080971659919 0.0123188405797
0 0.571139386929 0.558333333333 0.00867553499132 0.0195652173913
0 0.542799305957 0.532246376812 0.00751879699248 0.0152173913043
0 0.523423944477 0.544202898551 0.00578368999422 0.00869565217391
0 0.508386350492 0.525 0.00694042799306 0.0108695652174
0 0.503470213997 0.530434782609 0.00636205899364 0.0101449275362
0 0.556680161943 0.490579710145 0.00636205899364 0.0159420289855
0 0.540775014459 0.468115942029 0.00925390399075 0.0130434782609
0 0.528629265471 0.426449275362 0.00694042799306 0.013768115942
