0 0.312151374424 0.799991354071 0.0390625 0.124074074074
0 0.584807624424 0.650917279997 0.0333333333333 0.0944444444444
0 0.374911791091 0.151843205923 0.03125 0.107407407407
0 0.621786791091 0.639806168886 0.0260416666667 0.0833333333333
0 0.612151374424 0.139806168886 0.0265625 0.0740740740741
0 0.700432624424 0.241658020737 0.0208333333333 0.0462962962963
0 0.687411791091 0.289343205923 0.015625 0.0435185185185
0 0.635849291091 0.210639502219 0.0166666666667 0.0490740740741
0 0.621265957757 0.208324687404 0.0166666666667 0.0555555555556
0 0.760588874424 0.249991354071 0.0244791666667 0.0592592592593
0 0.825172207757 0.620824687404 0.0255208333333 0.0509259259259
0 0.800172207757 0.627306168886 0.0182291666667 0.037962962963
0 0.823609707757 0.439806168886 0.0234375 0.0574074074074
0 0.843401374424 0.50925061333 0.0171875 0.0518518518519
0 0.871786791091 0.632398761478 0.0145833333333 0.0314814814815
0 0.439234707757 0.578695057774 0.0276041666667 0.062962962963
0 0.397307624424 0.743046909626 0.0416666666667 0.0731481481481
