0 0.839572192513 0.504696840307 0.0261437908497 0.0444064901793
0 0.812834224599 0.529461998292 0.0249554367201 0.0495303159693
0 0.735591206179 0.50170794193 0.0249554367201 0.0555081127242
0 0.674390968509 0.448761742101 0.017825311943 0.0435525192143
0 0.826797385621 0.263877028181 0.027926322044 0.0631938514091
0 0.772430184195 0.225021349274 0.0285204991087 0.0572160546541
0 0.69696969697 0.35781383433 0.0190136660725 0.0392826643894
0 0.655971479501 0.444064901793 0.0142602495544 0.0375747224594
0 0.867201426025 0.0730145175064 0.0291146761735 0.0333048676345
0 0.762626262626 0.13364645602 0.0219845513963 0.0418445772844
0 0.599821746881 0.211357813834 0.0184194890077 0.0486763450043
0 0.575757575758 0.239111870196 0.0166369578134 0.0392826643894
0 0.567736185383 0.266865926558 0.0160427807487 0.0350128095645
