0 0.918100280892 0.403506090757 0.0557142857143 0.121098626717
0 0.817385995178 0.814866889758 0.0528571428571 0.139825218477
0 0.681671709464 0.819236427836 0.03 0.0736579275905
0 0.660243138035 0.723730809858 0.0285714285714 0.0898876404494
0 0.68095742375 0.548325067037 0.0385714285714 0.0886392009988
0 0.543100280892 0.780534804865 0.0342857142857 0.0936329588015
0 0.572028852321 0.598262645064 0.0264285714286 0.0611735330836
0 0.789171709464 0.0839055913814 0.0435714285714 0.126092384519
0 0.629885995178 0.233094105738 0.0335714285714 0.0948813982522
0 0.591314566607 0.174417451556 0.0307142857143 0.0923845193508
0 0.505243138035 0.23559098464 0.0314285714286 0.0923845193508
0 0.377743138035 0.224979249309 0.0264285714286 0.0711610486891
0 0.28095742375 0.158187738697 0.0271428571429 0.0749063670412
0 0.270243138035 0.687526065788 0.0242857142857 0.0724094881398
0 0.219528852321 0.372919324215 0.0242857142857 0.0749063670412
0 0.13845742375 0.310497351681 0.0207142857143 0.0624219725343
0 0.188814566607 0.205004218098 0.0214285714286 0.063670411985
