0 0.795285661509 0.74787847252 0.041958041958 0.085409252669
0 0.562068878292 0.664841699092 0.0300699300699 0.0830367734282
0 0.475705241929 0.639930667064 0.0195804195804 0.0640569395018
0 0.446334612558 0.606715957692 0.0195804195804 0.0545670225386
0 0.628502444726 0.402682742983 0.0342657342657 0.085409252669
0 0.598782165006 0.177890334917 0.013986013986 0.0510083036773
0 0.685845102069 0.144082505735 0.0286713286713 0.073546856465
0 0.520810137034 0.285245020563 0.0216783216783 0.061684460261
0 0.519411535635 0.240761034798 0.0202797202797 0.0415183867141
0 0.588642304866 0.210511924478 0.0160839160839 0.0498220640569
0 0.462068878292 0.287024379994 0.0202797202797 0.0628706998814
0 0.341089857313 0.564604451168 0.0174825174825 0.0462633451957
0 0.395285661509 0.561638852117 0.0153846153846 0.0403321470937
0 0.307173773397 0.593667321868 0.013986013986 0.0355871886121
0 0.261719227943 0.558080133256 0.013986013986 0.0284697508897
0 0.403677269901 0.410393300516 0.0153846153846 0.0367734282325
0 0.319061885285 0.370654273232 0.013986013986 0.0474495848161
0 0.305775171999 0.270417025308 0.013986013986 0.0391459074733
0 0.345984962208 0.237202315937 0.0202797202797 0.0533807829181
0 0.272558388782 0.333880845 0.0132867132867 0.0403321470937
0 0.321859088083 0.567570050219 0.0153846153846 0.0308422301305
0 0.386544402768 0.287617499804 0.0258741258741 0.0569395017794
0 0.593187759411 0.0835842850946 0.0251748251748 0.0545670225386
