0 0.879203843514 0.754171301446 0.0343170899108 0.0645161290323
0 0.930336307481 0.544493882091 0.0308853809197 0.0767519466073
0 0.849347975292 0.320912124583 0.0295126973233 0.0589543937709
0 0.752573781743 0.57063403782 0.025394646534 0.055617352614
0 0.667810569664 0.291434927697 0.0233356211393 0.0689655172414
0 0.628689087165 0.307563959956 0.0260809883322 0.0700778642937
0 0.621139327385 0.709121245829 0.0260809883322 0.0745272525028
0 0.540837336994 0.243047830923 0.0288263555251 0.0700778642937
0 0.465682910089 0.627363737486 0.0267673301304 0.055617352614
0 0.408373369938 0.621802002225 0.0274536719286 0.0734149054505
0 0.384008236102 0.561735261402 0.025394646534 0.0667408231368
0 0.246396705559 0.643492769744 0.0233356211393 0.06340378198
0 0.31159917639 0.283092324805 0.0260809883322 0.0789766407119
0 0.219629375429 0.166295884316 0.0301990391215 0.0767519466073
0 0.282086479067 0.0889877641824 0.0247083047358 0.0689655172414
0 0.315717227179 0.204115684093 0.0205902539465 0.0522803114572
0 0.421757035003 0.121802002225 0.0199039121482 0.0611790878754
0 0.439945092656 0.10511679644 0.0247083047358 0.0411568409344
0 0.450240219629 0.402669632925 0.0247083047358 0.0400444938821
0 0.724776938916 0.354838709677 0.0219629375429 0.0667408231368
0 0.760809883322 0.312569521691 0.0185312285518 0.0422691879867
0 0.204529855868 0.597886540601 0.0219629375429 0.0456062291435
