0 0.419937479804 0.155204614053 0.0243467933492 0.0700836820084
0 0.455270021371 0.353949383928 0.021377672209 0.0805439330544
0 0.572550306407 0.350288296061 0.0231591448931 0.0732217573222
0 0.602241517808 0.430832229116 0.0243467933492 0.0627615062762
0 0.508714201894 0.675602103593 0.0237529691211 0.0690376569038
0 0.470412539186 0.724765283509 0.0255344418052 0.0753138075314
0 0.432704700706 0.751438923677 0.0225653206651 0.0784518828452
0 0.589177384792 0.634807124513 0.0195961995249 0.0481171548117
0 0.668749831348 0.69756863079 0.0231591448931 0.0439330543933
0 0.710020615196 0.301125116145 0.020190023753 0.0460251046025
0 0.690127503557 0.330413819074 0.0195961995249 0.0418410041841
0 0.486445793343 0.158865701919 0.0184085510689 0.0460251046025
0 0.503072871728 0.140037250036 0.0255344418052 0.0794979079498
0 0.507823465552 0.208551894388 0.0160332541568 0.0366108786611
0 0.767027741086 0.72947239648 0.021377672209 0.0470711297071
0 0.727835342036 0.663049802338 0.0225653206651 0.0523012552301
0 0.757526553438 0.500392898572 0.020190023753 0.0387029288703
0 0.79464056769 0.626438923677 0.0148456057007 0.0251046025105
0 0.818987361039 0.67717114125 0.0160332541568 0.0345188284519
0 0.83977120902 0.396313400664 0.0172209026128 0.0251046025105
0 0.888167883604 0.419325952965 0.0225653206651 0.0397489539749
0 0.688346030872 0.384807124513 0.0172209026128 0.0460251046025
