0 0.723087818697 0.0814917127072 0.0609065155807 0.0801104972376
0 0.691926345609 0.180248618785 0.0524079320113 0.0732044198895
0 0.833569405099 0.601519337017 0.0552407932011 0.0759668508287
0 0.939801699717 0.646408839779 0.0382436260623 0.0718232044199
0 0.615439093484 0.544198895028 0.0382436260623 0.0580110497238
0 0.296033994334 0.385359116022 0.0368271954674 0.0524861878453
0 0.405099150142 0.400552486188 0.0368271954674 0.060773480663
0 0.570113314448 0.55455801105 0.0354107648725 0.0455801104972
0 0.449716713881 0.550414364641 0.0354107648725 0.0538674033149
0 0.402974504249 0.622928176796 0.0354107648725 0.0386740331492
0 0.529745042493 0.620165745856 0.0396600566572 0.0552486187845
0 0.308073654391 0.613259668508 0.0297450424929 0.0414364640884
0 0.304532577904 0.640193370166 0.0254957507082 0.0290055248619
0 0.186968838527 0.317679558011 0.0311614730878 0.0359116022099
