0 0.570718654434 0.721728081321 0.0191131498471 0.0533672172808
0 0.582568807339 0.75667090216 0.0214067278287 0.0495552731893
0 0.505733944954 0.773189326557 0.0221712538226 0.0419313850064
0 0.454128440367 0.684243964422 0.025993883792 0.0673443456163
0 0.36620795107 0.778271918679 0.0290519877676 0.0419313850064
0 0.31880733945 0.722363405337 0.0290519877676 0.0775095298602
0 0.146406727829 0.848792884371 0.0344036697248 0.0940279542567
0 0.443425076453 0.475222363405 0.025993883792 0.0711562897078
0 0.528287461774 0.42376111817 0.025993883792 0.0749682337992
0 0.549311926606 0.401524777637 0.0221712538226 0.0457433290978
0 0.611620795107 0.289707750953 0.0244648318043 0.0559085133418
0 0.300840978593 0.305590851334 0.0282874617737 0.0622617534943
0 0.187691131498 0.280177890724 0.0313455657492 0.0952986022872
0 0.219418960245 0.257941550191 0.0305810397554 0.0559085133418
0 0.118501529052 0.164548919949 0.0382262996942 0.100381194409
0 0.0168195718654 0.942820838628 0.0305810397554 0.10165184244
0 0.0301987767584 0.497458703939 0.0420489296636 0.0851334180432
