0 0.0892156862745 0.356929212363 0.0202614379085 0.0458624127617
0 0.100980392157 0.32701894317 0.021568627451 0.0438683948156
0 0.13954248366 0.314556331007 0.018954248366 0.0508474576271
0 0.206862745098 0.567298105683 0.018954248366 0.0438683948156
0 0.280718954248 0.608673978066 0.0202614379085 0.0468594217348
0 0.334640522876 0.626620139581 0.0183006535948 0.0408773678963
0 0.351960784314 0.603190428714 0.0150326797386 0.0338983050847
0 0.443464052288 0.581256231306 0.016339869281 0.0319042871386
0 0.306862745098 0.384346959123 0.0176470588235 0.036889332004
0 0.298039215686 0.307078763709 0.0156862745098 0.0279162512463
0 0.369934640523 0.306580259222 0.0143790849673 0.0189431704885
0 0.428758169935 0.225822532403 0.0143790849673 0.0289132602193
0 0.471895424837 0.374875373878 0.0196078431373 0.0378863409771
0 0.529411764706 0.51146560319 0.0222222222222 0.0398803589232
0 0.758823529412 0.555333998006 0.0235294117647 0.0518444666002
0 0.656862745098 0.493519441675 0.0169934640523 0.0378863409771
0 0.637908496732 0.482053838485 0.0183006535948 0.0269192422732
0 0.735947712418 0.317547357926 0.0261437908497 0.0408773678963
0 0.615032679739 0.22183449651 0.0196078431373 0.048853439681
0 0.516339869281 0.27517447657 0.0222222222222 0.0518444666002
0 0.547058823529 0.24925224327 0.0130718954248 0.0259222333001
0 0.815359477124 0.499501495513 0.0228758169935 0.0538384845464
0 0.92385620915 0.398305084746 0.0254901960784 0.0628115653041
0 0.795751633987 0.154536390828 0.0241830065359 0.0598205383848
0 0.753594771242 0.110667996012 0.0261437908497 0.0598205383848
0 0.819281045752 0.122133599202 0.021568627451 0.036889332004
0 0.867647058824 0.121635094716 0.0228758169935 0.0478564307079
