0 0.18589531068 0.829749121641 0.0390824129142 0.0919377652051
0 0.025317570663 0.619706688826 0.0305862361937 0.110325318246
0 0.0304152766953 0.799338937765 0.0322854715378 0.0678925035361
0 0.0584526598728 0.563836816125 0.0373831775701 0.0636492220651
0 0.404671861232 0.774586462518 0.034834324554 0.0975954738331
0 0.490483246109 0.784487452617 0.0246389124894 0.0551626591231
0 0.506625981878 0.709522813296 0.0246389124894 0.0636492220651
0 0.597110263951 0.74983398727 0.0254885301614 0.0763790664781
0 0.489208819601 0.56595845686 0.0271877655055 0.0707213578501
0 0.570772116118 0.601319135785 0.0203908241291 0.045261669024
0 0.327356653076 0.476849545969 0.034834324554 0.0933521923621
0 0.217331164546 0.506552516266 0.0305862361937 0.0509193776521
0 0.0576030422008 0.25478448232 0.0424808836024 0.0848656294201
0 0.405521478904 0.228617579915 0.0314358538658 0.0891089108911
0 0.521069482303 0.32055534512 0.0246389124894 0.0749646393211
0 0.547832438972 0.26397825884 0.0271877655055 0.0806223479491
0 0.61750108808 0.307825500707 0.0254885301614 0.0777934936351
0 0.725827341266 0.274586462518 0.0229396771453 0.0594059405941
0 0.873660816202 0.380668499293 0.0263381478335 0.0622347949081
0 0.956498539227 0.314190422914 0.0254885301614 0.0622347949081
0 0.900848581708 0.225081512023 0.0229396771453 0.0594059405941
0 0.805691402439 0.186891978784 0.0212404418012 0.039603960396
0 0.816736432175 0.206693958982 0.0195412064571 0.0565770862801
0 0.836277638632 0.664261144272 0.0280373831776 0.0636492220651
0 0.898724537528 0.700329036775 0.0203908241291 0.048090523338
0 0.794646372702 0.681234270156 0.0229396771453 0.0636492220651
0 0.809089873127 0.620413902405 0.0195412064571 0.046676096181
0 0.9679683778 0.660017862801 0.0229396771453 0.043847241867
0 0.0418851152679 0.0977830678928 0.0416312659303 0.0537482319661
