0 0.860933520654 0.161835191792 0.0296875 0.0777777777778
0 0.830204353988 0.171094451052 0.0223958333333 0.0666666666667
0 0.828381437321 0.0706314880887 0.025 0.0564814814815
0 0.784631437321 0.271557414015 0.0260416666667 0.0712962962963
0 0.688537687321 0.121557414015 0.0192708333333 0.0583333333333
0 0.673693937321 0.109057414015 0.0177083333333 0.0425925925926
0 0.586454353988 0.236835191792 0.0182291666667 0.0518518518519
0 0.645829353988 0.580353710311 0.0213541666667 0.062962962963
0 0.823954353988 0.634057414015 0.0328125 0.0925925925926
0 0.538277270654 0.285446302903 0.015625 0.0527777777778
0 0.523954353988 0.265538895496 0.0151041666667 0.0518518518519
0 0.531766853988 0.579890747348 0.0182291666667 0.0361111111111
0 0.699475187321 0.535446302903 0.0203125 0.0583333333333
0 0.452600187321 0.474335191792 0.0161458333333 0.0398148148148
0 0.503902270654 0.613224080681 0.0135416666667 0.037962962963
0 0.412756437321 0.289150006607 0.0166666666667 0.0453703703704
0 0.364318937321 0.435909265866 0.015625 0.0518518518519
0 0.376298103988 0.570631488089 0.0166666666667 0.0342592592593
0 0.352079353988 0.585909265866 0.0151041666667 0.037037037037
0 0.308589770654 0.484520376978 0.0135416666667 0.0305555555556
0 0.261193937321 0.589150006607 0.0135416666667 0.0287037037037
0 0.290621020654 0.387761117718 0.0140625 0.037037037037
0 0.216662687321 0.390075932533 0.0109375 0.025
0 0.201558520654 0.383594451052 0.00885416666667 0.0212962962963
0 0.238277270654 0.369705562163 0.0104166666667 0.0194444444444
0 0.334371020654 0.275724080681 0.0109375 0.0203703703704
0 0.381506437321 0.2942425992 0.0125 0.0203703703704
