0 0.749318057829 0.575892857143 0.012547735952 0.0497448979592
0 0.674031642117 0.397321428571 0.00818330605565 0.0293367346939
0 0.711674849973 0.314413265306 0.012547735952 0.0420918367347
0 0.742498636116 0.330994897959 0.0120021822149 0.0395408163265
0 0.741407528642 0.289540816327 0.013093289689 0.0433673469388
0 0.775777414075 0.296556122449 0.0152755046372 0.0344387755102
0 0.846972176759 0.635841836735 0.0147299509002 0.047193877551
0 0.914620840153 0.696428571429 0.0169121658483 0.0510204081633
0 0.828696126568 0.688775510204 0.013093289689 0.0408163265306
0 0.992362247681 0.586096938776 0.013093289689 0.0446428571429
