0 0.146157851171 0.728465742082 0.034375 0.0722222222222
0 0.112303684504 0.484021297638 0.03125 0.0851851851852
0 0.213084934504 0.25624351986 0.0296875 0.0648148148148
0 0.289647434504 0.55624351986 0.0255208333333 0.0611111111111
0 0.398501601171 0.268280556897 0.0234375 0.0759259259259
0 0.436262017838 0.296058334675 0.0260416666667 0.0777777777778
0 0.410220351171 0.741891668008 0.0260416666667 0.0824074074074
0 0.530793267838 0.245595371712 0.0286458333333 0.0768518518519
0 0.573762017838 0.688650927267 0.0270833333333 0.0611111111111
0 0.632355767838 0.696984260601 0.0276041666667 0.0814814814815
0 0.661782851171 0.636336112453 0.0260416666667 0.075
0 0.793814101171 0.760410186527 0.0234375 0.0694444444444
0 0.758137017838 0.346058334675 0.0260416666667 0.087037037037
0 0.861001601171 0.238650927267 0.0307291666667 0.0851851851852
0 0.804491184504 0.138650927267 0.025 0.0759259259259
0 0.761001601171 0.257169445786 0.0203125 0.0574074074074
0 0.661001601171 0.140502779119 0.0203125 0.0666666666667
0 0.644074517838 0.117817593934 0.025 0.0453703703704
0 0.608657851171 0.444206482823 0.025 0.0444444444444
0 0.335741184504 0.324762038378 0.021875 0.0740740740741
0 0.302928684504 0.269206482823 0.01875 0.0462962962963
0 0.839387017838 0.720132408749 0.021875 0.05
