0 0.149739583333 0.278240740741 0.0286458333333 0.075
0 0.06328125 0.449074074074 0.0276041666667 0.062962962963
0 0.05390625 0.394907407407 0.0255208333333 0.0490740740741
0 0.28203125 0.166203703704 0.0234375 0.0472222222222
0 0.333333333333 0.221759259259 0.0239583333333 0.0638888888889
0 0.32578125 0.0958333333333 0.0223958333333 0.0527777777778
0 0.1328125 0.153703703704 0.01875 0.0277777777778
0 0.309114583333 0.484722222222 0.0276041666667 0.0805555555556
0 0.264322916667 0.667592592593 0.0234375 0.0648148148148
0 0.307552083333 0.619444444444 0.0182291666667 0.0518518518519
0 0.108333333333 0.701388888889 0.028125 0.0601851851852
0 0.402864583333 0.660648148148 0.0265625 0.062037037037
0 0.425260416667 0.408333333333 0.0192708333333 0.0388888888889
0 0.507552083333 0.388425925926 0.0265625 0.0824074074074
0 0.560677083333 0.64212962963 0.0244791666667 0.087962962963
0 0.615625 0.660185185185 0.01875 0.0537037037037
0 0.631770833333 0.592592592593 0.0197916666667 0.0611111111111
0 0.625 0.46712962963 0.0239583333333 0.0638888888889
0 0.56640625 0.174074074074 0.0244791666667 0.0759259259259
0 0.485416666667 0.159259259259 0.0208333333333 0.0592592592593
0 0.655989583333 0.242592592593 0.0203125 0.0722222222222
0 0.677604166667 0.197222222222 0.0229166666667 0.062962962963
0 0.741666666667 0.224074074074 0.025 0.0759259259259
0 0.7125 0.643981481481 0.0229166666667 0.0694444444444
0 0.691927083333 0.500925925926 0.0192708333333 0.0388888888889
0 0.85390625 0.193055555556 0.0244791666667 0.0842592592593
0 0.944270833333 0.0805555555556 0.0229166666667 0.0462962962963
0 0.957552083333 0.101388888889 0.0213541666667 0.062037037037
0 0.92265625 0.604166666667 0.0276041666667 0.0694444444444
0 0.970833333333 0.593055555556 0.0302083333333 0.0712962962963
0 0.0151041666667 0.147685185185 0.025 0.0694444444444
