0 0.366582306717 0.497975568565 0.014201183432 0.028897338403
0 0.347647395475 0.478203705447 0.0165680473373 0.0304182509506
0 0.329895916185 0.448165682633 0.0165680473373 0.0281368821293
0 0.3145113008 0.428013591379 0.0153846153846 0.0243346007605
0 0.271907750504 0.402918534344 0.014201183432 0.0228136882129
0 0.399126685415 0.336758838527 0.014201183432 0.0319391634981
0 0.326641478315 0.296834884154 0.0171597633136 0.0311787072243
0 0.294097099617 0.314325378451 0.0171597633136 0.0296577946768
0 0.442913667664 0.274021195941 0.014201183432 0.0266159695817
0 0.397647395475 0.250827279592 0.0218934911243 0.0334600760456
