0 0.84921875 0.164814814815 0.0296875 0.0777777777778
0 0.818489583333 0.174074074074 0.0223958333333 0.0666666666667
0 0.816666666667 0.0736111111111 0.025 0.0564814814815
0 0.772916666667 0.274537037037 0.0260416666667 0.0712962962963
0 0.676822916667 0.124537037037 0.0192708333333 0.0583333333333
0 0.661979166667 0.112037037037 0.0177083333333 0.0425925925926
0 0.574739583333 0.239814814815 0.0182291666667 0.0518518518519
0 0.634114583333 0.583333333333 0.0213541666667 0.062962962963
0 0.812239583333 0.637037037037 0.0328125 0.0925925925926
0 0.5265625 0.288425925926 0.015625 0.0527777777778
0 0.512239583333 0.268518518519 0.0151041666667 0.0518518518519
0 0.520052083333 0.58287037037 0.0182291666667 0.0361111111111
0 0.687760416667 0.538425925926 0.0203125 0.0583333333333
0 0.440885416667 0.477314814815 0.0161458333333 0.0398148148148
0 0.4921875 0.616203703704 0.0135416666667 0.037962962963
0 0.401041666667 0.29212962963 0.0166666666667 0.0453703703704
0 0.352604166667 0.438888888889 0.015625 0.0518518518519
0 0.364583333333 0.573611111111 0.0166666666667 0.0342592592593
0 0.340364583333 0.588888888889 0.0151041666667 0.037037037037
0 0.296875 0.4875 0.0135416666667 0.0305555555556
0 0.249479166667 0.59212962963 0.0135416666667 0.0287037037037
0 0.27890625 0.390740740741 0.0140625 0.037037037037
0 0.204947916667 0.393055555556 0.0109375 0.025
0 0.18984375 0.386574074074 0.00885416666667 0.0212962962963
0 0.2265625 0.372685185185 0.0104166666667 0.0194444444444
0 0.32265625 0.278703703704 0.0109375 0.0203703703704
0 0.369791666667 0.297222222222 0.0125 0.0203703703704
