0 0.166666666667 0.849347014925 0.0448343079922 0.0830223880597
0 0.253411306043 0.85401119403 0.0298895386615 0.0662313432836
0 0.27355425601 0.804570895522 0.0298895386615 0.0550373134328
0 0.405133203379 0.815298507463 0.0318388564003 0.0783582089552
0 0.533138401559 0.563432835821 0.0292397660819 0.0634328358209
0 0.601364522417 0.58348880597 0.0292397660819 0.0625
0 0.56465237167 0.623134328358 0.0246913580247 0.0597014925373
0 0.589668615984 0.660447761194 0.0227420402859 0.0298507462687
0 0.392137751787 0.363805970149 0.0227420402859 0.0503731343284
0 0.361273554256 0.258395522388 0.0220922677063 0.0391791044776
0 0.458089668616 0.439365671642 0.0259909031839 0.0541044776119
0 0.672189733593 0.555037313433 0.0214424951267 0.0578358208955
0 0.771280051982 0.590485074627 0.0233918128655 0.044776119403
0 0.761858349578 0.548973880597 0.0214424951267 0.0363805970149
0 0.57992202729 0.288712686567 0.0292397660819 0.0606343283582
0 0.698180636777 0.213619402985 0.0214424951267 0.0541044776119
0 0.743989603639 0.236940298507 0.0181936322287 0.0317164179104
0 0.707927225471 0.268190298507 0.0201429499675 0.0438432835821
0 0.795321637427 0.460354477612 0.0194931773879 0.027052238806
0 0.519168291098 0.678638059701 0.0155945419103 0.0457089552239
0 0.447693307342 0.716417910448 0.0207927225471 0.0373134328358
0 0.852501624431 0.298507462687 0.0207927225471 0.0410447761194
0 0.892787524366 0.242070895522 0.0207927225471 0.0438432835821
0 0.938596491228 0.414179104478 0.0201429499675 0.0391791044776
0 0.871994801819 0.469682835821 0.0194931773879 0.0214552238806
