0 0.2109375 0.298148148148 0.0135416666667 0.0333333333333
0 0.247395833333 0.283333333333 0.0135416666667 0.0296296296296
0 0.174479166667 0.27037037037 0.015625 0.0259259259259
0 0.288802083333 0.355092592593 0.00885416666667 0.0268518518519
0 0.229427083333 0.374074074074 0.0109375 0.0240740740741
0 0.205729166667 0.500925925926 0.0145833333333 0.0407407407407
0 0.096875 0.556481481481 0.015625 0.0425925925926
0 0.122135416667 0.591203703704 0.0130208333333 0.0324074074074
0 0.0244791666667 0.602777777778 0.0166666666667 0.0407407407407
0 0.00911458333333 0.352314814815 0.0140625 0.0212962962963
0 0.148697916667 0.292592592593 0.0140625 0.0296296296296
0 0.147916666667 0.433333333333 0.0104166666667 0.0222222222222
