0 0.0763020833333 0.184259259259 0.0286458333333 0.0555555555556
0 0.201822916667 0.213888888889 0.0348958333333 0.0796296296296
0 0.250260416667 0.50787037037 0.0307291666667 0.0935185185185
0 0.235416666667 0.100462962963 0.025 0.062037037037
0 0.298958333333 0.1125 0.025 0.0675925925926
0 0.331770833333 0.171296296296 0.0260416666667 0.0574074074074
0 0.471354166667 0.251851851852 0.025 0.0833333333333
0 0.433333333333 0.598611111111 0.0229166666667 0.0731481481481
0 0.575520833333 0.6875 0.0260416666667 0.0787037037037
0 0.470833333333 0.717592592593 0.028125 0.0333333333333
0 0.633854166667 0.636574074074 0.0229166666667 0.0564814814815
0 0.78515625 0.690740740741 0.0307291666667 0.0759259259259
0 0.700260416667 0.485185185185 0.0328125 0.0944444444444
0 0.715364583333 0.434722222222 0.0234375 0.0509259259259
0 0.78046875 0.391203703704 0.0223958333333 0.0416666666667
0 0.74140625 0.306018518519 0.0203125 0.0527777777778
0 0.621614583333 0.123611111111 0.0255208333333 0.0509259259259
0 0.528645833333 0.338425925926 0.0260416666667 0.0638888888889
0 0.69296875 0.173611111111 0.0286458333333 0.0731481481481
0 0.6859375 0.0305555555556 0.021875 0.0518518518519
0 0.959375 0.355092592593 0.04375 0.0805555555556
0 0.982291666667 0.100462962963 0.0291666666667 0.0787037037037
