0 0.708958149365 0.413540517252 0.0117428924598 0.0212765957447
0 0.704940844049 0.395416009766 0.0123609394314 0.0244286840032
0 0.686399434902 0.397386064928 0.0111248454883 0.0220646178093
0 0.589366060366 0.551050367528 0.0148331273177 0.0283687943262
0 0.636646653691 0.519923495976 0.00927070457355 0.0212765957447
0 0.542703514012 0.554596466819 0.0142150803461 0.0275807722616
0 0.589675083852 0.39265793254 0.0154511742892 0.0283687943262
0 0.567425392875 0.332374244597 0.012978986403 0.0149724192277
0 0.53188769201 0.539230036559 0.00988875154512 0.0220646178093
0 0.606362352084 0.395810020799 0.0117428924598 0.0126083530339
0 0.563717111046 0.418662660673 0.0142150803461 0.0299448384555
0 0.452468656163 0.479340359648 0.0191594561187 0.0283687943262
0 0.48058979337 0.52228756217 0.0148331273177 0.0212765957447
0 0.400861734037 0.509285198104 0.0148331273177 0.0283687943262
0 0.510874094976 0.296125229624 0.0222496909765 0.0464933018125
0 0.469155924395 0.250419949877 0.0154511742892 0.0228526398739
0 0.335966802022 0.426936892351 0.0210135970334 0.0197005516154
0 0.307227617844 0.435999146094 0.0216316440049 0.0394011032309
0 0.350181882368 0.159403401413 0.0234857849197 0.0488573680063
0 0.187944552331 0.488402613391 0.0302843016069 0.0512214342002
0 0.190107716732 0.400932164219 0.0284301606922 0.0543735224586
0 0.247586085088 0.232689453423 0.0296662546354 0.0425531914894
0 0.0612449231594 0.400144142154 0.0241038318912 0.0669818754925
