0 0.157291666667 0.604166666667 0.0416666666667 0.0898148148148
0 0.38046875 0.622685185185 0.0286458333333 0.0712962962963
0 0.355208333333 0.590277777778 0.0270833333333 0.0435185185185
0 0.502604166667 0.756018518519 0.0322916666667 0.0805555555556
0 0.113020833333 0.293981481481 0.0385416666667 0.0768518518519
0 0.181510416667 0.113425925926 0.0421875 0.117592592593
0 0.253125 0.116666666667 0.0270833333333 0.0592592592593
0 0.384114583333 0.158333333333 0.0265625 0.0833333333333
0 0.0927083333333 0.151851851852 0.0291666666667 0.0740740740741
0 0.567708333333 0.0842592592593 0.0302083333333 0.0907407407407
0 0.60390625 0.186574074074 0.0286458333333 0.0842592592593
0 0.634114583333 0.144444444444 0.0255208333333 0.0555555555556
0 0.5171875 0.371296296296 0.0291666666667 0.0666666666667
0 0.577083333333 0.675925925926 0.0291666666667 0.0851851851852
0 0.69296875 0.572685185185 0.0286458333333 0.0787037037037
0 0.755208333333 0.642592592593 0.0270833333333 0.0407407407407
0 0.808854166667 0.545833333333 0.0260416666667 0.0675925925926
0 0.815364583333 0.325 0.0276041666667 0.0814814814815
0 0.856770833333 0.638425925926 0.0239583333333 0.0398148148148
0 0.941927083333 0.596296296296 0.0296875 0.0703703703704
0 0.951041666667 0.633333333333 0.025 0.0481481481481
0 0.90625 0.251388888889 0.0333333333333 0.0824074074074
