0 0.273493193922 0.523019504452 0.0310383747178 0.0830115830116
0 0.330208769542 0.362305218738 0.0338600451467 0.0839768339768
0 0.361811478346 0.676011782444 0.0417607223476 0.116795366795
0 0.463673780829 0.75612761256 0.0355530474041 0.0916988416988
0 0.504305835005 0.713656570089 0.0344243792325 0.0666023166023
0 0.128741500919 0.0428071492395 0.0327313769752 0.0685328185328
0 0.92078439031 0.187112168544 0.0761851015801 0.129343629344
0 0.737940146517 0.78363726507 0.0502257336343 0.0849420849421
0 0.607861139745 0.89222799866 0.0451467268623 0.153474903475
0 0.240197482861 0.503231859664 0.0265237020316 0.0820463320463
