0 0.826190452871 0.633475618914 0.0168502916397 0.0329391891892
0 0.750688184562 0.519455348644 0.0136098509397 0.0261824324324
0 0.719579953843 0.523256024319 0.0136098509397 0.0253378378378
0 0.730273408153 0.540992510806 0.0142579390797 0.027027027027
0 0.800915015411 0.587867510806 0.0142579390797 0.0160472972973
0 0.715691425003 0.553239132427 0.0110174983798 0.0228040540541
0 0.732541716643 0.409235754049 0.0136098509397 0.0236486486486
0 0.786333032262 0.466245889184 0.0162022034997 0.0261824324324
0 0.823274056241 0.429083727022 0.0136098509397 0.0244932432432
0 0.709858631743 0.381364132427 0.0110174983798 0.0236486486486
0 0.636624671925 0.341245889184 0.0110174983798 0.0228040540541
0 0.620422468425 0.356448591887 0.00972132209981 0.0228040540541
0 0.608756881905 0.5105871054 0.0110174983798 0.0202702702703
0 0.593850854685 0.488205348644 0.00972132209981 0.0228040540541
0 0.664168417874 0.500029672968 0.0142579390797 0.0244932432432
0 0.563390712106 0.445553321617 0.0110174983798 0.0236486486486
0 0.526773732197 0.417259402698 0.00907323395982 0.0177364864865
0 0.505710867647 0.433728997292 0.00712896953986 0.0135135135135
0 0.540059539067 0.447664808103 0.00842514581983 0.0126689189189
0 0.487240355658 0.409658051346 0.00777705767984 0.0143581081081
0 0.481731606468 0.417681699995 0.00842514581983 0.0135135135135
0 0.541679759417 0.36531683513 0.00907323395982 0.0185810810811
0 0.520616894867 0.334489132427 0.0110174983798 0.0278716216216
0 0.505062779507 0.290570213509 0.00842514581983 0.0194256756757
