0 0.0466145833333 0.323148148148 0.0130208333333 0.0333333333333
0 0.0653645833333 0.325 0.0192708333333 0.0481481481481
0 0.0791666666667 0.233796296296 0.015625 0.0453703703704
0 0.0963541666667 0.287962962963 0.0166666666667 0.0351851851852
0 0.1859375 0.316666666667 0.0208333333333 0.0555555555556
0 0.213802083333 0.471759259259 0.0255208333333 0.0527777777778
0 0.130208333333 0.658333333333 0.0229166666667 0.05
0 0.29609375 0.6625 0.0255208333333 0.0657407407407
0 0.350520833333 0.660185185185 0.03125 0.0814814814815
0 0.321875 0.377314814815 0.034375 0.0990740740741
0 0.346614583333 0.40462962963 0.0192708333333 0.0425925925926
0 0.262760416667 0.112962962963 0.0192708333333 0.037037037037
0 0.35390625 0.107407407407 0.0223958333333 0.0388888888889
0 0.422135416667 0.1 0.0317708333333 0.0962962962963
0 0.502864583333 0.454166666667 0.0317708333333 0.0805555555556
0 0.47421875 0.590740740741 0.0203125 0.0833333333333
0 0.658072916667 0.725 0.0276041666667 0.0944444444444
0 0.5171875 0.0875 0.0260416666667 0.0657407407407
0 0.558333333333 0.143981481481 0.03125 0.100925925926
0 0.638541666667 0.0611111111111 0.0291666666667 0.0962962962963
0 0.697395833333 0.0638888888889 0.0364583333333 0.118518518519
0 0.81484375 0.147685185185 0.0401041666667 0.106481481481
