0 0.946480938416 0.565068493151 0.0483870967742 0.0958904109589
0 0.869501466276 0.640410958904 0.0322580645161 0.0776255707763
0 0.833211143695 0.607876712329 0.0315249266862 0.0650684931507
0 0.718475073314 0.723744292237 0.033724340176 0.0913242009132
0 0.512096774194 0.580479452055 0.0315249266862 0.074200913242
0 0.457478005865 0.654680365297 0.0307917888563 0.0719178082192
0 0.505131964809 0.664383561644 0.0263929618768 0.0684931506849
0 0.495601173021 0.720319634703 0.024926686217 0.0342465753425
0 0.567448680352 0.271689497717 0.024926686217 0.0593607305936
0 0.557551319648 0.143835616438 0.0241935483871 0.0456621004566
0 0.535190615836 0.398401826484 0.0278592375367 0.0616438356164
0 0.383431085044 0.683789954338 0.0234604105572 0.0662100456621
0 0.306818181818 0.798515981735 0.0241935483871 0.0513698630137
0 0.300219941349 0.750570776256 0.0227272727273 0.0422374429224
0 0.370967741935 0.348744292237 0.0307917888563 0.0696347031963
0 0.236803519062 0.370433789954 0.0234604105572 0.0627853881279
0 0.203812316716 0.430365296804 0.0190615835777 0.0365296803653
0 0.247434017595 0.431506849315 0.0212609970674 0.0502283105023
0 0.237903225806 0.690639269406 0.0212609970674 0.0319634703196
0 0.565982404692 0.682077625571 0.0161290322581 0.0536529680365
0 0.644428152493 0.66095890411 0.0219941348974 0.0433789954338
0 0.12793255132 0.577625570776 0.0227272727273 0.0479452054795
0 0.0714809384164 0.554794520548 0.0227272727273 0.0502283105023
0 0.091642228739 0.760273972603 0.0219941348974 0.0456621004566
0 0.171920821114 0.761415525114 0.0212609970674 0.0251141552511
