0 0.90343222804 0.411070110701 0.0349040139616 0.0605166051661
0 0.76934264107 0.456457564576 0.0203606748109 0.0376383763838
0 0.734438627109 0.456826568266 0.0180337405468 0.0339483394834
0 0.808318789994 0.312546125461 0.0250145433392 0.0332103321033
0 0.838859802211 0.39741697417 0.020942408377 0.0346863468635
0 0.802792321117 0.069741697417 0.0325770796975 0.0553505535055
0 0.738219895288 0.191881918819 0.0232693426411 0.0413284132841
0 0.719022687609 0.169741697417 0.0197789412449 0.0339483394834
0 0.671320535195 0.235424354244 0.020942408377 0.039852398524
0 0.513089005236 0.321402214022 0.0116346713205 0.0243542435424
0 0.499709133217 0.378597785978 0.0116346713205 0.0250922509225
0 0.547702152414 0.377859778598 0.0122164048866 0.029520295203
0 0.545084351367 0.279704797048 0.0127981384526 0.0236162361624
0 0.599767306574 0.279335793358 0.0151250727167 0.0361623616236
0 0.621291448517 0.482287822878 0.0151250727167 0.019926199262
0 0.58493310064 0.521402214022 0.0110529377545 0.0228782287823
0 0.541593949971 0.520295202952 0.0116346713205 0.0147601476015
