0 0.895526157881 0.516257418249 0.0175953079179 0.0348567002324
0 0.781449911547 0.488372058063 0.0134897360704 0.0271107668474
0 0.758576011254 0.516257418249 0.0134897360704 0.0255615801704
0 0.77587806404 0.522066868288 0.0140762463343 0.0278853601859
0 0.853883929142 0.500765551479 0.0140762463343 0.0162664601084
0 0.7700129614 0.543755481766 0.0117302052786 0.0232378001549
0 0.714001231195 0.414785690906 0.0134897360704 0.0240123934934
0 0.784089207735 0.415560284244 0.01642228739 0.0271107668474
0 0.795232902749 0.356303893849 0.0129032258065 0.0247869868319
0 0.683209442339 0.411687317552 0.0117302052786 0.0240123934934
0 0.606376597764 0.439959974407 0.0105571847507 0.0232378001549
0 0.601098005389 0.465521554577 0.0105571847507 0.0232378001549
0 0.665907389553 0.59797701546 0.0111436950147 0.0216886134779
0 0.643326744391 0.592554862091 0.0105571847507 0.0232378001549
0 0.704030556708 0.543755481766 0.0146627565982 0.0247869868319
0 0.598751964333 0.583259742029 0.0105571847507 0.0247869868319
0 0.556229970198 0.591005675414 0.00879765395894 0.0185902401239
0 0.548018826503 0.621989408954 0.00762463343109 0.013942680093
0 0.581449911547 0.604173762168 0.00879765395894 0.012393493416
0 0.521919119758 0.618503738931 0.00821114369501 0.0147172734314
0 0.521332609494 0.628573452331 0.00821114369501 0.0131680867545
0 0.543619999523 0.537946031727 0.00938416422287 0.0193648334624
0 0.511655190139 0.530587395011 0.0111436950147 0.0278853601859
0 0.478517360227 0.508511484864 0.00821114369501 0.0193648334624
