0 0.157629719058 0.250191392615 0.0296875 0.0777777777778
0 0.188358885725 0.259450651875 0.0223958333333 0.0666666666667
0 0.190181802391 0.158987688912 0.025 0.0564814814815
0 0.233931802391 0.359913614838 0.0260416666667 0.0712962962963
0 0.330025552391 0.209913614838 0.0192708333333 0.0583333333333
0 0.344869302391 0.197413614838 0.0177083333333 0.0425925925926
0 0.432108885725 0.325191392615 0.0182291666667 0.0518518518519
0 0.372733885725 0.668709911134 0.0213541666667 0.062962962963
0 0.194608885725 0.722413614838 0.0328125 0.0925925925926
0 0.480285969058 0.373802503726 0.015625 0.0527777777778
0 0.494608885725 0.353895096319 0.0151041666667 0.0518518518519
0 0.486796385725 0.668246948171 0.0182291666667 0.0361111111111
0 0.319088052391 0.623802503726 0.0203125 0.0583333333333
0 0.565963052391 0.562691392615 0.0161458333333 0.0398148148148
0 0.514660969058 0.701580281504 0.0135416666667 0.037962962963
0 0.605806802391 0.37750620743 0.0166666666667 0.0453703703704
0 0.654244302391 0.524265466689 0.015625 0.0518518518519
0 0.642265135725 0.658987688912 0.0166666666667 0.0342592592593
0 0.666483885725 0.674265466689 0.0151041666667 0.037037037037
0 0.709973469058 0.5728765778 0.0135416666667 0.0305555555556
0 0.757369302391 0.67750620743 0.0135416666667 0.0287037037037
0 0.727942219058 0.476117318541 0.0140625 0.037037037037
0 0.801900552391 0.478432133356 0.0109375 0.025
0 0.817004719058 0.471950651875 0.00885416666667 0.0212962962963
0 0.780285969058 0.458061762986 0.0104166666667 0.0194444444444
0 0.684192219058 0.364080281504 0.0109375 0.0203703703704
0 0.637056802391 0.382598800023 0.0125 0.0203703703704
