0 0.969910011249 0.643632773939 0.0523059617548 0.126357354393
0 0.941507311586 0.0942744323791 0.0551181102362 0.137216189536
0 0.850393700787 0.0937808489635 0.0348706411699 0.0691016781836
0 0.68785151856 0.156465942744 0.0303712035996 0.0898321816387
0 0.489876265467 0.0918065153011 0.0337457817773 0.0927936821323
0 0.447412823397 0.201382033564 0.025309336333 0.0888450148075
0 0.546119235096 0.39684106614 0.0326209223847 0.0572556762093
0 0.695725534308 0.663376110563 0.029246344207 0.0809476801579
0 0.726377952756 0.631293188549 0.0298087739033 0.0463968410661
0 0.55905511811 0.80602171767 0.0326209223847 0.0898321816387
0 0.475253093363 0.720138203356 0.0281214848144 0.0878578479763
0 0.354049493813 0.604639684107 0.0241844769404 0.0819348469891
0 0.294431946007 0.674728529121 0.0275590551181 0.0503455083909
0 0.371484814398 0.211253701876 0.0219347581552 0.0631786771964
0 0.41816647919 0.159921026654 0.0241844769404 0.0552813425469
0 0.233970753656 0.35093780849 0.029246344207 0.0819348469891
0 0.147919010124 0.282329713722 0.0337457817773 0.0789733464956
0 0.239313835771 0.573050345508 0.025309336333 0.0700888450148
0 0.191507311586 0.664856860809 0.025309336333 0.0444225074038
0 0.112485939258 0.620927936821 0.0247469066367 0.0592300098717
0 0.105174353206 0.658933859822 0.0236220472441 0.0444225074038
0 0.0607424071991 0.116979269497 0.0314960629921 0.0681145113524
