0 0.280208333333 0.502777777778 0.0104166666667 0.0314814814815
0 0.3109375 0.341203703704 0.009375 0.025
0 0.288020833333 0.353240740741 0.009375 0.025
0 0.288020833333 0.328703703704 0.0104166666667 0.0240740740741
0 0.204166666667 0.540277777778 0.0114583333333 0.0287037037037
0 0.261197916667 0.334259259259 0.0109375 0.0240740740741
0 0.341145833333 0.392592592593 0.00625 0.0203703703704
0 0.29609375 0.405092592593 0.00885416666667 0.0212962962963
0 0.149739583333 0.575462962963 0.0130208333333 0.0287037037037
0 0.0869791666667 0.507407407407 0.0125 0.0277777777778
0 0.0583333333333 0.527314814815 0.0114583333333 0.0287037037037
0 0.07265625 0.558333333333 0.00989583333333 0.0259259259259
0 0.0799479166667 0.540740740741 0.0109375 0.0277777777778
0 0.021875 0.534722222222 0.0125 0.0305555555556
0 0.0403645833333 0.4 0.0130208333333 0.0333333333333
0 0.131510416667 0.391203703704 0.00989583333333 0.0231481481481
