0 0.1296875 0.872222222222 0.0677083333333 0.151851851852
0 0.504166666667 0.778703703704 0.0541666666667 0.159259259259
0 0.617708333333 0.693055555556 0.0333333333333 0.0953703703704
0 0.663541666667 0.656018518519 0.0302083333333 0.0916666666667
0 0.4046875 0.271759259259 0.05625 0.175
0 0.828385416667 0.60462962963 0.0317708333333 0.0814814814815
0 0.854947916667 0.597222222222 0.0276041666667 0.0833333333333
0 0.93828125 0.589814814815 0.0234375 0.0592592592593
0 0.567447916667 0.102314814815 0.0359375 0.136111111111
0 0.649739583333 0.140277777778 0.0328125 0.0990740740741
0 0.711979166667 0.357407407407 0.0229166666667 0.0685185185185
0 0.8421875 0.294444444444 0.0208333333333 0.0722222222222
0 0.81640625 0.075 0.0255208333333 0.0851851851852
0 0.863020833333 0.131481481481 0.0229166666667 0.0703703703704
0 0.919791666667 0.230092592593 0.0229166666667 0.0657407407407
