0 0.144791666667 0.188888888889 0.0291666666667 0.0740740740741
0 0.143489583333 0.666203703704 0.0369791666667 0.0824074074074
0 0.1765625 0.616203703704 0.0322916666667 0.0861111111111
0 0.31015625 0.556944444444 0.0265625 0.0768518518519
0 0.355729166667 0.584722222222 0.0239583333333 0.0694444444444
0 0.247916666667 0.6625 0.0229166666667 0.0564814814815
0 0.205729166667 0.231944444444 0.028125 0.0694444444444
0 0.259114583333 0.208333333333 0.0338541666667 0.0962962962963
0 0.36171875 0.309259259259 0.0286458333333 0.0814814814815
0 0.44609375 0.190740740741 0.0203125 0.062962962963
0 0.338541666667 0.0513888888889 0.01875 0.0453703703704
0 0.320052083333 0.0694444444444 0.0234375 0.0518518518519
0 0.4 0.17962962963 0.0229166666667 0.0481481481481
0 0.458854166667 0.653240740741 0.0270833333333 0.0453703703704
0 0.577864583333 0.663425925926 0.0223958333333 0.0675925925926
0 0.5609375 0.167592592593 0.01875 0.05
0 0.546354166667 0.205092592593 0.021875 0.0768518518519
0 0.615885416667 0.126388888889 0.0265625 0.0861111111111
0 0.705208333333 0.228240740741 0.0197916666667 0.0527777777778
0 0.683333333333 0.390740740741 0.0239583333333 0.0537037037037
0 0.660416666667 0.462037037037 0.0166666666667 0.0259259259259
0 0.666666666667 0.611111111111 0.0260416666667 0.0740740740741
0 0.761458333333 0.588888888889 0.0239583333333 0.0537037037037
0 0.69765625 0.711111111111 0.0286458333333 0.0685185185185
0 0.790104166667 0.565277777778 0.0208333333333 0.0287037037037
0 0.8703125 0.231481481481 0.021875 0.037037037037
0 0.941666666667 0.25 0.03125 0.0685185185185
0 0.869791666667 0.643055555556 0.025 0.0546296296296
0 0.93125 0.566666666667 0.0291666666667 0.0555555555556
0 0.633333333333 0.250925925926 0.021875 0.0537037037037
