0 0.551915005993 0.333686772199 0.0165289256198 0.0264993026499
0 0.529482892652 0.423644931195 0.0188902007084 0.0348675034868
0 0.48757025983 0.483617037192 0.0188902007084 0.0348675034868
0 0.355338854871 0.464788585309 0.0177095631641 0.0320781032078
0 0.287157036689 0.461650509995 0.0230224321133 0.0327754532775
0 0.273284545544 0.492333913064 0.0236127508855 0.0495118549512
0 0.536271558531 0.584035447234 0.0182998819362 0.0320781032078
0 0.584087379074 0.602166549047 0.0194805194805 0.0195258019526
0 0.618621027244 0.5537007192 0.0153482880756 0.0258019525802
0 0.630722562073 0.565904345421 0.0135773317591 0.0209205020921
0 0.509412054399 0.663882030218 0.0200708382527 0.0244072524407
0 0.460710755698 0.655513829382 0.0218417945691 0.0425383542538
0 0.374524214966 0.798121918642 0.0277449822904 0.0502092050209
0 0.208349480609 0.663533355184 0.0224321133412 0.047419804742
