0 0.4375 0.10430950049 0.0218085106383 0.0656219392752
0 0.40585106383 0.290401567091 0.0191489361702 0.07541625857
0 0.30079787234 0.286973555338 0.0207446808511 0.0685602350637
0 0.27420212766 0.362389813908 0.0218085106383 0.0587659157689
0 0.357978723404 0.591576885406 0.0212765957447 0.0646425073457
0 0.392287234043 0.637610186092 0.0228723404255 0.0705190989226
0 0.426063829787 0.662585700294 0.0202127659574 0.0734573947111
0 0.285904255319 0.553379040157 0.0175531914894 0.0450538687561
0 0.214627659574 0.612144955926 0.0207446808511 0.0411361410382
0 0.177659574468 0.240940254652 0.018085106383 0.0430950048972
0 0.195478723404 0.268364348678 0.0175531914894 0.0391772771792
0 0.377925531915 0.107737512243 0.0164893617021 0.0430950048972
0 0.363031914894 0.0901077375122 0.0228723404255 0.0744368266405
0 0.358776595745 0.154260528893 0.0143617021277 0.0342801175318
0 0.126595744681 0.642017629775 0.0191489361702 0.0440744368266
0 0.16170212766 0.579823702253 0.0202127659574 0.048971596474
0 0.135106382979 0.427522037218 0.018085106383 0.0362389813908
0 0.101861702128 0.545543584721 0.0132978723404 0.0235063663075
0 0.0800531914894 0.593046033301 0.0143617021277 0.0323212536729
0 0.0614361702128 0.330068560235 0.0154255319149 0.0235063663075
0 0.018085106383 0.351616062684 0.0202127659574 0.0372184133203
0 0.197074468085 0.319294809011 0.0154255319149 0.0430950048972
