0 0.0667647058824 0.434971098266 0.0347058823529 0.0751445086705
0 0.136470588235 0.43460982659 0.0364705882353 0.0513005780347
0 0.337647058824 0.476156069364 0.0235294117647 0.0361271676301
0 0.432647058824 0.51661849711 0.0123529411765 0.0231213872832
0 0.359117647059 0.490968208092 0.0170588235294 0.0281791907514
0 0.257941176471 0.42774566474 0.0182352941176 0.0361271676301
0 0.432352941176 0.325867052023 0.0164705882353 0.0390173410405
0 0.493235294118 0.333092485549 0.0158823529412 0.0332369942197
0 0.479117647059 0.255780346821 0.0158823529412 0.0317919075145
0 0.451764705882 0.185332369942 0.0188235294118 0.0397398843931
0 0.388529411765 0.155708092486 0.0252941176471 0.0455202312139
0 0.263235294118 0.0617774566474 0.0370588235294 0.0455202312139
