0 0.879345577181 0.451670126759 0.040625 0.0898148148148
0 0.805908077181 0.756762719352 0.0385416666667 0.103703703704
0 0.706949743848 0.760003460092 0.021875 0.0546296296296
0 0.691324743848 0.689170126759 0.0208333333333 0.0666666666667
0 0.706428910514 0.559077534166 0.028125 0.0657407407407
0 0.605908077181 0.731299756389 0.025 0.0694444444444
0 0.627001827181 0.596114571203 0.0192708333333 0.0453703703704
0 0.785335160514 0.214633089722 0.0317708333333 0.0935185185185
0 0.669189327181 0.32528123787 0.0244791666667 0.0703703703704
0 0.641064327181 0.281762719352 0.0223958333333 0.0685185185185
0 0.578303910514 0.327133089722 0.0229166666667 0.0685185185185
0 0.485335160514 0.319262719352 0.0192708333333 0.0527777777778
0 0.414762243848 0.269725682314 0.0197916666667 0.0555555555556
0 0.406949743848 0.662318274907 0.0177083333333 0.0537037037037
0 0.369970577181 0.428984941574 0.0177083333333 0.0555555555556
0 0.310855993848 0.382688645277 0.0151041666667 0.0462962962963
0 0.347574743848 0.304447904537 0.015625 0.0472222222222
