0 0.583072916667 0.613888888889 0.0192708333333 0.0555555555556
0 0.560416666667 0.57962962963 0.0208333333333 0.0537037037037
0 0.520052083333 0.620833333333 0.0161458333333 0.0435185185185
0 0.476041666667 0.539351851852 0.0166666666667 0.0564814814815
0 0.44609375 0.565277777778 0.0161458333333 0.0527777777778
0 0.363020833333 0.6125 0.0197916666667 0.0324074074074
0 0.4375 0.354166666667 0.021875 0.0601851851852
0 0.506510416667 0.293518518519 0.0203125 0.0648148148148
0 0.5484375 0.313425925926 0.01875 0.0583333333333
0 0.590885416667 0.27962962963 0.0171875 0.0518518518519
0 0.596875 0.152314814815 0.0208333333333 0.0694444444444
0 0.577083333333 0.165277777778 0.0177083333333 0.0509259259259
0 0.553385416667 0.155555555556 0.0182291666667 0.0407407407407
0 0.374479166667 0.248611111111 0.0166666666667 0.0546296296296
0 0.277083333333 0.224074074074 0.0166666666667 0.0462962962963
0 0.28984375 0.252777777778 0.0171875 0.062962962963
0 0.26015625 0.640277777778 0.0213541666667 0.062037037037
0 0.147395833333 0.6875 0.0260416666667 0.0657407407407
0 0.174739583333 0.596296296296 0.0255208333333 0.062962962963
0 0.161979166667 0.403240740741 0.0239583333333 0.0490740740741
0 0.226822916667 0.184259259259 0.0255208333333 0.0666666666667
0 0.07265625 0.584722222222 0.0244791666667 0.0490740740741
0 0.0424479166667 0.5625 0.0223958333333 0.0324074074074
0 0.127083333333 0.242592592593 0.0197916666667 0.0592592592593
0 0.410416666667 0.559722222222 0.0166666666667 0.0398148148148
