0 0.91975308642 0.219814241486 0.0220075147611 0.0639834881321
0 0.902308105207 0.18524251806 0.0236178207193 0.0608875128999
0 0.858829844337 0.183694530444 0.020397208803 0.0701754385965
0 0.822329575953 0.557791537668 0.020397208803 0.0608875128999
0 0.748523886205 0.646026831785 0.0220075147611 0.0660474716202
0 0.692431561997 0.693498452012 0.0193236714976 0.0557275541796
0 0.670424047236 0.668730650155 0.0161030595813 0.047471620227
0 0.567632850242 0.678018575851 0.0177133655395 0.0433436532508
0 0.687332259796 0.350877192982 0.0187869028449 0.0515995872033
0 0.685990338164 0.240970072239 0.0171765968867 0.0381836945304
0 0.607353730542 0.270897832817 0.0155662909286 0.0257997936017
0 0.532206119163 0.18524251806 0.0155662909286 0.0402476780186
0 0.506709608159 0.408152734778 0.0214707461084 0.0526315789474
0 0.464573268921 0.618679050568 0.024154589372 0.0546955624355
0 0.221953837896 0.77657378741 0.0263016639828 0.0712074303406
0 0.323671497585 0.648606811146 0.0182501341922 0.0526315789474
0 0.342190016103 0.624871001032 0.0198604401503 0.0361197110423
0 0.212023617821 0.441176470588 0.0289855072464 0.0567595459236
0 0.329575952764 0.259545923633 0.0214707461084 0.0691434468524
0 0.444176060118 0.290505675955 0.024154589372 0.0732714138287
0 0.407407407407 0.267801857585 0.0139559849705 0.0361197110423
0 0.152173913043 0.723942208462 0.0252281266774 0.0753353973168
0 0.0201288244767 0.63209494324 0.0284487385937 0.0877192982456
0 0.12372517445 0.244066047472 0.0263016639828 0.0835913312693
0 0.162909286098 0.166666666667 0.0284487385937 0.0835913312693
0 0.0933977455717 0.210010319917 0.0236178207193 0.0505675954592
0 0.040794417606 0.229618163055 0.0246913580247 0.0670794633643
