0 0.916666666667 0.790322580645 0.0689223057644 0.0901001112347
0 0.964285714286 0.137931034483 0.0639097744361 0.0956618464961
0 0.833333333333 0.249165739711 0.0601503759398 0.091212458287
0 0.77694235589 0.228031145717 0.0526315789474 0.0533926585095
0 0.619047619048 0.276974416018 0.047619047619 0.0645161290323
0 0.365914786967 0.438264738598 0.047619047619 0.0734149054505
0 0.212406015038 0.392658509455 0.046365914787 0.0711902113459
0 0.172932330827 0.372080088988 0.0375939849624 0.0500556173526
0 0.345864661654 0.631256952169 0.047619047619 0.06340378198
0 0.250626566416 0.710789766407 0.0401002506266 0.0400444938821
0 0.585839598997 0.660734149055 0.0588972431078 0.0667408231368
0 0.507518796992 0.718576195773 0.0526315789474 0.0467185761958
0 0.139097744361 0.666295884316 0.0401002506266 0.0489432703003
0 0.115914786967 0.696885428254 0.0338345864662 0.0433815350389
0 0.0651629072682 0.270300333704 0.0401002506266 0.055617352614
