0 0.327910958904 0.673620457604 0.0302511415525 0.0349932705249
0 0.163242009132 0.791049798116 0.0353881278539 0.0248990578735
0 0.563070776256 0.558209959623 0.0176940639269 0.0302826379542
0 0.597317351598 0.50269179004 0.0188356164384 0.0390309555855
0 0.536529680365 0.556527590848 0.0159817351598 0.0242261103634
0 0.311929223744 0.50201884253 0.023401826484 0.0336473755047
0 0.191210045662 0.451547779273 0.0342465753425 0.0565275908479
0 0.135559360731 0.46534320323 0.0256849315068 0.0329744279946
0 0.0339611872146 0.522207267833 0.0279680365297 0.0551816958277
0 0.278253424658 0.35397039031 0.0176940639269 0.0242261103634
0 0.472888127854 0.376514131898 0.0176940639269 0.0343203230148
0 0.441780821918 0.320995962315 0.0148401826484 0.0255720053836
0 0.378710045662 0.364737550471 0.0154109589041 0.0161507402423
0 0.45348173516 0.627860026918 0.0176940639269 0.0255720053836
0 0.617294520548 0.426985195155 0.0154109589041 0.0302826379542
0 0.563356164384 0.393001345895 0.0159817351598 0.0269179004038
0 0.628710045662 0.413189771198 0.0142694063927 0.0228802153432
0 0.564212328767 0.226783310902 0.0176940639269 0.0363391655451
0 0.593607305936 0.21668909825 0.0159817351598 0.0296096904441
0 0.611872146119 0.226446837147 0.0159817351598 0.0262449528937
