0 0.48515625 0.176388888889 0.0203125 0.0509259259259
0 0.549479166667 0.290740740741 0.0239583333333 0.0666666666667
0 0.619270833333 0.341666666667 0.0239583333333 0.0666666666667
0 0.744010416667 0.183796296296 0.0223958333333 0.062037037037
0 0.811458333333 0.112962962963 0.0291666666667 0.062962962963
0 0.839583333333 0.145833333333 0.0302083333333 0.0953703703704
0 0.616927083333 0.541203703704 0.0234375 0.062037037037
0 0.576822916667 0.614814814815 0.0244791666667 0.037037037037
0 0.51953125 0.575 0.0192708333333 0.05
0 0.513020833333 0.605092592593 0.0166666666667 0.0398148148148
0 0.680989583333 0.636111111111 0.0255208333333 0.0462962962963
0 0.726302083333 0.575925925926 0.0276041666667 0.0814814814815
0 0.879166666667 0.708333333333 0.0354166666667 0.0981481481481
0 0.984375 0.343055555556 0.025 0.0916666666667
