0 0.111221203073 0.859021601276 0.0457848837209 0.0905923344948
0 0.227136900747 0.74636190325 0.0334302325581 0.0813008130081
0 0.113764807724 0.450775375956 0.0406976744186 0.0847851335656
0 0.237674691445 0.26029918548 0.0297965116279 0.082462253194
0 0.26347411005 0.22429453972 0.0261627906977 0.054587688734
0 0.323793877491 0.277140068175 0.0247093023256 0.0580720092915
0 0.17699155191 0.160415329499 0.0363372093023 0.0778164924506
0 0.45097411005 0.396187687222 0.0247093023256 0.061556329849
0 0.518197947259 0.34392287886 0.0225290697674 0.0592334494774
0 0.57488399377 0.223133099534 0.0210755813953 0.0522648083624
0 0.461148528654 0.572726595469 0.0232558139535 0.0569105691057
0 0.358314226329 0.61686132253 0.0254360465116 0.068524970964
0 0.405915970515 0.666222530428 0.0261627906977 0.0394889663182
0 0.558895621677 0.594213238907 0.0196220930233 0.0441347270616
0 0.566526435631 0.622087803366 0.0174418604651 0.0325203252033
0 0.503663063538 0.640090126247 0.0196220930233 0.0290360046458
