0 0.179927013753 0.800556258849 0.031212484994 0.0869565217391
0 0.261259546767 0.724139921563 0.0270108043217 0.0922266139657
0 0.376205525158 0.611491700219 0.0228091236495 0.0777338603426
0 0.465941419516 0.575918577689 0.015006002401 0.0540184453228
0 0.501955825278 0.657605007202 0.015006002401 0.0434782608696
0 0.547874192625 0.612809223275 0.0168067226891 0.0408432147563
0 0.556877794065 0.645747299692 0.015606242497 0.0408432147563
0 0.461139498747 0.380925165304 0.0198079231693 0.0724637681159
0 0.518462427919 0.334811858322 0.0192076830732 0.0698287220026
0 0.530767349888 0.308461397188 0.016206482593 0.0540184453228
0 0.19403265601 0.407275626438 0.03181272509 0.0750988142292
0 0.361199522757 0.223481160034 0.0228091236495 0.0606060606061
0 0.288870591184 0.208329644883 0.0222088835534 0.0830039525692
0 0.247454024558 0.106880369521 0.0282112845138 0.0935441370224
0 0.408918610392 0.673415283882 0.0186074429772 0.0830039525692
0 0.578786557571 0.207012121826 0.0198079231693 0.0566534914361
