0 0.951302083333 0.773611111111 0.0401041666667 0.123148148148
0 0.70625 0.673611111111 0.046875 0.130555555556
0 0.612239583333 0.656018518519 0.0442708333333 0.102777777778
0 0.893489583333 0.122222222222 0.0463541666667 0.133333333333
0 0.654166666667 0.293055555556 0.0395833333333 0.0805555555556
0 0.500520833333 0.188888888889 0.0291666666667 0.0944444444444
0 0.405989583333 0.0861111111111 0.0338541666667 0.111111111111
0 0.359635416667 0.0680555555556 0.0286458333333 0.0935185185185
0 0.37109375 0.719907407407 0.0338541666667 0.0972222222222
0 0.2875 0.62962962963 0.0260416666667 0.0722222222222
0 0.2046875 0.453703703704 0.034375 0.0962962962963
0 0.2703125 0.12962962963 0.0333333333333 0.101851851852
0 0.227864583333 0.0611111111111 0.0265625 0.062962962963
0 0.103125 0.0449074074074 0.040625 0.0861111111111
