0 0.91484375 0.200925925926 0.0213541666667 0.0574074074074
0 0.897916666667 0.169907407407 0.0229166666667 0.0546296296296
0 0.855729166667 0.168518518519 0.0197916666667 0.062962962963
0 0.8203125 0.504166666667 0.0197916666667 0.0546296296296
0 0.748697916667 0.583333333333 0.0213541666667 0.0592592592593
0 0.694270833333 0.625925925926 0.01875 0.05
0 0.672916666667 0.603703703704 0.015625 0.0425925925926
0 0.573177083333 0.612037037037 0.0171875 0.0388888888889
0 0.689322916667 0.318518518519 0.0182291666667 0.0462962962963
0 0.688020833333 0.219907407407 0.0166666666667 0.0342592592593
0 0.61171875 0.246759259259 0.0151041666667 0.0231481481481
0 0.538802083333 0.169907407407 0.0151041666667 0.0361111111111
0 0.5140625 0.369907407407 0.0208333333333 0.0472222222222
0 0.473177083333 0.558796296296 0.0234375 0.0490740740741
0 0.237760416667 0.700462962963 0.0255208333333 0.0638888888889
0 0.336458333333 0.585648148148 0.0177083333333 0.0472222222222
0 0.354427083333 0.564351851852 0.0192708333333 0.0324074074074
0 0.228125 0.399537037037 0.028125 0.0509259259259
0 0.3421875 0.236574074074 0.0208333333333 0.062037037037
0 0.453385416667 0.264351851852 0.0234375 0.0657407407407
0 0.417708333333 0.243981481481 0.0135416666667 0.0324074074074
0 0.170052083333 0.653240740741 0.0244791666667 0.0675925925926
0 0.0419270833333 0.570833333333 0.0276041666667 0.0787037037037
0 0.142447916667 0.222685185185 0.0255208333333 0.075
0 0.18046875 0.153240740741 0.0276041666667 0.075
0 0.113020833333 0.19212962963 0.0229166666667 0.0453703703704
0 0.0619791666667 0.209722222222 0.0239583333333 0.0601851851852
