0 0.54765625 0.159722222222 0.0182291666667 0.0564814814815
0 0.5359375 0.240277777778 0.0197916666667 0.0583333333333
0 0.478125 0.209259259259 0.015625 0.0407407407407
0 0.531510416667 0.322685185185 0.0203125 0.0509259259259
0 0.555989583333 0.628240740741 0.0171875 0.0435185185185
0 0.436979166667 0.561574074074 0.0166666666667 0.0435185185185
0 0.420833333333 0.556018518519 0.0125 0.037962962963
0 0.3828125 0.336111111111 0.0114583333333 0.0240740740741
0 0.390625 0.363888888889 0.009375 0.0296296296296
0 0.351822916667 0.342592592593 0.0119791666667 0.0351851851852
0 0.42734375 0.299537037037 0.0130208333333 0.0324074074074
0 0.416145833333 0.326388888889 0.00833333333333 0.025
0 0.424739583333 0.324537037037 0.00989583333333 0.025
0 0.319270833333 0.558333333333 0.0114583333333 0.0314814814815
0 0.284635416667 0.569444444444 0.0078125 0.0240740740741
0 0.318229166667 0.453703703704 0.0114583333333 0.0314814814815
0 0.271354166667 0.415740740741 0.0104166666667 0.0185185185185
0 0.465625 0.413888888889 0.0125 0.037037037037
0 0.4890625 0.525 0.0125 0.0259259259259
0 0.30390625 0.488888888889 0.0078125 0.0185185185185
