0 0.21953125 0.776851851852 0.0401041666667 0.109259259259
0 0.429427083333 0.645833333333 0.0359375 0.106481481481
0 0.354947916667 0.658796296296 0.0276041666667 0.0712962962963
0 0.377604166667 0.700462962963 0.0302083333333 0.0861111111111
0 0.0513020833333 0.693055555556 0.0359375 0.0805555555556
0 0.0549479166667 0.293981481481 0.0369791666667 0.075
0 0.13046875 0.148611111111 0.0390625 0.0805555555556
0 0.511979166667 0.347222222222 0.0333333333333 0.0888888888889
0 0.722135416667 0.206018518519 0.0192708333333 0.0416666666667
0 0.376822916667 0.209722222222 0.0286458333333 0.0898148148148
0 0.387760416667 0.0587962962963 0.0276041666667 0.0472222222222
0 0.722395833333 0.0277777777778 0.034375 0.0481481481481
