0 0.0690110606746 0.402688160877 0.0286327845383 0.0468227424749
0 0.192132034189 0.395441784065 0.034359341446 0.0680044593088
0 0.265861454375 0.630670323642 0.0300644237652 0.0791527313266
0 0.2139645324 0.291205440699 0.025053686471 0.0535117056856
0 0.276240838771 0.28563130469 0.025053686471 0.0579710144928
0 0.313105548864 0.326879911156 0.0257695060845 0.0490523968785
0 0.454479922521 0.359209900007 0.025053686471 0.0713489409142
0 0.450185004841 0.660213244489 0.0221904080172 0.0624303232999
0 0.595138476566 0.69867478295 0.0257695060845 0.0680044593088
0 0.497071189522 0.750514247833 0.0272011453114 0.0289855072464
0 0.645961669121 0.641261182059 0.0229062276306 0.0490523968785
0 0.796283787947 0.647950145269 0.0300644237652 0.0646599777035
0 0.695711132257 0.496333645827 0.0322118826056 0.0802675585284
0 0.705732606845 0.450068316953 0.0236220472441 0.0434782608696
0 0.764429815148 0.397114024868 0.0221904080172 0.0356744704571
0 0.718975269694 0.335241115169 0.0200429491768 0.0457079152731
0 0.586906551011 0.212610122973 0.025053686471 0.0434782608696
0 0.517829958312 0.416623500899 0.0257695060845 0.0546265328874
0 0.66027806139 0.236578907811 0.0286327845383 0.0624303232999
0 0.640235112214 0.117849810821 0.0214745884037 0.0457079152731
0 0.933005334118 0.321305775147 0.0429491768074 0.0691192865106
0 0.931573694891 0.101127402794 0.0286327845383 0.0680044593088
