0 0.857240419095 0.922800534552 0.0365009439899 0.0881057268722
0 0.653338594048 0.749232252614 0.0427942101951 0.0933920704846
0 0.571526133381 0.697249873759 0.040276903713 0.0740088105727
0 0.914823804872 0.436456922217 0.0421648835746 0.095154185022
0 0.670330412802 0.457602296667 0.0365009439899 0.0581497797357
0 0.549185038353 0.318835776843 0.0270610446822 0.0678414096916
0 0.481217763337 0.206500975081 0.0308370044053 0.079295154185
0 0.442514176175 0.174342384772 0.0264317180617 0.0678414096916
0 0.343080570134 0.642183794464 0.0314663310258 0.0696035242291
0 0.282979877874 0.542624323098 0.0245437382001 0.0519823788546
0 0.237983024507 0.38315295746 0.0314663310258 0.0696035242291
0 0.351576479511 0.180509785653 0.0308370044053 0.073127753304
0 0.325144761449 0.113989961865 0.0245437382001 0.0458149779736
0 0.215012602859 0.0505538385168 0.0371302706104 0.0616740088106
