0 0.826127239036 0.161420204978 0.0117356392835 0.0197657393851
0 0.807906114886 0.17972181552 0.0148239654107 0.0314787701318
0 0.832921556516 0.288799414348 0.0117356392835 0.0197657393851
0 0.77208153181 0.35541727672 0.00988264360716 0.0183016105417
0 0.73131562693 0.402635431918 0.00864731315627 0.0161054172767
0 0.66893143916 0.322474377745 0.00741198270537 0.0124450951684
0 0.6213712168 0.36420204978 0.00988264360716 0.0153733528551
0 0.668622606547 0.396046852123 0.00802964793082 0.01317715959
0 0.657195799876 0.414714494876 0.00864731315627 0.0139092240117
0 0.669857936998 0.413250366032 0.00802964793082 0.0124450951684
0 0.609635577517 0.356149341142 0.00741198270537 0.010980966325
0 0.614268066708 0.46925329429 0.00679431747993 0.0117130307467
0 0.602223594812 0.468155197657 0.00617665225448 0.0124450951684
0 0.573193329216 0.466325036603 0.00864731315627 0.0117130307467
0 0.563928350834 0.382137628111 0.00617665225448 0.0117130307467
0 0.563928350834 0.396046852123 0.00741198270537 0.01317715959
0 0.531192093885 0.446559297218 0.00617665225448 0.0117130307467
0 0.484249536751 0.437042459736 0.00617665225448 0.0117130307467
0 0.511117974058 0.447657393851 0.00679431747993 0.010980966325
0 0.524397776405 0.5 0.00494132180358 0.00878477306003
0 0.524706609018 0.506954612006 0.00555898702903 0.00805270863836
0 0.542310067943 0.498169838946 0.00494132180358 0.00658857979502
0 0.545707226683 0.477672035139 0.00679431747993 0.010980966325
