0 0.046232015361 0.574438234631 0.0280629705681 0.069008782936
0 0.077717299413 0.548089426601 0.0280629705681 0.0489335006274
0 0.0674503589613 0.0713014717701 0.025325119781 0.0464240903388
0 0.322412713513 0.516094445421 0.0273785078713 0.0702634880803
0 0.347395601946 0.178578761607 0.025325119781 0.0702634880803
0 0.388121132404 0.171050530741 0.0177960301164 0.0401505646173
0 0.470256656018 0.180460819323 0.0219028062971 0.0639899623588
0 0.5486276348 0.649093190716 0.0225872689938 0.0677540777917
0 0.465123185792 0.535542375158 0.0184804928131 0.0439146800502
0 0.446984924327 0.511075624844 0.0191649555099 0.030112923463
0 0.609202583465 0.132154671268 0.0232717316906 0.0727728983689
0 0.64000340482 0.206182274781 0.0205338809035 0.0677540777917
0 0.61022927751 0.601414395233 0.0198494182067 0.0627352572146
0 0.708791905847 0.524250028859 0.0212183436003 0.0715181932246
0 0.747121816867 0.581339112924 0.0198494182067 0.0351317440402
0 0.806670071487 0.506056804267 0.0239561943874 0.0652446675031
0 0.849106758687 0.584475875785 0.0212183436003 0.0489335006274
0 0.807012302835 0.326633968633 0.0232717316906 0.0627352572146
0 0.700578353486 0.20869168507 0.0198494182067 0.0501882057716
0 0.565739202219 0.360511007529 0.0212183436003 0.0501882057716
0 0.91447294623 0.557499715183 0.0232717316906 0.0501882057716
0 0.924055423985 0.593886164367 0.0219028062971 0.0401505646173
0 0.885041050269 0.265153416563 0.0287474332649 0.077791718946
0 0.968545499276 0.130272613552 0.0260095824778 0.069008782936
