0 0.239322916667 0.502314814815 0.0119791666667 0.0361111111111
0 0.311197916667 0.372685185185 0.0078125 0.0212962962963
0 0.275260416667 0.3125 0.0119791666667 0.0305555555556
0 0.245833333333 0.324537037037 0.0114583333333 0.0287037037037
0 0.246875 0.294444444444 0.0125 0.0314814814815
0 0.2140625 0.299537037037 0.0145833333333 0.025
0 0.14609375 0.545833333333 0.0140625 0.0342592592593
0 0.0815104166667 0.589814814815 0.0161458333333 0.037037037037
0 0.163541666667 0.584259259259 0.0125 0.0296296296296
0 0.00729166666667 0.509722222222 0.0125 0.0324074074074
