0 0.0567708333333 0.360648148148 0.040625 0.0898148148148
0 0.130208333333 0.665740740741 0.0385416666667 0.103703703704
0 0.229166666667 0.668981481481 0.021875 0.0546296296296
0 0.244791666667 0.598148148148 0.0208333333333 0.0666666666667
0 0.2296875 0.468055555556 0.028125 0.0657407407407
0 0.330208333333 0.640277777778 0.025 0.0694444444444
0 0.309114583333 0.505092592593 0.0192708333333 0.0453703703704
0 0.15078125 0.123611111111 0.0317708333333 0.0935185185185
0 0.266927083333 0.234259259259 0.0244791666667 0.0703703703704
0 0.295052083333 0.190740740741 0.0223958333333 0.0685185185185
0 0.3578125 0.236111111111 0.0229166666667 0.0685185185185
0 0.45078125 0.228240740741 0.0192708333333 0.0527777777778
0 0.521354166667 0.178703703704 0.0197916666667 0.0555555555556
0 0.529166666667 0.571296296296 0.0177083333333 0.0537037037037
0 0.566145833333 0.337962962963 0.0177083333333 0.0555555555556
0 0.625260416667 0.291666666667 0.0151041666667 0.0462962962963
0 0.588541666667 0.213425925926 0.015625 0.0472222222222
