0 0.858888210141 0.707404458599 0.0158827122786 0.0262738853503
0 0.773671350031 0.695461783439 0.0128283445327 0.0246815286624
0 0.834758704948 0.714968152866 0.0116065974343 0.0191082802548
0 0.827122785583 0.701831210191 0.0122174709835 0.0199044585987
0 0.75565058033 0.66321656051 0.00855222968845 0.0143312101911
0 0.720219914478 0.608280254777 0.0122174709835 0.0207006369427
0 0.694563225412 0.612261146497 0.0109957238852 0.0207006369427
0 0.693646915089 0.640127388535 0.00794135613928 0.0111464968153
0 0.704948075748 0.627786624204 0.0122174709835 0.0214968152866
0 0.704948075748 0.521098726115 0.0109957238852 0.0199044585987
0 0.749236408064 0.567675159236 0.0116065974343 0.0238853503185
0 0.778252901649 0.537022292994 0.0109957238852 0.0183121019108
0 0.694868662187 0.497213375796 0.00916310323763 0.0167197452229
0 0.869883934026 0.58678343949 0.0146609651802 0.0254777070064
0 0.886988393403 0.546178343949 0.0122174709835 0.0191082802548
0 0.634392180819 0.465366242038 0.00794135613928 0.0183121019108
0 0.62248014661 0.478901273885 0.00855222968845 0.0199044585987
0 0.653940134392 0.597133757962 0.010384850336 0.0222929936306
0 0.610262675626 0.607085987261 0.00977397678681 0.0167197452229
0 0.599572388516 0.589171974522 0.00794135613928 0.0127388535032
0 0.574221136225 0.555334394904 0.00977397678681 0.0214968152866
0 0.54459376909 0.53025477707 0.00794135613928 0.015923566879
0 0.525351252291 0.544187898089 0.00610873549175 0.0103503184713
0 0.509468540012 0.525477707006 0.0073304825901 0.0127388535032
0 0.504581551619 0.531449044586 0.00610873549175 0.0103503184713
0 0.556505803299 0.485270700637 0.0073304825901 0.0167197452229
0 0.539401343922 0.463375796178 0.00977397678681 0.0143312101911
0 0.525351252291 0.420780254777 0.0073304825901 0.015127388535
