0 0.9046875 0.103240740741 0.0229166666667 0.0435185185185
0 0.80859375 0.232407407407 0.0296875 0.0777777777778
0 0.761458333333 0.223611111111 0.0197916666667 0.0361111111111
0 0.874479166667 0.349537037037 0.0291666666667 0.0583333333333
0 0.665364583333 0.236111111111 0.0203125 0.0611111111111
0 0.667708333333 0.587037037037 0.0208333333333 0.0537037037037
0 0.82890625 0.589814814815 0.0296875 0.101851851852
0 0.964583333333 0.637962962963 0.0270833333333 0.05
0 0.576822916667 0.683333333333 0.0203125 0.0555555555556
0 0.6875 0.564814814815 0.0197916666667 0.0296296296296
0 0.52734375 0.191203703704 0.0213541666667 0.0712962962963
0 0.495052083333 0.262962962963 0.0192708333333 0.0685185185185
0 0.43671875 0.263888888889 0.0182291666667 0.0462962962963
0 0.342447916667 0.370833333333 0.0192708333333 0.0546296296296
0 0.567708333333 0.410185185185 0.021875 0.0574074074074
0 0.338020833333 0.53287037037 0.01875 0.0546296296296
0 0.423177083333 0.554166666667 0.0213541666667 0.062037037037
0 0.516666666667 0.636111111111 0.0208333333333 0.0555555555556
0 0.390885416667 0.601851851852 0.0192708333333 0.0314814814815
0 0.301822916667 0.600925925926 0.0171875 0.0333333333333
0 0.2484375 0.56712962963 0.0177083333333 0.0453703703704
0 0.240364583333 0.597685185185 0.0182291666667 0.0324074074074
0 0.2765625 0.315740740741 0.0260416666667 0.0666666666667
0 0.213020833333 0.198148148148 0.021875 0.0537037037037
