0 0.757168775018 0.911722472607 0.062681369704 0.138095238095
0 0.790830992081 0.271722472607 0.0510737086477 0.126666666667
0 0.515729425047 0.501722472607 0.0336622170633 0.0971428571429
0 0.495125826672 0.686960567845 0.0284387695879 0.0714285714286
0 0.642543122087 0.0555319964164 0.0330818340104 0.0733333333333
0 0.564481601484 0.169817710702 0.0325014509576 0.0752380952381
0 0.870053278791 0.0726748535593 0.0423679628555 0.130476190476
0 0.447534416341 0.194103424988 0.0237957051654 0.0514285714286
0 0.391817643271 0.416008186893 0.0237957051654 0.0590476190476
0 0.365700405894 0.626960567845 0.0261172373767 0.067619047619
0 0.291991758187 0.376960567845 0.0121880441091 0.0304761904762
