0 0.158994548758 0.780228136882 0.0224106602059 0.0380228136882
0 0.178376741369 0.750950570342 0.0224106602059 0.0266159695817
0 0.0745003028468 0.5 0.0205935796487 0.0250950570342
0 0.363416111448 0.621292775665 0.0218049666869 0.0380228136882
0 0.31556632344 0.428136882129 0.0205935796487 0.0380228136882
0 0.346456692913 0.405323193916 0.0145366444579 0.0212927756654
0 0.412477286493 0.372623574144 0.0181708055724 0.0349809885932
0 0.567837674137 0.588593155894 0.0187764990915 0.0365019011407
0 0.479406420351 0.565779467681 0.015142337977 0.0243346007605
0 0.4603270745 0.560836501901 0.0145366444579 0.015969581749
0 0.511811023622 0.282509505703 0.0181708055724 0.0403041825095
0 0.550878255603 0.308365019011 0.0163537250151 0.0372623574144
0 0.606904906118 0.534600760456 0.0157480314961 0.0349809885932
0 0.668685645064 0.44752851711 0.0169594185342 0.038783269962
0 0.710175651121 0.460456273764 0.0163537250151 0.0190114068441
0 0.741974560872 0.392775665399 0.0193821926105 0.0357414448669
0 0.791035735918 0.415589353612 0.0169594185342 0.0266159695817
0 0.705935796487 0.295817490494 0.0187764990915 0.0349809885932
0 0.599030890369 0.282129277567 0.0157480314961 0.0273764258555
0 0.523319200485 0.425475285171 0.0169594185342 0.0281368821293
0 0.836765596608 0.370342205323 0.0187764990915 0.0273764258555
0 0.851605087826 0.385931558935 0.0181708055724 0.0220532319392
0 0.755299818292 0.226996197719 0.023016353725 0.041825095057
0 0.793458509994 0.115969581749 0.0205935796487 0.0372623574144
