0 0.5953125 0.665740740741 0.028125 0.0777777777778
0 0.626302083333 0.622222222222 0.0307291666667 0.0814814814815
0 0.769791666667 0.561111111111 0.0333333333333 0.0925925925926
0 0.822395833333 0.603703703704 0.0322916666667 0.0759259259259
0 0.89296875 0.616666666667 0.0338541666667 0.0981481481481
0 0.594791666667 0.196296296296 0.0260416666667 0.0685185185185
0 0.65078125 0.221296296296 0.0286458333333 0.0851851851852
0 0.7125 0.160185185185 0.0375 0.112962962963
0 0.84609375 0.240740740741 0.0463541666667 0.105555555556
0 0.894270833333 0.0587962962963 0.0333333333333 0.0675925925926
0 0.976302083333 0.0472222222222 0.0328125 0.0888888888889
0 0.69453125 0.685185185185 0.0276041666667 0.0611111111111
