0 0.900998824912 0.585447761194 0.0111633372503 0.0201492537313
0 0.885428907168 0.578731343284 0.0164512338425 0.0291044776119
0 0.891010575793 0.519776119403 0.0135135135135 0.0276119402985
0 0.867215041128 0.544029850746 0.0141010575793 0.0208955223881
0 0.788777908343 0.523507462687 0.0170387779083 0.0335820895522
0 0.737367802585 0.60223880597 0.021151586369 0.0313432835821
0 0.771151586369 0.74552238806 0.0193889541716 0.0298507462687
0 0.635135135135 0.679104477612 0.021151586369 0.0388059701493
0 0.5910693302 0.654850746269 0.0258519388954 0.0485074626866
0 0.666568742656 0.50223880597 0.0287896592244 0.0582089552239
0 0.641598119859 0.507462686567 0.0164512338425 0.0253731343284
0 0.763807285546 0.37276119403 0.0164512338425 0.0216417910448
0 0.690364277321 0.33171641791 0.0188014101058 0.0231343283582
0 0.636016451234 0.298507462687 0.0264394829612 0.0567164179104
0 0.504994124559 0.471641791045 0.0264394829612 0.0477611940299
0 0.503231492362 0.562686567164 0.0170387779083 0.0492537313433
0 0.328437132785 0.564552238806 0.0235017626322 0.0559701492537
0 0.560810810811 0.251865671642 0.0217391304348 0.039552238806
0 0.517038777908 0.267537313433 0.0258519388954 0.0589552238806
0 0.467097532315 0.185820895522 0.0246768507638 0.0567164179104
0 0.418625146886 0.163059701493 0.0299647473561 0.0694029850746
0 0.307285546416 0.162686567164 0.0329024676851 0.0626865671642
