0 0.735483704768 0.623765226664 0.0320182961692 0.0705630791162
0 0.487341909457 0.659046766222 0.0274442538593 0.0541696364932
0 0.557953687616 0.286274136144 0.0257289879931 0.0612972202423
0 0.455609490932 0.668669004284 0.0211549456832 0.047754811119
0 0.364986277667 0.383209275132 0.021726700972 0.0427655024947
0 0.31410005697 0.479075276557 0.0171526586621 0.0263720598717
0 0.333825614431 0.500458027805 0.0131503716409 0.0249465431219
0 0.359840480068 0.433458740563 0.0137221269297 0.0277975766215
0 0.370989708199 0.425618398439 0.0142938822184 0.032074126871
0 0.267502000938 0.510080265866 0.0200114351058 0.0342124019957
0 0.288656946621 0.747072425524 0.0211549456832 0.0292230933713
0 0.309811892304 0.739944841775 0.0154373927959 0.0220955096222
0 0.254065751652 0.644435219537 0.019439679817 0.0334996436208
0 0.252064608142 0.691833651468 0.0142938822184 0.0299358517463
0 0.253208118719 0.773800864583 0.0120068610635 0.0185317177477
0 0.590257861429 0.554984043485 0.0228702115495 0.0356379187455
0 0.656009719634 0.629110914476 0.0343053173242 0.0413399857448
