0 0.415885416667 0.613888888889 0.0192708333333 0.0555555555556
0 0.438541666667 0.57962962963 0.0208333333333 0.0537037037037
0 0.47890625 0.620833333333 0.0161458333333 0.0435185185185
0 0.522916666667 0.539351851852 0.0166666666667 0.0564814814815
0 0.552864583333 0.565277777778 0.0161458333333 0.0527777777778
0 0.6359375 0.6125 0.0197916666667 0.0324074074074
0 0.561458333333 0.354166666667 0.021875 0.0601851851852
0 0.492447916667 0.293518518519 0.0203125 0.0648148148148
0 0.450520833333 0.313425925926 0.01875 0.0583333333333
0 0.408072916667 0.27962962963 0.0171875 0.0518518518519
0 0.402083333333 0.152314814815 0.0208333333333 0.0694444444444
0 0.421875 0.165277777778 0.0177083333333 0.0509259259259
0 0.445572916667 0.155555555556 0.0182291666667 0.0407407407407
0 0.624479166667 0.248611111111 0.0166666666667 0.0546296296296
0 0.721875 0.224074074074 0.0166666666667 0.0462962962963
0 0.709114583333 0.252777777778 0.0171875 0.062962962963
0 0.738802083333 0.640277777778 0.0213541666667 0.062037037037
0 0.8515625 0.6875 0.0260416666667 0.0657407407407
0 0.82421875 0.596296296296 0.0255208333333 0.062962962963
0 0.836979166667 0.403240740741 0.0239583333333 0.0490740740741
0 0.772135416667 0.184259259259 0.0255208333333 0.0666666666667
0 0.926302083333 0.584722222222 0.0244791666667 0.0490740740741
0 0.956510416667 0.5625 0.0223958333333 0.0324074074074
0 0.871875 0.242592592593 0.0197916666667 0.0592592592593
0 0.588541666667 0.559722222222 0.0166666666667 0.0398148148148
