0 0.189323607427 0.529355149182 0.0364721485411 0.0827718960539
0 0.255968169761 0.369104908566 0.0397877984085 0.0837343599615
0 0.293103448276 0.681905678537 0.0490716180371 0.11645813282
0 0.412798408488 0.761790182868 0.0417771883289 0.0914340712223
0 0.460543766578 0.719441770934 0.040450928382 0.0664100096246
0 0.0192307692308 0.0505293551492 0.0384615384615 0.0683349374398
0 0.949933687003 0.194417709336 0.0895225464191 0.128970163619
0 0.735079575597 0.789220404235 0.0590185676393 0.0846968238691
0 0.582228116711 0.89749759384 0.053050397878 0.153031761309
0 0.150198938992 0.509624639076 0.0311671087533 0.0818094321463
