0 0.711038480097 0.823722546522 0.048823016565 0.105985037406
0 0.466051557691 0.681577908118 0.0435919790759 0.10349127182
0 0.554107355424 0.699657708617 0.0331299040976 0.069825436409
0 0.526208488815 0.737687633804 0.0366172624237 0.0835411471322
0 0.913305263009 0.757014317095 0.0435919790758 0.0773067331671
0 0.921587739033 0.376091623829 0.0444638186574 0.073566084788
0 0.836583379835 0.231453219839 0.0470793374019 0.0785536159601
0 0.377995759957 0.389807334552 0.0401046207498 0.0860349127182
0 0.133008837551 0.238934516597 0.0244115082825 0.0411471321696
0 0.542773440864 0.269483145026 0.0348735832607 0.0872817955112
0 0.53449096484 0.124844741036 0.0340017436792 0.0473815461347
0 0.13823987504 0.0687350153498 0.0418482999128 0.0473815461347
