0 0.551948051948 0.604079497908 0.0463821892393 0.076359832636
0 0.50185528757 0.171025104603 0.038961038961 0.06589958159
0 0.553339517625 0.217050209205 0.0361781076067 0.0512552301255
0 0.640074211503 0.265167364017 0.0222634508349 0.0366108786611
0 0.651669758813 0.226464435146 0.0231910946197 0.0345188284519
0 0.715677179963 0.217050209205 0.0231910946197 0.0470711297071
0 0.846474953618 0.472280334728 0.0213358070501 0.0428870292887
0 0.81586270872 0.341527196653 0.0213358070501 0.0387029288703
0 0.850185528757 0.378138075314 0.0157699443414 0.0240585774059
0 0.902133580705 0.452928870293 0.0120593692022 0.0188284518828
0 0.876623376623 0.28870292887 0.012987012987 0.0167364016736
0 0.283858998145 0.638075313808 0.038961038961 0.0627615062762
0 0.22680890538 0.819560669456 0.0677179962894 0.0826359832636
