0 0.279863481229 0.761120263591 0.0300341296928 0.0510708401977
0 0.118771331058 0.698517298188 0.0232081911263 0.0609555189456
0 0.153924914676 0.797775947282 0.0252559726962 0.0370675453048
0 0.134812286689 0.656507413509 0.0279863481229 0.0345963756178
0 0.439590443686 0.654036243822 0.0273037542662 0.0543657331137
0 0.507508532423 0.629324546952 0.0184300341297 0.0313014827018
0 0.506825938567 0.581548599671 0.0184300341297 0.0345963756178
0 0.583959044369 0.572899505766 0.019795221843 0.0420098846787
0 0.468600682594 0.507001647446 0.0211604095563 0.0387149917628
0 0.537883959044 0.498764415157 0.0163822525597 0.0255354200988
0 0.327645051195 0.513591433278 0.0273037542662 0.0502471169687
0 0.247781569966 0.568369028007 0.0232081911263 0.0280065897858
0 0.0808873720137 0.483113673806 0.0320819112628 0.0469522240527
0 0.345051194539 0.346787479407 0.0238907849829 0.0494233937397
0 0.450511945392 0.358319604613 0.0191126279863 0.0411861614498
0 0.461433447099 0.317545304778 0.0204778156997 0.0436573311367
0 0.522866894198 0.317133443163 0.0191126279863 0.0428336079077
0 0.601365187713 0.261120263591 0.017747440273 0.0329489291598
0 0.734129692833 0.269357495881 0.019795221843 0.0345963756178
0 0.786348122867 0.203047775947 0.0191126279863 0.0337726523888
0 0.727986348123 0.172570016474 0.0170648464164 0.0321252059308
0 0.647781569966 0.18410214168 0.0163822525597 0.0222405271829
0 0.660068259386 0.191515650741 0.0150170648464 0.0304777594728
0 0.754266211604 0.441103789127 0.021843003413 0.0354200988468
0 0.808873720137 0.439868204283 0.0150170648464 0.0263591433278
0 0.724914675768 0.465815485997 0.017747440273 0.0354200988468
0 0.726279863481 0.42586490939 0.0150170648464 0.0263591433278
0 0.855631399317 0.393327841845 0.0170648464164 0.0238879736409
0 0.0412969283276 0.400329489292 0.0307167235495 0.0296540362438
