0 0.446324007807 0.280565693431 0.0182173064411 0.0355839416058
0 0.516916070267 0.339872262774 0.021470396877 0.0465328467153
0 0.584580351334 0.353102189781 0.021470396877 0.0474452554745
0 0.674040338321 0.205291970803 0.0208197787899 0.043795620438
0 0.724137931034 0.135948905109 0.0260247234873 0.043795620438
0 0.753090435914 0.150091240876 0.0266753415745 0.0666058394161
0 0.607026675342 0.491788321168 0.0208197787899 0.043795620438
0 0.581001951854 0.555200729927 0.0221210149642 0.0264598540146
0 0.526024723487 0.545164233577 0.0175666883539 0.0355839416058
0 0.524072869226 0.567974452555 0.0149642160052 0.0282846715328
0 0.675016265452 0.537408759124 0.0227716330514 0.0328467153285
0 0.707221860768 0.482208029197 0.0247234873129 0.0574817518248
0 0.857514638907 0.526003649635 0.0312296681848 0.0684306569343
0 0.904359141184 0.241332116788 0.0221210149642 0.0647810218978
