0 0.904218636335 0.244260005009 0.0207357859532 0.0507559395248
0 0.886827331987 0.21942199205 0.0220735785953 0.048596112311
0 0.846693552723 0.223741646478 0.019397993311 0.0550755939525
0 0.828633352054 0.519098017968 0.019397993311 0.0475161987041
0 0.764084857071 0.597391754469 0.0214046822742 0.0529157667387
0 0.714252081151 0.641668212352 0.0180602006689 0.0442764578834
0 0.692847398877 0.625469508249 0.0153846153846 0.0377969762419
0 0.598198569445 0.645447909977 0.0173913043478 0.0345572354212
0 0.69485408784 0.376549421856 0.0180602006689 0.0410367170626
0 0.689168469111 0.29123624691 0.0160535117057 0.0302375809935
0 0.617931010917 0.324713568724 0.0153846153846 0.0215982721382
0 0.54468686376 0.267478147558 0.0147157190635 0.0323974082073
0 0.530640041017 0.444044022288 0.0200668896321 0.0421166306695
0 0.500539706569 0.613050501769 0.0227424749164 0.0431965442765
0 0.282813954061 0.767478147558 0.0247491638796 0.0561555075594
0 0.371442716603 0.654627175635 0.0173913043478 0.0421166306695
0 0.387496228308 0.634108817104 0.01872909699 0.0291576673866
0 0.259402582823 0.508298881899 0.0274247491639 0.0453563714903
0 0.360405927305 0.3522513657 0.0207357859532 0.0550755939525
0 0.467763786837 0.361430631359 0.0227424749164 0.0583153347732
0 0.432981178141 0.347931711273 0.0133779264214 0.0291576673866
0 0.216258770114 0.735620696154 0.0240802675585 0.0593952483801
0 0.0901718135926 0.682164972612 0.0274247491639 0.0691144708423
0 0.1697704758 0.367370156197 0.0247491638796 0.0658747300216
0 0.202546395532 0.301495426175 0.0274247491639 0.0658747300216
0 0.140004589512 0.344691970452 0.0227424749164 0.0399568034557
0 0.0921785025558 0.36629024259 0.0234113712375 0.0529157667387
