0 0.836618251506 0.842241797489 0.045045045045 0.099593495935
0 0.576764647903 0.763989764969 0.0320945945946 0.0955284552846
0 0.48076239565 0.741632041392 0.0213963963964 0.0731707317073
0 0.44754167493 0.705046675538 0.0213963963964 0.0630081300813
0 0.643487620876 0.450473504806 0.0371621621622 0.0985772357724
0 0.604636269524 0.188278382855 0.0146396396396 0.0579268292683
0 0.700075458713 0.141530415375 0.0309684684685 0.0843495934959
0 0.521584467722 0.320900334075 0.0230855855856 0.0711382113821
0 0.518487620876 0.268562935701 0.0213963963964 0.0477642276423
0 0.594501134389 0.227912529196 0.0168918918919 0.0579268292683
0 0.456269152407 0.327506025131 0.0219594594595 0.0721544715447
0 0.330143026281 0.663380008871 0.0185810810811 0.0528455284553
0 0.389827710966 0.655758057652 0.0163288288288 0.0457317073171
0 0.293543927182 0.700981634888 0.0152027027027 0.0406504065041
0 0.242305188443 0.662363748709 0.0140765765766 0.0325203252033
0 0.394895278533 0.477912529196 0.0163288288288 0.0416666666667
0 0.30058221547 0.437770252774 0.0146396396396 0.0548780487805
0 0.283408792047 0.320900334075 0.0152027027027 0.0447154471545
0 0.327046179434 0.278217407245 0.0213963963964 0.0609756097561
0 0.248498882137 0.397627976351 0.0140765765766 0.0457317073171
0 0.309028161416 0.668969439766 0.0168918918919 0.0355691056911
0 0.372935819074 0.33461984627 0.0275900900901 0.0660569105691
0 0.596190323578 0.0780141552128 0.027027027027 0.0630081300813
