0 0.609635416667 0.558333333333 0.0130208333333 0.0388888888889
0 0.6015625 0.583796296296 0.0145833333333 0.0361111111111
0 0.65390625 0.595833333333 0.0151041666667 0.0305555555556
0 0.6890625 0.531018518519 0.0177083333333 0.0490740740741
0 0.748958333333 0.599537037037 0.0197916666667 0.0305555555556
0 0.78125 0.558796296296 0.0197916666667 0.0564814814815
0 0.898697916667 0.650925925926 0.0234375 0.0685185185185
0 0.696354166667 0.378703703704 0.0177083333333 0.0518518518519
0 0.638541666667 0.341203703704 0.0177083333333 0.0546296296296
0 0.62421875 0.325 0.0151041666667 0.0333333333333
0 0.581770833333 0.243518518519 0.0166666666667 0.0407407407407
0 0.793489583333 0.255092592593 0.0192708333333 0.0453703703704
0 0.870572916667 0.236574074074 0.0213541666667 0.0694444444444
0 0.848958333333 0.22037037037 0.0208333333333 0.0407407407407
0 0.917708333333 0.152314814815 0.0260416666667 0.0731481481481
0 0.986979166667 0.719444444444 0.0208333333333 0.0740740740741
0 0.977864583333 0.394907407407 0.0286458333333 0.062037037037
