0 0.192141312185 0.506572769953 0.0194664744052 0.0384976525822
0 0.197548666186 0.474647887324 0.0216294160058 0.0460093896714
0 0.218457101658 0.446009389671 0.0216294160058 0.0469483568075
0 0.231434751262 0.482629107981 0.0115356885364 0.0300469483568
0 0.401946647441 0.453521126761 0.0266762797404 0.0507042253521
0 0.453136265321 0.486854460094 0.0266762797404 0.0572769953052
0 0.404470079308 0.727699530516 0.0259552992069 0.0619718309859
0 0.484859408796 0.738028169014 0.0237923576063 0.0469483568075
0 0.505407354001 0.704225352113 0.0230713770728 0.037558685446
0 0.317591925018 0.684976525822 0.0165825522711 0.0403755868545
0 0.349315068493 0.683568075117 0.0194664744052 0.0413145539906
0 0.626171593367 0.672769953052 0.0295602018745 0.0403755868545
0 0.449531362653 0.314084507042 0.0237923576063 0.0291079812207
0 0.631218457102 0.338028169014 0.0367700072098 0.0600938967136
0 0.659336697909 0.118309859155 0.0511896178803 0.0525821596244
0 0.762076423937 0.555399061033 0.0490266762797 0.0741784037559
