0 0.682519669223 0.80048730052 0.0453318942256 0.134969325153
0 0.859799755569 0.453861533648 0.0685375067458 0.19427402863
0 0.946416053464 0.751407545918 0.0604425256341 0.112474437628
0 0.816896355677 0.359792003996 0.0496492174852 0.114519427403
0 0.677932513259 0.315313476389 0.0339989206692 0.0787321063395
0 0.398655664905 0.71357523508 0.041014570966 0.134969325153
0 0.346577953087 0.663472985591 0.02536427415 0.0940695296524
0 0.305293549417 0.627174417084 0.0269832703724 0.0828220858896
0 0.472859658429 0.284127382319 0.045871559633 0.112474437628
0 0.319055017307 0.150691799497 0.02536427415 0.0869120654397
0 0.381656204571 0.135354376184 0.0286022665947 0.0950920245399
0 0.393259010831 0.0745159303765 0.0237452779277 0.040899795501
0 0.226502399929 0.141489345509 0.0259039395575 0.0725971370143
0 0.14393359259 0.131264396634 0.020507285483 0.0623721881391
0 0.2750722866 0.340875848577 0.0215866162979 0.0541922290389
0 0.167678870518 0.577072167595 0.0248246087426 0.0664621676892
0 0.145822421516 0.574004682933 0.0210469508904 0.0705521472393
0 0.0789039109926 0.572470940601 0.0178089584458 0.0490797546012
0 0.0942843751049 0.227378916062 0.0226659471128 0.058282208589
