0 0.590232311334 0.352950021415 0.00989583333333 0.0287037037037
0 0.571482311334 0.352487058453 0.0151041666667 0.0444444444444
0 0.540232311334 0.304338910304 0.0151041666667 0.0388888888889
0 0.562367728001 0.266838910304 0.0145833333333 0.0472222222222
0 0.452992728001 0.308505576971 0.0197916666667 0.062037037037
0 0.365492728001 0.133042614008 0.0260416666667 0.0481481481481
0 0.386065644667 0.495542614008 0.0328125 0.0898148148148
0 0.547523978001 0.520542614008 0.0151041666667 0.0398148148148
0 0.499346894667 0.683505576971 0.0166666666667 0.0490740740741
0 0.326430228001 0.660820391786 0.025 0.0592592592593
0 0.259503144667 0.748783354749 0.0401041666667 0.1
0 0.327992728001 0.15989446586 0.0322916666667 0.0833333333333
0 0.178513561334 0.360357428823 0.0375 0.0472222222222
0 0.150128144667 0.307116688082 0.0390625 0.17037037037
