0 0.296177738341 0.449786893293 0.0307291666667 0.0759259259259
0 0.443052738341 0.634046152553 0.0255208333333 0.0611111111111
0 0.192792321674 0.641916522923 0.0239583333333 0.0583333333333
0 0.272479821674 0.0715461525526 0.0270833333333 0.0694444444444
0 0.235500655008 0.115064671071 0.0354166666667 0.10462962963
0 0.370396488341 0.121546152553 0.028125 0.0824074074074
0 0.418573571674 0.157194300701 0.0244791666667 0.0462962962963
0 0.453208988341 0.39608318959 0.025 0.0796296296296
0 0.291490238341 0.584972078479 0.0255208333333 0.0518518518519
0 0.338104821674 0.551638745145 0.0197916666667 0.0407407407407
0 0.168833988341 0.737749856256 0.028125 0.0759259259259
0 0.0917506550078 0.712286893293 0.0510416666667 0.10462962963
0 0.545917321674 0.613675782182 0.0135416666667 0.0388888888889
0 0.503208988341 0.486360967367 0.0166666666667 0.0564814814815
0 0.502688155008 0.59145355996 0.0135416666667 0.0351851851852
0 0.577688155008 0.372935041441 0.00625 0.0222222222222
0 0.570136071674 0.37432393033 0.00885416666667 0.0194444444444
