0 0.984635416667 0.301388888889 0.0140625 0.0361111111111
0 0.9578125 0.312037037037 0.01875 0.0592592592593
0 0.933072916667 0.501851851852 0.0140625 0.037037037037
0 0.84140625 0.543981481481 0.0119791666667 0.0342592592593
0 0.778385416667 0.576388888889 0.0109375 0.0305555555556
0 0.752083333333 0.394444444444 0.009375 0.0222222222222
0 0.684635416667 0.412037037037 0.0119791666667 0.0277777777778
0 0.71796875 0.505555555556 0.00989583333333 0.0240740740741
0 0.697916666667 0.523611111111 0.0104166666667 0.025
0 0.711458333333 0.533796296296 0.009375 0.0231481481481
0 0.6765625 0.388888888889 0.009375 0.0203703703704
0 0.6296875 0.564351851852 0.00833333333333 0.0212962962963
0 0.617708333333 0.551388888889 0.00729166666667 0.0231481481481
0 0.5890625 0.520833333333 0.0104166666667 0.0212962962963
0 0.618489583333 0.383796296296 0.0078125 0.0212962962963
0 0.611979166667 0.405555555556 0.00833333333333 0.0240740740741
0 0.55625 0.450462962963 0.00729166666667 0.0212962962963
0 0.512760416667 0.390277777778 0.00677083333333 0.0212962962963
0 0.53515625 0.433333333333 0.0078125 0.0203703703704
0 0.524739583333 0.525462962963 0.00572916666667 0.0157407407407
0 0.521875 0.535648148148 0.00625 0.0138888888889
0 0.543489583333 0.539814814815 0.00572916666667 0.0111111111111
0 0.556510416667 0.511574074074 0.0078125 0.0194444444444
