0 0.19660661398 0.790922613576 0.0270833333333 0.0657407407407
0 0.0721274473133 0.689070761724 0.0322916666667 0.0731481481481
0 0.27941911398 0.728422613576 0.0239583333333 0.0666666666667
0 0.385929530647 0.641385576538 0.0192708333333 0.0592592592593
0 0.414835780647 0.683515206168 0.0208333333333 0.0324074074074
0 0.47238786398 0.614070761724 0.0182291666667 0.0527777777778
0 0.549992030647 0.643700391353 0.0161458333333 0.0361111111111
0 0.558585780647 0.668700391353 0.0166666666667 0.037962962963
0 0.0828045306466 0.261755946909 0.0307291666667 0.0759259259259
0 0.466398280647 0.459904095057 0.01875 0.0555555555556
0 0.522127447313 0.417311502464 0.021875 0.0574074074074
0 0.581502447313 0.31036705802 0.0177083333333 0.0435185185185
0 0.50754411398 0.679811502464 0.0166666666667 0.0453703703704
0 0.210929530647 0.482126317279 0.0265625 0.0666666666667
0 0.264054530647 0.242774465427 0.0234375 0.075
0 0.305460780647 0.326570761724 0.0208333333333 0.0648148148148
0 0.37395036398 0.339070761724 0.0171875 0.0472222222222
0 0.535929530647 0.400181872835 0.0140625 0.037962962963
