0 0.130280777508 0.298934901283 0.0194805194805 0.0336787564767
0 0.198926417582 0.327432310609 0.0231910946197 0.0544041450777
0 0.294009905523 0.315774279521 0.0204081632653 0.0388601036269
0 0.255512688454 0.287924538588 0.0194805194805 0.0323834196891
0 0.256904154132 0.248416766568 0.0222634508349 0.0388601036269
0 0.205419924076 0.532095523044 0.0231910946197 0.0518134715026
0 0.326941259883 0.750359771749 0.0269016697588 0.0531088082902
0 0.315345712573 0.515256144806 0.0241187384045 0.0492227979275
0 0.309316027972 0.466681015272 0.0231910946197 0.0453367875648
0 0.421560925931 0.388313139625 0.0287569573284 0.0699481865285
0 0.485104525189 0.786629201801 0.0315398886827 0.0686528497409
0 0.54725665877 0.7659038132 0.0315398886827 0.0531088082902
0 0.591319738547 0.635074797656 0.0398886827458 0.0841968911917
0 0.595957957471 0.30023023807 0.0287569573284 0.0388601036269
0 0.678054432425 0.229634383148 0.0278293135436 0.0582901554404
0 0.665067419438 0.361111067086 0.0352504638219 0.0699481865285
0 0.696607308121 0.878598113718 0.0408163265306 0.0764248704663
0 0.955419924076 0.315126611127 0.0500927643785 0.0867875647668
