0 0.122015915119 0.880929332043 0.0541114058355 0.120038722168
0 0.103978779841 0.326234269119 0.0604774535809 0.137463697967
0 0.295225464191 0.0977734753146 0.0344827586207 0.106485963214
0 0.531034482759 0.614230396902 0.0350132625995 0.082284607938
0 0.297082228117 0.66311713456 0.0318302387268 0.0987415295257
0 0.33050397878 0.619554695063 0.0318302387268 0.054211035818
0 0.442705570292 0.0861568247822 0.0302387267905 0.0677637947725
0 0.512466843501 0.103097773475 0.0403183023873 0.126815101646
0 0.559416445623 0.314133591481 0.0291777188329 0.082284607938
0 0.784880636605 0.688286544046 0.0302387267905 0.0677637947725
0 0.753050397878 0.650048402711 0.0249336870027 0.0590513068732
0 0.868435013263 0.63068731849 0.0328912466844 0.082284607938
0 0.641114058355 0.679090029042 0.0259946949602 0.0571151984511
0 0.775862068966 0.256534365924 0.0281167108753 0.0890609874153
0 0.571352785146 0.181510164569 0.0254641909814 0.0667957405615
0 0.583023872679 0.0304937076476 0.0244031830239 0.0590513068732
0 0.740583554377 0.342207163601 0.026525198939 0.082284607938
0 0.132095490716 0.0837366892546 0.0392572944297 0.0880929332043
0 0.692838196286 0.148596321394 0.0244031830239 0.0396902226525
0 0.981962864721 0.0706679574056 0.0297082228117 0.0677637947725
0 0.979310344828 0.129719264279 0.0190981432361 0.054211035818
0 0.953846153846 0.5 0.0244031830239 0.0726040658277
0 0.911405835544 0.522265246854 0.026525198939 0.0667957405615
