0 0.170781893004 0.452895752896 0.0241034685479 0.0378378378378
0 0.194591416814 0.478378378378 0.0235155790711 0.042471042471
0 0.271310993533 0.466023166023 0.0229276895944 0.0471042471042
0 0.334509112287 0.428571428571 0.0164609053498 0.0370656370656
0 0.20252792475 0.242471042471 0.026455026455 0.0540540540541
0 0.258083480306 0.216216216216 0.0270429159318 0.0494208494208
0 0.320399764844 0.345173745174 0.0176366843034 0.0339768339768
0 0.353027630805 0.427027027027 0.0135214579659 0.0324324324324
0 0.178718400941 0.0675675675676 0.0270429159318 0.0285714285714
0 0.274838330394 0.137451737452 0.0205761316872 0.0355212355212
0 0.425925925926 0.230115830116 0.0170487948266 0.0416988416988
0 0.446502057613 0.258301158301 0.015873015873 0.0332046332046
0 0.452087007643 0.284555984556 0.0152851263962 0.0301158301158
