0 0.185861795075 0.642857142857 0.0190627482129 0.0348706411699
0 0.179507545671 0.670416197975 0.0206513105639 0.029246344207
0 0.246227164416 0.666479190101 0.0190627482129 0.0326209223847
0 0.28117553614 0.596175478065 0.0206513105639 0.0472440944882
0 0.37728355838 0.602924634421 0.0206513105639 0.0539932508436
0 0.34511517077 0.647919010124 0.0198570293884 0.0269966254218
0 0.272835583797 0.451631046119 0.0214455917395 0.0483689538808
0 0.199761715647 0.419572553431 0.0214455917395 0.0517435320585
0 0.119539316918 0.326209223847 0.0230341540905 0.044994375703
0 0.368149324861 0.335208098988 0.0182684670373 0.0427446569179
0 0.413423351867 0.30146231721 0.0182684670373 0.0337457817773
0 0.435266084194 0.32114735658 0.022239872915 0.0573678290214
0 0.48927720413 0.655230596175 0.022239872915 0.0551181102362
0 0.565131056394 0.686164229471 0.0262112787927 0.0539932508436
0 0.66362192216 0.584926884139 0.0262112787927 0.0562429696288
0 0.6850675139 0.555680539933 0.0246227164416 0.0337457817773
0 0.53018268467 0.435883014623 0.0246227164416 0.0438695163105
0 0.46624305004 0.249718785152 0.0254169976172 0.0607424071991
0 0.631453534551 0.255905511811 0.0254169976172 0.0596175478065
0 0.861000794281 0.550618672666 0.0365369340747 0.0933633295838
0 0.74741858618 0.219910011249 0.0254169976172 0.0326209223847
0 0.806592533757 0.222159730034 0.0373312152502 0.0708661417323
0 0.888403494837 0.308211473566 0.0214455917395 0.0427446569179
0 0.91461477363 0.0680539932508 0.032565528197 0.0483689538808
