0 0.903622396283 0.328112737458 0.0130208333333 0.0333333333333
0 0.884872396283 0.32996458931 0.0192708333333 0.0481481481481
0 0.871070312949 0.238760885606 0.015625 0.0453703703704
0 0.853882812949 0.292927552273 0.0166666666667 0.0351851851852
0 0.764299479616 0.321631255976 0.0208333333333 0.0555555555556
0 0.736434896283 0.476723848569 0.0255208333333 0.0527777777778
0 0.820028646283 0.663297922643 0.0229166666667 0.05
0 0.654143229616 0.66746458931 0.0255208333333 0.0657407407407
0 0.599716146283 0.665149774495 0.03125 0.0814814814815
0 0.628361979616 0.382279404125 0.034375 0.0990740740741
0 0.603622396283 0.409594218939 0.0192708333333 0.0425925925926
0 0.687476562949 0.117927552273 0.0192708333333 0.037037037037
0 0.596330729616 0.112371996717 0.0223958333333 0.0388888888889
0 0.528101562949 0.10496458931 0.0317708333333 0.0962962962963
0 0.447372396283 0.459131255976 0.0317708333333 0.0805555555556
0 0.476018229616 0.59570533005 0.0203125 0.0833333333333
0 0.292164062949 0.72996458931 0.0276041666667 0.0944444444444
0 0.433049479616 0.0924645893097 0.0260416666667 0.0657407407407
0 0.391903646283 0.148946070791 0.03125 0.100925925926
0 0.311695312949 0.0660757004208 0.0291666666667 0.0962962962963
0 0.252841146283 0.0688534781986 0.0364583333333 0.118518518519
0 0.135393229616 0.152649774495 0.0401041666667 0.106481481481
