0 0.767447916667 0.450925925926 0.0307291666667 0.0759259259259
0 0.620572916667 0.635185185185 0.0255208333333 0.0611111111111
0 0.870833333333 0.643055555556 0.0239583333333 0.0583333333333
0 0.791145833333 0.0726851851852 0.0270833333333 0.0694444444444
0 0.828125 0.116203703704 0.0354166666667 0.10462962963
0 0.693229166667 0.122685185185 0.028125 0.0824074074074
0 0.645052083333 0.158333333333 0.0244791666667 0.0462962962963
0 0.610416666667 0.397222222222 0.025 0.0796296296296
0 0.772135416667 0.586111111111 0.0255208333333 0.0518518518519
0 0.725520833333 0.552777777778 0.0197916666667 0.0407407407407
0 0.894791666667 0.738888888889 0.028125 0.0759259259259
0 0.971875 0.713425925926 0.0510416666667 0.10462962963
0 0.517708333333 0.614814814815 0.0135416666667 0.0388888888889
0 0.560416666667 0.4875 0.0166666666667 0.0564814814815
0 0.5609375 0.592592592593 0.0135416666667 0.0351851851852
0 0.4859375 0.374074074074 0.00625 0.0222222222222
0 0.493489583333 0.375462962963 0.00885416666667 0.0194444444444
