0 0.95390625 0.641203703704 0.0338541666667 0.0935185185185
0 0.834895833333 0.6875 0.0375 0.110185185185
0 0.90546875 0.670833333333 0.0276041666667 0.0805555555556
0 0.5921875 0.709722222222 0.034375 0.0953703703704
0 0.366666666667 0.725925925926 0.0302083333333 0.0944444444444
0 0.431770833333 0.6625 0.0302083333333 0.0787037037037
0 0.493229166667 0.481944444444 0.040625 0.108333333333
0 0.591666666667 0.374537037037 0.0260416666667 0.0472222222222
0 0.76015625 0.350462962963 0.0421875 0.0898148148148
0 0.93984375 0.180555555556 0.0348958333333 0.0925925925926
0 0.219791666667 0.177777777778 0.0395833333333 0.114814814815
0 0.09375 0.422685185185 0.046875 0.0972222222222
0 0.413802083333 0.0472222222222 0.0317708333333 0.062962962963
0 0.49375 0.116203703704 0.0333333333333 0.0898148148148
0 0.860416666667 0.19537037037 0.0291666666667 0.0796296296296
0 0.849479166667 0.137962962963 0.0270833333333 0.0537037037037
0 0.5625 0.290277777778 0.0197916666667 0.0601851851852
0 0.511979166667 0.425 0.025 0.0666666666667
0 0.19296875 0.813425925926 0.0369791666667 0.0916666666667
