0 0.962694877506 0.743427970557 0.0523385300668 0.128286014721
0 0.870267260579 0.807045215563 0.0345211581292 0.101997896951
0 0.836859688196 0.750262881178 0.0345211581292 0.0851735015773
0 0.698218262806 0.850157728707 0.0367483296214 0.120925341746
0 0.500556792873 0.578338590957 0.0334075723831 0.0967402733964
0 0.432071269488 0.650368033649 0.0334075723831 0.0956887486856
0 0.48079064588 0.682965299685 0.0283964365256 0.0914826498423
0 0.462973273942 0.751314405889 0.0261692650334 0.0452155625657
0 0.603841870824 0.205047318612 0.0261692650334 0.0778128286015
0 0.611915367483 0.0362776025237 0.0256124721604 0.0599369085174
0 0.551224944321 0.35436382755 0.0300668151448 0.0820189274448
0 0.34938752784 0.656151419558 0.0250556792873 0.0883280757098
0 0.251670378619 0.771293375394 0.0267260579065 0.068349106204
0 0.251670378619 0.706624605678 0.0244988864143 0.0546792849632
0 0.384743875278 0.220820189274 0.0334075723831 0.0925341745531
0 0.239420935412 0.191903259727 0.0244988864143 0.0830704521556
0 0.195712694878 0.253943217666 0.0206013363029 0.0473186119874
0 0.241926503341 0.274447949527 0.0228285077951 0.0672975814932
0 0.194320712695 0.603049421661 0.022271714922 0.0410094637224
0 0.543151447661 0.731861198738 0.0172605790646 0.0694006309148
0 0.628897550111 0.738170347003 0.0239420935412 0.0567823343849
0 0.0943763919822 0.411146161935 0.0239420935412 0.0630914826498
0 0.037583518931 0.358044164038 0.0239420935412 0.0662460567823
0 0.0295100222717 0.630389064143 0.0233853006682 0.0599369085174
0 0.114420935412 0.666140904311 0.0228285077951 0.0325972660358
