0 0.198329704611 0.534085281349 0.0414135836554 0.105046343975
0 0.380825563253 0.763230492472 0.0320265046935 0.0792996910402
0 0.0994892849533 0.870336568682 0.0414135836554 0.091658084449
0 0.249406457786 0.714311851895 0.0331308669244 0.0720906282183
0 0.456474376063 0.766835023883 0.023191606847 0.0617919670443
0 0.484635612949 0.703498257662 0.0187741579238 0.048403707518
0 0.306833293788 0.117504436859 0.0342352291552 0.104016477858
0 0.117159080646 0.120594035211 0.0436223081171 0.13903192585
0 0.182316452264 0.0737351268691 0.0369961347322 0.0741503604531
0 0.417269516869 0.455815456426 0.0320265046935 0.10710607621
0 0.388556098868 0.150460152616 0.0165654334622 0.0339855818744
0 0.49291832968 0.191139864253 0.017669795693 0.053553038105
0 0.512796849835 0.27558888588 0.0165654334622 0.0350154479918
0 0.568014961375 0.41050134726 0.0209828823854 0.0576725025747
0 0.534608003893 0.564466331812 0.0226394257316 0.0566426364573
0 0.612189450608 0.742118237065 0.0154610712314 0.0473738414006
0 0.643663774186 0.592787650041 0.0143567090006 0.0350154479918
0 0.665474928244 0.434188267961 0.014908890116 0.043254376931
0 0.682040361707 0.429038937374 0.0104914411927 0.0288362512873
0 0.656640030398 0.348194447158 0.0138045278851 0.0422245108136
0 0.639798506378 0.394023489382 0.0132523467697 0.0350154479918
