0 0.123693379791 0.356975381008 0.047619047619 0.0644783118406
0 0.185830429733 0.415592028136 0.0418118466899 0.0597889800703
0 0.256097560976 0.774325908558 0.0429732868757 0.0597889800703
0 0.200348432056 0.84876905041 0.0290360046458 0.0586166471278
0 0.38443670151 0.647127784291 0.0301974448316 0.0468933177022
0 0.542973286876 0.406799531067 0.0290360046458 0.042203985932
0 0.473286875726 0.460726846424 0.0290360046458 0.0492379835873
0 0.420441347271 0.636576787808 0.0278745644599 0.0375146541618
0 0.502903600465 0.585580304807 0.0278745644599 0.0433763188746
0 0.563879210221 0.619577960141 0.0267131242741 0.031652989449
0 0.475029036005 0.668229777257 0.0301974448316 0.0445486518171
0 0.626016260163 0.575615474795 0.0232288037166 0.0328253223916
0 0.6393728223 0.593200468933 0.0197444831591 0.0234466588511
0 0.591753774681 0.314771395076 0.0243902439024 0.0293083235639
