0 0.334698552576 0.82272043798 0.0485592315902 0.140058765916
0 0.299479769225 0.861407999195 0.0410885805763 0.117531831538
0 0.40967187168 0.726246392926 0.0501600853789 0.141038197845
0 0.50065372867 0.623895756295 0.0410885805763 0.108716944172
0 0.545477634754 0.643484394885 0.0261472785486 0.0871694417238
0 0.923279128884 0.777666569224 0.0346851654216 0.0871694417238
0 0.770664401029 0.722818381173 0.0282817502668 0.0812928501469
0 0.862179875949 0.66160388558 0.0320170757737 0.0842311459354
0 0.626854369012 0.252201339057 0.0405549626467 0.119490695397
0 0.364847965597 0.118998596648 0.0448239060832 0.137120470127
0 0.546011252683 0.0749241598214 0.0453575240128 0.137120470127
0 0.675146791637 0.236530428186 0.0325506937033 0.0822722820764
0 0.797078488542 0.22869497275 0.0352187833511 0.0705190989226
0 0.794944016824 0.110183709283 0.0352187833511 0.0705190989226
0 0.831230036034 0.0803110354335 0.0352187833511 0.0891283055828
0 0.90913825375 0.39813669655 0.0309498399146 0.0646425073457
0 0.634591828991 0.612632289106 0.0346851654216 0.105778648384
0 0.743716695586 0.739468723974 0.0330843116329 0.0656219392752
0 0.966768990143 0.6057762656 0.025613660619 0.0411361410382
