0 0.907766990291 0.177508269019 0.0291262135922 0.0529217199559
0 0.785436893204 0.212789415656 0.0343042071197 0.0749724366042
0 0.744012944984 0.491730981257 0.0304207119741 0.0882028665932
0 0.750485436893 0.108048511577 0.0252427184466 0.0595369349504
0 0.688349514563 0.12348401323 0.0252427184466 0.06394707828
0 0.657281553398 0.180815876516 0.0265372168285 0.0551267916207
0 0.522006472492 0.264608599779 0.0252427184466 0.0793825799338
0 0.566343042071 0.588202866593 0.0233009708738 0.0694597574421
0 0.428802588997 0.6802646086 0.0265372168285 0.0749724366042
0 0.532038834951 0.701764057332 0.0284789644013 0.03197353914
0 0.370550161812 0.635611907387 0.0226537216828 0.0540242557883
0 0.223300970874 0.695700110254 0.031067961165 0.0727673649394
0 0.302588996764 0.497794928335 0.0330097087379 0.0893054024256
0 0.286731391586 0.450937155458 0.0233009708738 0.0485115766262
0 0.222330097087 0.414002205072 0.0226537216828 0.0407938257993
0 0.25857605178 0.331863285557 0.0200647249191 0.0507166482911
0 0.37216828479 0.153252480706 0.0258899676375 0.0485115766262
0 0.467637540453 0.349503858875 0.0265372168285 0.0617420066152
0 0.30355987055 0.204520396913 0.0284789644013 0.0694597574421
0 0.307443365696 0.0700110253583 0.0220064724919 0.0496141124587
0 0.0462783171521 0.390848952591 0.0433656957929 0.0760749724366
0 0.0184466019417 0.153252480706 0.0291262135922 0.0749724366042
