0 0.20871559633 0.899449035813 0.064875491481 0.114784205693
0 0.552424639581 0.711202938476 0.0524246395806 0.120293847567
0 0.649082568807 0.611111111111 0.0321100917431 0.0725436179982
0 0.688073394495 0.568870523416 0.0288335517693 0.068870523416
0 0.393512450852 0.363636363636 0.0543905635649 0.132231404959
0 0.837811271298 0.47842056933 0.0307994757536 0.0624426078972
0 0.862057667104 0.464187327824 0.0268676277851 0.0633608815427
0 0.94003931848 0.432506887052 0.0229357798165 0.0459136822773
0 0.526539973788 0.1854912764 0.0347313237221 0.102846648301
0 0.609436435125 0.187327823691 0.0314547837484 0.0752984389348
0 0.695937090433 0.330119375574 0.0222804718218 0.0523415977961
0 0.811598951507 0.241965105601 0.0203145478375 0.0541781450872
0 0.759501965924 0.0858585858586 0.0249017038008 0.0651974288338
0 0.810615989515 0.113406795225 0.0222804718218 0.0541781450872
0 0.876802096986 0.169421487603 0.0222804718218 0.0505050505051
