0 0.83515625 0.45 0.0390625 0.0944444444444
0 0.663020833333 0.656018518519 0.0302083333333 0.0712962962963
0 0.928385416667 0.752314814815 0.0390625 0.0824074074074
0 0.786979166667 0.612037037037 0.03125 0.0648148148148
0 0.591666666667 0.659259259259 0.021875 0.0555555555556
0 0.565104166667 0.602314814815 0.0177083333333 0.0435185185185
0 0.7328125 0.075462962963 0.0322916666667 0.0935185185185
0 0.91171875 0.0782407407407 0.0411458333333 0.125
0 0.850260416667 0.0361111111111 0.0348958333333 0.0666666666667
0 0.628645833333 0.37962962963 0.0302083333333 0.0962962962963
0 0.655729166667 0.105092592593 0.015625 0.0305555555556
0 0.557291666667 0.141666666667 0.0166666666667 0.0481481481481
0 0.538541666667 0.217592592593 0.015625 0.0314814814815
0 0.486458333333 0.338888888889 0.0197916666667 0.0518518518519
0 0.51796875 0.477314814815 0.0213541666667 0.0509259259259
0 0.444791666667 0.637037037037 0.0145833333333 0.0425925925926
0 0.415104166667 0.502777777778 0.0135416666667 0.0314814814815
0 0.39453125 0.360185185185 0.0140625 0.0388888888889
0 0.37890625 0.355555555556 0.00989583333333 0.0259259259259
0 0.402864583333 0.28287037037 0.0130208333333 0.037962962963
0 0.41875 0.324074074074 0.0125 0.0314814814815
