0 0.694270833333 0.2 0.01875 0.0518518518519
0 0.680729166667 0.165277777778 0.0208333333333 0.062037037037
0 0.654947916667 0.14537037037 0.0213541666667 0.062962962963
0 0.653645833333 0.196759259259 0.0114583333333 0.0398148148148
0 0.498958333333 0.27037037037 0.0260416666667 0.0685185185185
0 0.463802083333 0.341666666667 0.0265625 0.0777777777778
0 0.571875 0.594907407407 0.0260416666667 0.0842592592593
0 0.50546875 0.657407407407 0.0234375 0.062962962963
0 0.478385416667 0.630555555556 0.0223958333333 0.05
0 0.634895833333 0.489351851852 0.0166666666667 0.0546296296296
0 0.607291666667 0.507407407407 0.01875 0.0555555555556
0 0.365885416667 0.670833333333 0.0286458333333 0.0546296296296
0 0.41953125 0.137037037037 0.0234375 0.0388888888889
0 0.26953125 0.27962962963 0.0369791666667 0.0814814814815
0 0.18515625 0.0393518518519 0.0515625 0.0712962962963
0 0.216666666667 0.618518518519 0.0489583333333 0.101851851852
