0 0.690820101341 0.251953831306 0.02252614642 0.0413573700954
0 0.609162820569 0.326715231093 0.0265486725664 0.0551431601273
0 0.52871229764 0.349514806915 0.0265486725664 0.0540827147402
0 0.411254534165 0.190978221549 0.0249396621078 0.050901378579
0 0.346491863207 0.117277267149 0.0321802091714 0.0519618239661
0 0.312702643578 0.136365284116 0.0337892196299 0.0774125132556
0 0.509001919523 0.509111837668 0.0257441673371 0.050901378579
0 0.543997896997 0.578571010521 0.0265486725664 0.0307529162248
0 0.609967325798 0.561603884328 0.0217216411907 0.0413573700954
0 0.613989851944 0.587054573617 0.0185036202735 0.0328738069989
0 0.429758154438 0.568496779344 0.0281576830249 0.0381760339343
0 0.387521629901 0.508581614975 0.0305711987128 0.0668080593849
0 0.208116963771 0.57538967436 0.0386162510056 0.0795334040297
0 0.13530924052 0.256725835547 0.0281576830249 0.0742311770944
