0 0.562282059971 0.803564492948 0.0180127832655 0.0616045845272
0 0.552113553288 0.842962773751 0.0197559558396 0.0573065902579
0 0.617482524817 0.865885409854 0.0180127832655 0.0573065902579
0 0.662805011743 0.754137558851 0.0203370133643 0.0830945558739
0 0.747348881586 0.873048733636 0.0232423009878 0.0601719197708
0 0.785989206978 0.798550166301 0.0249854735619 0.0888252148997
0 0.675297748524 0.497690567447 0.0232423009878 0.100286532951
0 0.598888684026 0.434653318163 0.0226612434631 0.0888252148997
0 0.577680084375 0.407432687791 0.0174317257408 0.0630372492837
0 0.526837550964 0.275627530198 0.0191748983149 0.080229226361
0 0.80109670262 0.269180538794 0.0214991284137 0.0816618911175
0 0.911788161075 0.229065925613 0.0302149912841 0.127507163324
0 0.88651215875 0.201128962862 0.034282393957 0.0687679083095
