0 0.548264404611 0.102485959859 0.0240219629375 0.08310626703
0 0.563707095071 0.221014570214 0.0260809883322 0.0858310626703
0 0.639891034673 0.175374243238 0.0205902539465 0.0599455040872
0 0.569541000356 0.342267976208 0.0267673301304 0.074931880109
0 0.53728293584 0.791859256862 0.0226492793411 0.0640326975477
0 0.694112036732 0.69376661381 0.0219629375429 0.0640326975477
0 0.715388632477 0.685592226889 0.0164722031572 0.0558583106267
0 0.765491583747 0.362022744601 0.0150995195607 0.0354223433243
0 0.755196456773 0.402894679206 0.0123541523679 0.0435967302452
0 0.80632892074 0.371559529342 0.015785861359 0.0517711171662
0 0.706809359999 0.308208030704 0.0171585449554 0.0476839237057
0 0.721565708661 0.347717567489 0.0109814687714 0.0367847411444
0 0.71024106899 0.344992771849 0.0130404941661 0.0367847411444
0 0.849225283129 0.68899822144 0.0150995195607 0.0463215258856
0 0.89486701271 0.705346995282 0.0102951269732 0.0354223433243
0 0.850597966725 0.535047267761 0.0150995195607 0.0463215258856
0 0.912368728565 0.479188957135 0.0137268359643 0.0272479564033
0 0.65636323783 0.476464161494 0.0164722031572 0.0544959128065
0 0.625477856911 0.639951899914 0.0164722031572 0.0381471389646
0 0.869472366176 0.586818384928 0.0102951269732 0.0272479564033
