0 0.474656487876 0.743681131059 0.025 0.0648148148148
0 0.449916904543 0.720070019948 0.0265625 0.0805555555556
0 0.40642732121 0.674236686615 0.03125 0.0740740740741
0 0.338718987876 0.650625575504 0.0239583333333 0.0527777777778
0 0.290281487876 0.653403353282 0.0260416666667 0.0694444444444
0 0.331166904543 0.600162612541 0.0171875 0.0555555555556
0 0.312416904543 0.284884834763 0.0338541666667 0.0935185185185
0 0.436375237876 0.323310760689 0.0265625 0.0814814814815
0 0.25252107121 0.237199649578 0.0213541666667 0.0574074074074
0 0.235593987876 0.369607056985 0.0364583333333 0.0851851851852
0 0.480385654543 0.124699649578 0.021875 0.0694444444444
0 0.437416904543 0.100625575504 0.0296875 0.0638888888889
0 0.413979404543 0.101088538467 0.0234375 0.0537037037037
