0 0.466227330081 0.771936559326 0.0323475046211 0.0549682875264
0 0.441735648011 0.737581379622 0.0351201478743 0.0665961945032
0 0.399221784795 0.67362789125 0.0406654343808 0.061310782241
0 0.319739344869 0.613374191462 0.0314232902033 0.0443974630021
0 0.257354871671 0.586418588925 0.0341959334566 0.0581395348837
0 0.324822524166 0.567391104781 0.0231053604436 0.0475687103594
0 0.394600712706 0.296249455732 0.0443622920518 0.0782241014799
0 0.541550805127 0.403014783428 0.0351201478743 0.0676532769556
0 0.331754132299 0.22119660161 0.0277264325323 0.0486257928118
0 0.270755980728 0.320033810912 0.0480591497227 0.0708245243129
0 0.656615500137 0.266122605838 0.0286506469501 0.0581395348837
0 0.609018457623 0.220139519157 0.0388170055453 0.0528541226216
0 0.578519381837 0.206397447276 0.0314232902033 0.0443974630021
