0 0.421052631579 0.918136020151 0.0476663356504 0.088161209068
0 0.4682224429 0.886020151134 0.0506454816286 0.109571788413
0 0.551142005958 0.823677581864 0.0595829195631 0.100755667506
0 0.680238331678 0.791561712846 0.0456802383317 0.0717884130982
0 0.772591857001 0.795340050378 0.0496524329692 0.0944584382872
0 0.694637537239 0.722921914358 0.0327706057597 0.0755667506297
0 0.730387288977 0.294080604534 0.06454816286 0.127204030227
0 0.494041708044 0.346347607053 0.0506454816286 0.110831234257
0 0.844587884806 0.229219143577 0.0407149950348 0.0780856423174
0 0.876861966236 0.409319899244 0.0695134061569 0.115869017632
0 0.410129096326 0.0761964735516 0.0417080436941 0.0944584382872
0 0.492055610725 0.0434508816121 0.0566037735849 0.0869017632242
0 0.536742800397 0.044080604534 0.0446871896723 0.0730478589421
