0 0.681770833333 0.678703703704 0.025 0.0648148148148
0 0.706510416667 0.655092592593 0.0265625 0.0805555555556
0 0.75 0.609259259259 0.03125 0.0740740740741
0 0.817708333333 0.585648148148 0.0239583333333 0.0527777777778
0 0.866145833333 0.588425925926 0.0260416666667 0.0694444444444
0 0.825260416667 0.535185185185 0.0171875 0.0555555555556
0 0.844010416667 0.219907407407 0.0338541666667 0.0935185185185
0 0.720052083333 0.258333333333 0.0265625 0.0814814814815
0 0.90390625 0.172222222222 0.0213541666667 0.0574074074074
0 0.920833333333 0.30462962963 0.0364583333333 0.0851851851852
0 0.676041666667 0.0597222222222 0.021875 0.0694444444444
0 0.719010416667 0.0356481481481 0.0296875 0.0638888888889
0 0.742447916667 0.0361111111111 0.0234375 0.0537037037037
